Context	Count	Count	Count	Count	Count	Count	Count	Count	Count	Count	Count	Count	Count	Count	Count	Count	Count	Count	Count	Count	Count	Count	Count	One_mer
AAA->C	6818	7696	6370	7968	6665	6819	5229	5106	5033	4537	4550	4035	4484	2957	2048	2388	1991	2869	1548	1974	1391	957	6206	A->C
AAA->G	11900	12613	10036	12604	10617	11336	8888	8391	7649	7668	7283	6913	7128	4898	3516	4050	3520	4901	2673	3493	2359	1601	9713	A->G
AAA->T	5129	5671	4540	6084	4839	5021	3991	3802	3458	3125	3206	2964	3424	2035	1452	1652	1393	2288	1121	1408	1140	690	4726	A->T
AAC->C	3063	3164	2599	3361	2792	2800	2235	2146	1972	1963	1965	1671	1841	1274	877	1042	857	1206	631	884	622	432	2548	A->C
AAC->G	7456	7861	6423	8472	6837	7189	5456	5304	4792	4766	4618	4087	4668	3031	2081	2316	1956	3054	1283	2219	1529	990	6447	A->G
AAC->T	2047	2391	1915	2601	2117	2133	1636	1602	1436	1387	1393	1159	1408	930	606	715	494	895	337	610	451	277	2080	A->T
AAG->C	2267	2599	1922	2656	2195	2208	1720	1746	1568	1489	1393	1248	1403	951	674	870	578	970	378	649	453	316	1875	A->C
AAG->G	9259	9567	7520	9627	8114	8592	6649	6340	5878	5921	5428	5038	5291	3629	2658	3288	2640	3609	1974	2931	1809	1363	7366	A->G
AAG->T	2273	2427	2005	2681	2101	2226	1642	1642	1485	1497	1411	1206	1493	898	612	772	514	913	357	686	482	332	1967	A->T
AAT->C	2848	3276	2617	3513	2755	2940	2175	2188	2055	1939	1840	1634	1934	1178	843	887	657	1247	465	778	614	361	2633	A->C
AAT->G	15190	17704	14287	17955	15390	15186	11648	11456	10942	9752	9874	8717	10272	6536	4454	4932	3644	6596	2284	4248	3033	1801	12864	A->G
AAT->T	4535	5035	4079	5468	4446	4231	3496	3392	2952	2846	2806	2663	3037	1791	1163	1497	1167	1960	890	1206	1033	549	4592	A->T
ACA->A	7410	8003	6455	8177	6700	7092	5542	5224	4891	4594	4691	4120	4563	3007	2053	2526	2106	2915	1611	2053	1533	967	6976	C->A
ACA->G	4750	5743	4268	5346	4514	4752	3821	4003	3757	3198	3231	2818	3008	2156	1641	2014	1252	2025	1056	1445	1030	741	4571	C->G
ACA->T	18860	20867	16614	22385	17991	18843	14099	13451	12450	11954	12066	10911	12175	7848	5313	6152	4682	8192	3278	5436	3886	2397	16844	C->T
ACC->A	5177	5375	4390	5433	4563	4873	3680	3841	3213	3227	3362	2990	2841	2056	1524	1805	1370	2023	1046	1567	1080	774	4218	C->A
ACC->G	2331	2716	2044	2397	2069	2137	1802	2034	1886	1562	1533	1295	1254	1004	893	1183	697	907	558	768	522	444	1956	C->G
ACC->T	9350	9686	7377	9431	7855	8447	6492	6427	5758	6121	5583	5125	5088	3810	2711	3374	2689	3643	1954	2920	1872	1622	7585	C->T
ACG->A	1609	1764	1385	1787	1454	1495	1230	1222	1043	1133	1016	883	989	686	476	633	468	735	359	505	354	251	1246	C->A
ACG->G	1494	1535	1126	1528	1235	1300	1105	1110	1107	998	964	796	812	669	482	690	468	629	417	488	300	320	1153	C->G
ACG->T	24601	26977	19614	24822	21798	22551	18371	17392	15441	17101	15229	14152	14172	9998	7278	8918	7324	10586	5270	8138	4787	4354	18617	C->T
ACT->A	2934	3353	2730	3692	2916	2967	2267	2341	2158	1912	1996	1633	1835	1339	890	1053	680	1269	497	788	650	372	2735	C->A
ACT->G	3790	4557	3494	4486	3899	3788	3149	3406	3255	2560	2618	2214	2376	1666	1356	1683	986	1613	671	1071	804	553	3536	C->G
ACT->T	12085	13216	10785	14098	11242	12052	9018	8769	7924	7619	7844	6689	7808	4970	3379	3878	3034	5152	2056	3490	2433	1456	9977	C->T
AGA->A	14821	14802	11578	14823	12394	13267	10411	9803	8754	9166	8576	7929	8252	5684	4006	4977	4281	5604	3365	4291	2699	2084	12437	C->T
AGA->C	6118	7292	5523	6700	5788	5961	4914	5250	5198	4001	4198	3506	3605	2663	2088	2706	1579	2420	1282	1859	1243	939	5624	C->G
AGA->T	5094	5472	4621	6167	5008	5053	3831	3723	3270	3121	3300	2958	3328	2041	1326	1610	1195	2189	800	1373	1076	585	5333	C->A
AGC->A	9531	9848	7718	10307	8278	9022	6722	6595	6027	6095	6026	5327	5334	3872	2597	3178	2542	3836	1760	3003	1929	1415	7943	C->T
AGC->C	2400	2734	2053	2383	2108	2247	1845	2090	2038	1615	1476	1317	1294	1048	853	1186	723	949	523	726	447	472	1896	C->G
AGC->T	2336	2488	1925	2433	2056	2087	1672	1773	1565	1505	1479	1242	1310	943	723	886	630	943	446	679	461	357	1931	C->A
AGG->A	13067	13276	10271	13182	10692	11799	9288	9086	7678	8432	7885	7046	7227	5063	3605	4765	3711	5090	2849	4148	2602	2238	10895	C->T
AGG->C	3099	3552	2534	3006	2856	2764	2400	2556	2496	2097	1988	1713	1613	1232	1120	1588	914	1255	736	1033	563	625	2572	C->G
AGG->T	2863	3058	2502	3305	2692	2716	2215	2180	1998	1885	1914	1636	1753	1216	885	1106	815	1175	590	962	576	435	2416	C->A
ATA->A	5611	6261	5039	6555	5288	5296	4384	4098	3624	3402	3468	3328	3835	2237	1490	1840	1549	2440	1202	1474	1114	690	5784	A->T
ATA->C	20965	24702	19880	26273	21301	20924	16079	15569	14714	12821	14173	12208	14795	9328	6037	6514	5128	9658	3264	5587	4551	2292	20308	A->G
ATA->G	3378	3785	3089	4258	3477	3323	2567	2418	2284	2125	2255	1996	2378	1357	848	1045	889	1516	504	882	708	388	3590	A->C
ATC->A	3020	3351	2729	3741	3073	2923	2245	2192	1896	1903	2072	1648	1955	1301	786	959	747	1282	472	868	628	371	2891	A->T
ATC->C	6737	7397	5695	7426	6286	6563	5034	4914	4550	4346	4446	3976	4109	2907	1933	2544	1897	2903	1301	2084	1461	1088	5531	A->G
ATC->G	1644	1739	1291	1735	1437	1466	1164	1145	1046	1030	1011	892	937	615	487	539	382	668	317	478	336	256	1281	A->C
ATG->A	3725	3956	3230	4297	3428	3485	2704	2782	2466	2401	2368	2044	2333	1453	1000	1184	856	1540	604	1023	805	516	3163	A->T
ATG->C	19554	21776	16631	20921	17824	18273	14537	14033	12926	12776	12196	10980	12109	7873	5761	6723	5340	8435	3662	6048	3912	2854	14975	A->G
ATG->G	3073	3481	2787	3459	3012	3187	2311	2468	2242	2129	2170	1830	1849	1390	945	1117	796	1322	555	977	661	452	2582	A->C
CAA->C	3678	4156	3263	4085	3360	3484	2778	2763	2561	2435	2286	2097	2235	1510	1170	1293	973	1492	757	1087	778	516	3205	A->C
CAA->G	8421	8957	6779	8450	7229	7813	5979	5654	5445	5312	4968	4644	4921	3331	2390	2795	2318	3351	1845	2550	1487	1278	6401	A->G
CAA->T	1581	1755	1440	1899	1464	1547	1137	1096	1041	974	1088	816	966	656	432	496	425	643	241	442	356	205	1370	A->T
CAC->C	3643	4063	2771	3565	3032	3164	2766	2500	2623	2622	2178	2107	2014	1585	1181	1710	1232	1489	1050	1326	787	764	2979	A->C
CAC->G	9740	10561	7454	9384	8157	9042	7288	6807	6241	6673	5825	5524	5485	3916	3124	3812	3362	3956	2713	3391	1972	1990	7104	A->G
CAC->T	2259	2483	1910	2329	1976	2044	1638	1660	1397	1534	1364	1250	1281	916	688	911	682	936	458	762	462	471	1873	A->T
CAG->C	2501	2688	1950	2406	2113	2238	1819	1875	1739	1631	1620	1328	1405	986	786	981	761	1022	565	785	466	462	1731	A->C
CAG->G	12333	12759	9341	10971	9790	10900	8827	7948	7531	8078	7119	6550	6449	5046	3782	4754	4168	4785	3418	4080	2253	2493	8549	A->G
CAG->T	2190	2374	1668	2405	1945	2011	1590	1634	1467	1427	1393	1203	1241	911	667	759	635	905	527	730	457	378	1705	A->T
CCA->A	3843	4116	3151	4066	3334	3560	2827	2748	2463	2537	2530	2045	2252	1605	1154	1342	1002	1513	808	1118	781	613	3326	C->A
CCA->G	2298	2500	1888	2331	1989	1966	1781	1795	1632	1532	1449	1239	1181	962	755	1012	715	889	574	734	448	466	1878	C->G
CCA->T	9935	10446	7981	10163	8608	9403	7193	7100	6371	6499	6114	5417	5640	4015	2967	3620	2867	3881	2121	3279	1988	1719	7974	C->T
CCC->A	3247	3500	2477	3222	2710	2970	2389	2388	2219	2300	2078	1763	1638	1426	1089	1470	976	1260	783	1138	641	665	2558	C->A
CCC->G	2862	3054	2078	2408	2312	2344	2094	1997	1965	1865	1670	1470	1411	1217	923	1327	938	1075	780	1014	474	616	1946	C->G
CCC->T	9755	9641	7130	8633	7642	8222	6713	6649	5879	6171	5629	5076	4786	3890	2859	3777	3009	3651	2423	3451	1792	1985	7166	C->T
CCG->A	1519	1530	1078	1337	1195	1259	1072	1013	947	1031	898	831	791	593	485	645	488	617	413	514	313	319	1052	C->A
CCG->G	1168	1247	811	989	863	956	899	764	780	793	662	586	595	477	387	555	496	421	460	421	240	361	738	C->G
CCG->T	21205	20666	14590	17585	15870	17068	15025	13238	12586	13930	11884	11137	10066	8198	6355	8282	7725	7808	6341	7386	3936	4736	13906	C->T
CGA->A	14073	14280	10541	13157	11528	12130	10231	9254	8488	9536	8302	7658	7492	5467	4114	5043	4445	5470	3430	4702	2658	2647	10407	C->T
CGA->C	1299	1354	991	1180	1044	1091	954	914	825	823	758	696	669	512	460	577	432	469	389	453	247	300	1050	C->G
CGA->T	926	1029	775	1031	889	830	738	680	643	689	619	539	583	419	308	369	267	456	240	319	227	182	791	C->A
CGC->A	17170	17457	12529	15223	13573	14484	12681	11456	10660	11389	10343	9561	8791	6802	5369	6643	6243	6576	5233	6123	3312	3739	12312	C->T
CGC->C	1300	1372	926	1231	1048	1170	937	900	1004	956	759	719	668	617	491	618	468	496	495	495	303	325	886	C->G
CGC->T	1668	1705	1177	1558	1369	1468	1208	1146	1122	1231	1013	900	883	657	471	695	610	689	459	606	315	425	1069	C->A
CTA->A	1353	1490	1184	1624	1330	1278	1009	1018	900	859	911	710	867	519	353	403	302	578	212	355	290	145	1244	A->T
CTA->C	6717	7268	5639	7295	6059	6461	4759	4561	4452	4169	4174	3675	3991	2823	2012	2249	1697	2725	1184	1928	1304	1002	5464	A->G
CTA->G	1206	1283	1054	1368	1143	1176	882	852	858	765	764	662	746	478	342	401	317	507	195	353	280	169	1032	A->C
CTC->A	2010	2176	1545	1995	1707	1853	1411	1427	1362	1270	1203	1060	1105	899	581	829	591	811	450	590	382	383	1612	A->T
CTC->C	6450	6601	4841	6010	5063	5762	4572	4249	4045	4167	3884	3484	3315	2580	1847	2535	2008	2543	1688	2110	1179	1305	4671	A->G
CTC->G	1844	1930	1524	1743	1590	1698	1284	1205	1241	1284	1121	962	1013	744	601	744	582	705	478	634	366	374	1289	A->C
GAA->C	2414	2772	2166	2786	2322	2355	1932	1814	1762	1672	1631	1476	1590	1085	712	881	633	1013	456	691	494	322	1993	A->C
GAA->G	7525	8030	6178	7931	6724	7239	5607	5153	4588	4836	4544	4198	4476	3008	2112	2661	2073	2974	1556	2365	1436	1129	6253	A->G
GAA->T	1454	1706	1320	1826	1467	1504	1169	1119	1059	929	1006	835	964	641	473	509	376	649	226	397	342	171	1373	A->T
GAC->C	1427	1589	1066	1435	1203	1320	988	1052	957	948	865	752	764	617	478	542	399	539	370	495	264	298	1010	A->C
GAC->G	4721	4888	3867	5027	4081	4402	3386	3343	2953	3137	2868	2538	2595	1929	1423	1773	1424	1981	1075	1557	956	853	3906	A->G
GAC->T	1579	1643	1301	1661	1340	1440	1118	1117	990	1042	965	865	875	656	432	563	389	655	314	462	275	217	1408	A->T
GCA->A	4171	4485	3478	4695	3743	3832	3070	3077	2571	2709	2654	2338	2432	1622	1160	1412	1086	1548	729	1176	877	526	3595	C->A
GCA->G	2155	2435	1727	2166	1887	1921	1684	1759	1595	1367	1360	1204	1230	877	699	977	630	891	461	692	422	382	1631	C->G
GCA->T	7942	8714	6904	8511	7106	7814	5948	5828	5452	5302	5204	4544	4704	3181	2326	2918	2243	3281	1499	2616	1669	1270	6612	C->T
GCC->A	3202	3308	2443	2969	2580	2667	2245	2352	2014	2102	1980	1658	1607	1234	949	1204	945	1201	715	1082	602	583	2382	C->A
GCC->G	2375	2469	1749	2102	1981	1876	1786	1704	1588	1521	1411	1215	1202	1036	777	1115	778	811	602	751	474	479	1593	C->G
GCC->T	8423	8652	6207	8028	6758	7219	5923	5860	5404	5474	5210	4439	4329	3283	2538	3199	2576	3264	2020	2735	1799	1615	6553	C->T
GGA->A	9819	10321	7670	9604	8310	8648	7005	6549	5861	6363	5939	5425	5265	4009	2717	3546	2735	3726	2128	3134	1836	1637	7865	C->T
GGA->C	2721	3218	2379	2785	2536	2628	2280	2302	2146	1894	1810	1508	1615	1298	945	1432	867	1165	635	905	592	566	2192	C->G
GGA->T	2777	3046	2349	3112	2630	2666	2075	2064	1909	1923	1800	1505	1614	1113	850	1066	730	1209	576	898	569	434	2499	C->A
GTA->A	1277	1412	1121	1464	1266	1250	990	1011	886	802	809	716	866	529	321	416	283	556	210	337	290	139	1135	A->T
GTA->C	6402	7148	5730	7614	6106	6318	4734	4758	4256	3932	4070	3744	4184	2689	1905	2086	1663	2864	1096	1900	1350	825	5787	A->G
GTA->G	1483	1539	1343	1662	1388	1458	1147	1118	1074	924	899	827	893	633	471	566	365	606	289	446	317	231	1262	A->C
TAA->C	2552	2940	2461	3229	2615	2666	1991	2016	1923	1682	1809	1602	1777	1137	744	817	529	1139	391	707	536	274	2270	A->C
TAA->G	7441	8465	6875	9046	7420	7597	5727	5574	5173	4611	4784	4197	5252	3070	2217	2297	1809	3272	1199	2068	1524	876	6234	A->G
TAA->T	5083	5506	4419	5903	4822	4921	3788	3553	3335	3303	2967	2908	3533	2147	1412	1514	1378	2222	1096	1350	1136	605	4718	A->T
TCA->A	3682	3992	3223	4381	3539	3551	2801	2612	2465	2370	2390	2032	2355	1486	1046	1263	944	1601	710	998	742	466	3461	C->A
TCA->G	3161	3755	2889	3627	3137	3048	2700	2609	2757	2059	2170	1884	1927	1466	1145	1434	838	1333	680	914	680	501	2779	C->G
TCA->T	9025	9819	7852	10429	8375	9076	6806	6586	5892	5876	5581	5236	5631	3659	2568	3025	2298	3816	1690	2607	1711	1166	7266	C->T
