TSI	IBS	CEU	GBR	FIN	STU	ITU	BEB	GIH	PJL	ESN	GWD	LWK	MSL	YRI	CDX	CHB	CHS	JPT	KHV
AAA->C	1.50688549118243e-09	1.53031751688626e-09	1.55328964382668e-09	1.56420083923842e-09	1.58749662187596e-09	1.5868424412845e-09	1.58651758651534e-09	1.58667586282059e-09	1.56573550121848e-09	1.58481832171293e-09	1.67147705587879e-09	1.66842898148676e-09	1.66770894380309e-09	1.66660614699627e-09	1.66237422460268e-09	1.63246036749263e-09	1.62696631555294e-09	1.64709684093414e-09	1.63576671845341e-09	1.61727171374391e-09
AAA->G	2.67551885738922e-09	2.73077373772799e-09	2.72985761699286e-09	2.73343265393182e-09	2.75734643858401e-09	2.70344880159089e-09	2.72938681150053e-09	2.70900058220232e-09	2.68047283606439e-09	2.73123578361307e-09	2.8645640605468e-09	2.85594471153293e-09	2.86443474057501e-09	2.86550505893235e-09	2.86148903592748e-09	2.80826261130994e-09	2.80947508466296e-09	2.82678850199127e-09	2.77809542533647e-09	2.77893171311645e-09
AAA->T	9.35969507019322e-10	9.15158358942489e-10	9.27179546704416e-10	9.27452820714551e-10	9.43887264207474e-10	9.34750865490107e-10	9.51328445342995e-10	9.29044981448512e-10	9.35007867553873e-10	9.50104482694403e-10	1.02119498857361e-09	1.01729195879412e-09	1.0105812638604e-09	1.01683537737074e-09	1.01036554824368e-09	9.74718360424902e-10	9.91895415283336e-10	9.98581531968359e-10	9.81220082056346e-10	9.77167229507023e-10
AAC->C	1.24289326069159e-09	1.27798815593569e-09	1.28983684014141e-09	1.28016516747913e-09	1.322242953625e-09	1.27729369343515e-09	1.27737787466827e-09	1.29117696444875e-09	1.29236149921188e-09	1.28943510093692e-09	1.49879266450219e-09	1.50248441514639e-09	1.51471694582801e-09	1.4950896364478e-09	1.50651313990476e-09	1.3287559311443e-09	1.4103883703313e-09	1.41056129118068e-09	1.59472841626668e-09	1.35970302503278e-09
AAC->G	5.23914034194303e-09	5.32893478546998e-09	5.31544226478658e-09	5.30571424858182e-09	5.4155617597004e-09	5.47157141925993e-09	5.47452943796017e-09	5.44589547576098e-09	5.40349236647758e-09	5.41126214885378e-09	5.67703764920517e-09	5.66397645363131e-09	5.67738921386165e-09	5.67287173829519e-09	5.65997455563596e-09	5.5989605955964e-09	5.65711525776905e-09	5.68628766884702e-09	5.56851539904303e-09	5.64876624370237e-09
AAC->T	1.52587342272405e-09	1.55013527403423e-09	1.54158388491878e-09	1.53049449478322e-09	1.57103244130209e-09	1.57353568550961e-09	1.55881521184909e-09	1.54127391896484e-09	1.53364202935779e-09	1.56352400748374e-09	1.54364647467101e-09	1.53839969911556e-09	1.5418127796877e-09	1.53513363742401e-09	1.55022144687621e-09	1.70919702569723e-09	1.72039533790993e-09	1.72886848007896e-09	1.69579953183735e-09	1.72642292913721e-09
AAG->C	1.32548474567095e-09	1.33036727534975e-09	1.37802292692583e-09	1.36670382447486e-09	1.35044788227044e-09	1.39778819480287e-09	1.41106727608559e-09	1.39152058234338e-09	1.4355548213735e-09	1.38926310418576e-09	1.42507812456694e-09	1.42427439010094e-09	1.43250552620895e-09	1.42969117643003e-09	1.42865434176104e-09	1.42965688847648e-09	1.41867679859323e-09	1.45676693561519e-09	1.43907317670391e-09	1.44187411789092e-09
AAG->G	3.69673996120756e-09	3.67622730572033e-09	3.673725814849e-09	3.75182692229441e-09	3.70114820073484e-09	3.79889838214551e-09	3.80046370503835e-09	3.814218475286e-09	3.80032777441262e-09	3.75927285698199e-09	4.03203962749861e-09	4.03248581967971e-09	4.02198663176849e-09	4.03257579696995e-09	4.0229769026704e-09	3.91076286068428e-09	3.87513934993855e-09	3.90678405460438e-09	3.90156164977075e-09	3.91416000137832e-09
AAG->T	8.66663102938701e-10	8.75548523763555e-10	9.10379746052588e-10	9.39579894260626e-10	8.9904916508012e-10	9.32036124565037e-10	9.52889888587912e-10	9.20765723156762e-10	9.37625936476271e-10	9.34059053687575e-10	9.94323073841908e-10	9.89935783403488e-10	9.90281525235357e-10	9.8989171026905e-10	9.93795881327087e-10	9.65136099245921e-10	9.54774879661606e-10	9.71568615949312e-10	9.40082919386348e-10	9.76857277353334e-10
AAT->C	1.17689483301062e-09	1.16903906409049e-09	1.20250583043692e-09	1.19294478957546e-09	1.22720232169835e-09	1.17544150072949e-09	1.16185306004599e-09	1.16752697372767e-09	1.1665241749354e-09	1.163201336027e-09	1.28907849403025e-09	1.29221686540626e-09	1.28688903062297e-09	1.29516591010738e-09	1.2851660400351e-09	1.17187864728692e-09	1.19393421178563e-09	1.2037544112479e-09	1.19420978941463e-09	1.16388809983339e-09
AAT->G	7.26146900817868e-09	7.26724313544307e-09	7.2641439403767e-09	7.30244185099692e-09	7.43231129624659e-09	7.56812501134138e-09	7.520886483901e-09	7.50283443413438e-09	7.41541708398497e-09	7.44059618127862e-09	7.67738096402809e-09	7.67861325205654e-09	7.67822199958263e-09	7.67420970281787e-09	7.67941630546613e-09	7.68487555806718e-09	7.71611245250599e-09	7.76271041054506e-09	7.64340813030063e-09	7.69857593915441e-09
AAT->T	1.49273213120601e-09	1.47507567648062e-09	1.50744591271384e-09	1.52226778795932e-09	1.52924470026874e-09	1.53717904947646e-09	1.55311063300244e-09	1.56333826619381e-09	1.51951323529642e-09	1.56501726377516e-09	1.56757585326924e-09	1.57195977612451e-09	1.57006648237764e-09	1.56466293812184e-09	1.56895933667415e-09	1.57495445684629e-09	1.64200688436228e-09	1.66515209605573e-09	1.6263285763596e-09	1.62044338904334e-09
ACA->A	2.84425222547749e-09	2.7915317706798e-09	2.89052175988574e-09	2.88489544080313e-09	2.90191895245354e-09	2.8620719750907e-09	2.83436768125369e-09	2.82289044976295e-09	2.83815095615971e-09	2.80884582747551e-09	2.87347894708016e-09	2.89589256308843e-09	2.91527407066232e-09	2.88491420734833e-09	2.90327600751958e-09	2.86278462575065e-09	2.94573306634217e-09	2.94615543340979e-09	2.96875253443266e-09	2.90604112540328e-09
ACA->G	2.19021204669409e-09	2.15940343622658e-09	2.22185054749636e-09	2.18241060358602e-09	2.24860459290862e-09	2.22899780217954e-09	2.24866414986825e-09	2.19309010412024e-09	2.24553963518821e-09	2.24368631029728e-09	2.37964073450334e-09	2.37258063682803e-09	2.37206602044925e-09	2.37534905385768e-09	2.37839404368248e-09	2.22155798834589e-09	2.22864464794647e-09	2.23148967846622e-09	2.16958717603578e-09	2.22625361720801e-09
ACA->T	8.88801031535017e-09	8.95721429442356e-09	9.07234479746276e-09	9.09116844312659e-09	9.0403298007786e-09	9.14693876413625e-09	9.19629224142536e-09	9.09088771171177e-09	9.11228137870826e-09	9.19148558093181e-09	9.48858793269761e-09	9.48645571041857e-09	9.49794220979106e-09	9.46581943695837e-09	9.5019215245895e-09	8.85251574331257e-09	8.85167091751968e-09	8.85030520768499e-09	8.7159487251325e-09	8.76946074424496e-09
ACC->A	5.84657021855864e-09	5.96244791089134e-09	5.93177768704723e-09	5.96797374134791e-09	5.97507403313312e-09	6.3764180841809e-09	6.33863665050121e-09	6.34640314022567e-09	6.43755303711637e-09	6.31979934542552e-09	5.69129369669331e-09	5.7040767056305e-09	5.67634985384418e-09	5.71438559892972e-09	5.71670552214348e-09	6.64624269497176e-09	6.66404562280737e-09	6.65276203515444e-09	6.54358207105374e-09	6.62670223467682e-09
ACC->G	2.27437830234146e-09	2.31218090907261e-09	2.23804698694995e-09	2.30335622389266e-09	2.30958861019738e-09	2.35549607302297e-09	2.37398522012706e-09	2.40856752766101e-09	2.37219571630555e-09	2.37312910606252e-09	2.47551753862022e-09	2.48576005491599e-09	2.45764867561559e-09	2.47130708784867e-09	2.47889651721503e-09	2.45061040920678e-09	2.42764322696217e-09	2.40107114978007e-09	2.45792892978642e-09	2.44499953059555e-09
ACC->T	1.30598503292605e-08	1.29260709518909e-08	1.26360056629464e-08	1.26062842600461e-08	1.22876960105314e-08	1.07690616532833e-08	1.08400778563575e-08	1.0701311866855e-08	1.08496158856949e-08	1.08827959212286e-08	1.00494692715934e-08	1.00761921129824e-08	1.00990511967437e-08	1.00920378505481e-08	1.0090435153843e-08	9.44797535976195e-09	9.34232891112403e-09	9.40501910608327e-09	9.39432797922237e-09	9.39129256470197e-09
ACG->A	5.49938046272466e-09	5.37627293557431e-09	5.45105085192156e-09	5.58744148205793e-09	5.40929237768937e-09	5.96234174194426e-09	5.97294959398888e-09	5.8897301455623e-09	5.95822613930495e-09	5.97481895154737e-09	6.46783597743138e-09	6.4193133112631e-09	6.46536754377901e-09	6.44615956720954e-09	6.45436543852547e-09	5.73052932245399e-09	5.77635730333287e-09	5.68898890241951e-09	5.87350978851299e-09	5.806516490656e-09
ACG->G	3.91102529279402e-09	3.80505221049134e-09	3.8100376337821e-09	3.74137050780971e-09	3.79882004107432e-09	4.00705129697359e-09	3.95483476123031e-09	4.00738422969415e-09	4.10437214404271e-09	3.87724722321878e-09	4.56711392183993e-09	4.57428410774266e-09	4.54539960394904e-09	4.59195110853753e-09	4.54103742391387e-09	3.77315375446462e-09	3.59995099491787e-09	3.56630921627756e-09	3.74199413945586e-09	3.67340477050418e-09
ACG->T	1.23193305880876e-07	1.23277343253353e-07	1.21628708869461e-07	1.22082724717006e-07	1.21315933780543e-07	1.27835054001512e-07	1.276750892772e-07	1.28641769234606e-07	1.27502733846513e-07	1.28872959386468e-07	1.23123180775336e-07	1.23684168807511e-07	1.23788687984553e-07	1.23179667581963e-07	1.23160870098622e-07	1.2731270449667e-07	1.28230360475823e-07	1.26689506395976e-07	1.27923503765844e-07	1.28162736700578e-07
ACT->A	2.14590213100441e-09	2.09124381438193e-09	2.13797094669849e-09	2.17152817641896e-09	2.24311384414041e-09	2.27026237822878e-09	2.22865526666621e-09	2.24035112004717e-09	2.24736456323843e-09	2.21364423291854e-09	2.22558286818244e-09	2.22381944814212e-09	2.23415511673586e-09	2.23054622113748e-09	2.21589200369285e-09	2.23363527697374e-09	2.2052782284893e-09	2.2377446334787e-09	2.21110901854128e-09	2.24795493323327e-09
ACT->G	2.83741611938034e-09	2.87447487141081e-09	2.92771563578404e-09	2.92836105291887e-09	2.93614662007951e-09	2.92406054510214e-09	2.86157977303803e-09	2.86197085339359e-09	2.90918195853546e-09	2.85101645326592e-09	3.03073493908357e-09	3.03621249713821e-09	3.03420454858563e-09	3.02253531590187e-09	3.02016049822952e-09	2.83765060235754e-09	2.86701217661496e-09	2.9115691187734e-09	2.80726400567981e-09	2.87689738227648e-09
ACT->T	8.73425776309054e-09	8.78671505746633e-09	8.66293321065171e-09	8.84446543060505e-09	8.57787706475151e-09	8.38618026610029e-09	8.37308501558771e-09	8.28644305350779e-09	8.39292349499548e-09	8.37683695526131e-09	8.38298372812261e-09	8.37958685318072e-09	8.38736678397265e-09	8.37642542632361e-09	8.36659223596483e-09	7.8250126302167e-09	7.81628552598466e-09	7.84019799592898e-09	7.83025838639035e-09	7.90072214317941e-09
TCT->T	6.59419187819214e-09	6.57169534210007e-09	6.59445050423284e-09	6.56380102825948e-09	6.55688876077963e-09	5.78950697999294e-09	5.73361964546857e-09	5.78994800039612e-09	5.80870551258536e-09	5.79124862521399e-09	5.4246987173482e-09	5.40565387047002e-09	5.46003603072422e-09	5.40650725653662e-09	5.42837774362092e-09	5.27012252823278e-09	5.37523449041273e-09	5.39991667030963e-09	5.39483787429545e-09	5.33366637439258e-09
TCT->G	3.20926512412138e-09	3.25747803528872e-09	3.23808824490723e-09	3.24653520686541e-09	3.31567486459821e-09	3.2299153775279e-09	3.23670901942585e-09	3.22380846722248e-09	3.25971411700875e-09	3.22189184078807e-09	3.39074225512131e-09	3.3848544293164e-09	3.39367453924581e-09	3.39447013015282e-09	3.38613264186535e-09	3.3328259373885e-09	3.26632940649349e-09	3.30151162824752e-09	3.22645412940666e-09	3.29865539393888e-09
TCT->A	2.68470873606976e-09	2.711010441475e-09	2.7006542054491e-09	2.72354472179174e-09	2.77090881179404e-09	2.78104424157445e-09	2.78025316791279e-09	2.80087121114087e-09	2.77248910671879e-09	2.79559465658527e-09	2.7559231765085e-09	2.76185794719561e-09	2.76130271599756e-09	2.76609657707407e-09	2.76385559543664e-09	2.83920952405274e-09	2.845301186017e-09	2.86569106458237e-09	2.83162934063226e-09	2.83919607052333e-09
GCT->T	8.89841342864144e-09	8.95164201807417e-09	8.91322389900022e-09	8.90632414149907e-09	8.88137655396209e-09	9.01038401986683e-09	8.98874864371719e-09	9.10337213191317e-09	8.98226553769391e-09	8.9502972684193e-09	8.6485489035251e-09	8.59465042078999e-09	8.61558021743786e-09	8.58648079660229e-09	8.63364791749876e-09	8.9866027376537e-09	9.25181188410957e-09	9.12391654352149e-09	9.26657166851654e-09	9.05957065670607e-09
GCT->G	1.98130309559131e-09	2.04322980688357e-09	2.01812459123722e-09	2.03736735532162e-09	2.02338294439535e-09	2.07788873466494e-09	2.07305682910059e-09	2.13336174516813e-09	2.14584836611472e-09	2.08598085619718e-09	2.23234276074312e-09	2.21569683882163e-09	2.18937184870314e-09	2.22061439892253e-09	2.2289438501439e-09	2.08299048179742e-09	2.09806412522261e-09	2.128419858686e-09	2.13690767253777e-09	2.14505764936281e-09
GCT->A	2.0772808539482e-09	2.09527811679112e-09	2.09159224808821e-09	2.08635248306555e-09	2.14287406315885e-09	2.17839982561998e-09	2.19625655520368e-09	2.13137074027296e-09	2.19680763214939e-09	2.16457641091041e-09	2.18002443667689e-09	2.1866965414832e-09	2.18220669941931e-09	2.1969622260089e-09	2.17908157769058e-09	2.16703851737768e-09	2.08914757560415e-09	2.10357449068578e-09	2.10255384462419e-09	2.16160162960957e-09
CCT->T	8.6736588276672e-09	8.6492154545124e-09	8.68424902082275e-09	8.64833061613927e-09	8.63648342183707e-09	8.92177167655018e-09	8.86616901159078e-09	8.86118343179559e-09	8.86809204181853e-09	8.87515548594e-09	8.86903364036979e-09	8.88806808122893e-09	8.87539460081062e-09	8.88926180740344e-09	8.88123519491826e-09	8.94345308868055e-09	8.96680685571355e-09	8.92014849803504e-09	8.99584765805017e-09	8.96247804685278e-09
CCT->G	2.43629015655057e-09	2.40323238394107e-09	2.41671453544539e-09	2.43962158017571e-09	2.42852007460169e-09	2.50043076199424e-09	2.47416894477968e-09	2.50248928640962e-09	2.51620098891435e-09	2.473250363244e-09	2.51125706044475e-09	2.50661366330977e-09	2.48928241251792e-09	2.50546620129822e-09	2.51141639173339e-09	2.62966911226698e-09	2.56706890649472e-09	2.5751363364919e-09	2.52670728737481e-09	2.58307827381994e-09
CCT->A	1.74119042261947e-09	1.76373887835885e-09	1.76164178813951e-09	1.76155589003542e-09	1.79138699422754e-09	1.86213580402667e-09	1.89556083062378e-09	1.88884153701234e-09	1.94470253601542e-09	1.88215001411544e-09	1.88593367919466e-09	1.88936945793019e-09	1.89087110456396e-09	1.89771908530849e-09	1.88976372137561e-09	1.92510930669741e-09	1.85145449214996e-09	1.8524478746353e-09	1.82296786260396e-09	1.89421161371853e-09
TAT->T	1.66635968447009e-09	1.59204878981761e-09	1.70158309332737e-09	1.6477915711928e-09	1.70612820294757e-09	1.71174500548239e-09	1.72608948703317e-09	1.73759552207901e-09	1.68253307225587e-09	1.71295852464339e-09	1.79481501477781e-09	1.79382890919761e-09	1.84454212531488e-09	1.7914039537871e-09	1.82169781199496e-09	1.77329313694758e-09	1.87452564265193e-09	1.85789569512049e-09	1.95267811706753e-09	1.81756662050258e-09
TAT->G	1.04529988413106e-08	1.04745287600835e-08	1.0632910211219e-08	1.06384338005956e-08	1.06167884925879e-08	1.05477314295319e-08	1.05436008074933e-08	1.05625401816344e-08	1.04871276355897e-08	1.06507134513204e-08	1.05364869569413e-08	1.05272416956787e-08	1.0533288094279e-08	1.05277030284519e-08	1.05342862378521e-08	1.05704397082196e-08	1.06916362847548e-08	1.0782401364395e-08	1.05263390989274e-08	1.06409182240047e-08
TAT->C	1.07060587183367e-09	1.06399095117464e-09	1.08610842500863e-09	1.07781425267877e-09	1.09107096505203e-09	1.10412960434045e-09	1.07911853615592e-09	1.09388130909529e-09	1.10989055236718e-09	1.09873445714906e-09	1.22683557972154e-09	1.23667091022613e-09	1.22867360108481e-09	1.22516981562675e-09	1.23175377497089e-09	1.11635676874571e-09	1.10826586229768e-09	1.12118129896444e-09	1.10128076890679e-09	1.08983685175203e-09
GAT->T	3.06002395244221e-09	3.07420008516941e-09	3.11115522769011e-09	3.08714328813828e-09	3.08529563050999e-09	3.39389782944184e-09	3.38892749142694e-09	3.30637906967198e-09	3.3679668785261e-09	3.3320670639074e-09	2.94249596418894e-09	2.92688571141621e-09	2.9280675789522e-09	2.93700149033023e-09	2.94469212275738e-09	3.61225791866524e-09	3.6656499682225e-09	3.67157776873492e-09	3.55466843857263e-09	3.64425364396546e-09
GAT->G	5.16621344002312e-09	5.19610256505396e-09	5.13817783616059e-09	5.11065474675552e-09	5.24238455294678e-09	5.28000965151669e-09	5.28587684802193e-09	5.24509699193391e-09	5.25633515712985e-09	5.27797238557743e-09	5.38949074154226e-09	5.38096680791134e-09	5.37034802507532e-09	5.38987576534922e-09	5.38754196495236e-09	5.3751402268089e-09	5.32531561517207e-09	5.39840874107205e-09	5.39819713917425e-09	5.35126454179914e-09
GAT->C	1.0200079841474e-09	1.02207516882632e-09	1.03450683031168e-09	1.00797667565076e-09	1.03610082114838e-09	1.07980492947871e-09	1.04731171410402e-09	1.03900607646664e-09	1.05375840418543e-09	1.05213589890111e-09	1.16327305912852e-09	1.1644797502545e-09	1.14496375927188e-09	1.16140650221488e-09	1.15628891597746e-09	1.051405143422e-09	1.05271997028289e-09	1.08350178656448e-09	1.07002015489465e-09	1.05663844501414e-09
CAT->T	2.35431009185007e-09	2.35843290222974e-09	2.37601528411584e-09	2.39976398979131e-09	2.41443347227371e-09	2.53135898526092e-09	2.47270139079397e-09	2.48741638046859e-09	2.48668207859182e-09	2.48827929881344e-09	2.4312143311851e-09	2.432223743385e-09	2.44409366900572e-09	2.43066989726166e-09	2.42538472061437e-09	2.57958100937991e-09	2.60631482088223e-09	2.61151138315303e-09	2.57150465930415e-09	2.56646118091584e-09
CAT->G	1.11686114999064e-08	1.10972091097591e-08	1.1214737002401e-08	1.12544762796664e-08	1.11623144059887e-08	1.10769013208196e-08	1.10633044425909e-08	1.10612699924206e-08	1.12072292259729e-08	1.10945508242036e-08	1.12208223256681e-08	1.12181638709362e-08	1.12263129323715e-08	1.12163724393194e-08	1.12024804770571e-08	1.13832701878573e-08	1.13641482839648e-08	1.14335918539725e-08	1.12614786973676e-08	1.14526294815539e-08
CAT->C	1.88315843106564e-09	1.8487349490006e-09	1.86322606402818e-09	1.89708389846406e-09	1.89361713950275e-09	1.95387670719768e-09	1.94132686776939e-09	1.91997899373245e-09	1.91990649026478e-09	1.90852435453832e-09	1.96765773621849e-09	1.96361183688373e-09	1.96742914436969e-09	1.96428281748243e-09	1.96329428429155e-09	2.00999770096846e-09	2.03329752450962e-09	2.04406413183166e-09	1.99747291318737e-09	2.01753408841395e-09
CAA->C	1.77940742282779e-09	1.85511610917421e-09	1.85128567538085e-09	1.86807739130271e-09	1.9143605433648e-09	1.83297884603048e-09	1.81052050913256e-09	1.80344063929465e-09	1.81923010996365e-09	1.81926491651423e-09	1.89374623167631e-09	1.88784445781642e-09	1.89789895382365e-09	1.8908053761571e-09	1.89361271065123e-09	1.93839255439185e-09	1.93464644990616e-09	1.95405960300165e-09	1.90590334403169e-09	1.92414275355612e-09
CAA->G	3.81648987587321e-09	3.79624637378632e-09	3.82542656749773e-09	3.79047612723156e-09	3.82650089473962e-09	3.77403947720596e-09	3.81011613805987e-09	3.7861848959961e-09	3.77725882661366e-09	3.76715829404907e-09	4.10559086096667e-09	4.08678977540159e-09	4.0924256650176e-09	4.09602330845477e-09	4.09374500745671e-09	3.92103173305313e-09	3.8826502853849e-09	3.89414862133776e-09	3.90824664613415e-09	3.95809784776924e-09
CAA->T	8.86663987826934e-10	9.31742527013813e-10	9.32987443038776e-10	9.1336774150158e-10	8.85856604004125e-10	9.316539591963e-10	9.44534018321865e-10	9.39523209971004e-10	9.24786065480101e-10	9.49749255506118e-10	9.50485631194086e-10	9.48215278747311e-10	9.58156283807254e-10	9.46339786138992e-10	9.420427894405e-10	9.71799019800008e-10	9.64527493089055e-10	9.81281718572945e-10	9.84173241175447e-10	9.74660360582661e-10
CAC->C	1.77948922759333e-09	1.73654607133077e-09	1.76866171713217e-09	1.72989883819647e-09	1.79962059287499e-09	1.74153723784929e-09	1.74255434335242e-09	1.76663483097921e-09	1.75026371626246e-09	1.6897173030157e-09	1.75787445170983e-09	1.75538440167886e-09	1.75989364190958e-09	1.76773904137086e-09	1.7679933928221e-09	1.80247022419429e-09	1.86046954561011e-09	1.86241620341834e-09	2.05472172263566e-09	1.83690966971514e-09
CAC->G	5.03682784503617e-09	5.03228882798406e-09	5.0471709867895e-09	5.00887528895534e-09	5.03202735221785e-09	5.0102518144878e-09	4.97203885346314e-09	4.99535979898567e-09	5.08491368862377e-09	4.93083714104381e-09	5.54974022105354e-09	5.55019543505982e-09	5.54030731409585e-09	5.54468486746466e-09	5.54860713694404e-09	5.28718853714175e-09	5.16545668844206e-09	5.14236041997842e-09	5.19423727066103e-09	5.21020223028564e-09
CAC->T	1.37255416928187e-09	1.33997313872899e-09	1.36245907609748e-09	1.40072780420767e-09	1.4070562968802e-09	1.41908444249997e-09	1.43454207242723e-09	1.43590756152912e-09	1.44800762261381e-09	1.42320835978986e-09	1.46931753795116e-09	1.47057264123111e-09	1.46886799769998e-09	1.46635374383712e-09	1.46927594799595e-09	1.60640903557167e-09	1.62677943019513e-09	1.5880818944051e-09	1.59112283664742e-09	1.60990749049619e-09
CAG->C	1.58975692835273e-09	1.6230799736684e-09	1.61764340101351e-09	1.60264196422536e-09	1.60099198497092e-09	1.57851601141127e-09	1.57731337409043e-09	1.57761306971605e-09	1.58866650338739e-09	1.57460772639194e-09	1.58329622563223e-09	1.57126286342543e-09	1.58032263464029e-09	1.5772794877153e-09	1.57770713540716e-09	1.68017325815232e-09	1.64036387729996e-09	1.63759778842633e-09	1.62907489620935e-09	1.66340875770027e-09
CAG->G	5.28353552994212e-09	5.28483345456485e-09	5.28046605129746e-09	5.28924425175002e-09	5.23399103256264e-09	5.19610845437466e-09	5.24376506328915e-09	5.3073317499453e-09	5.27661939034185e-09	5.20468951138115e-09	5.5887535514325e-09	5.58482241750302e-09	5.5788341551414e-09	5.60240729308019e-09	5.58806273429024e-09	5.45587257835906e-09	5.31983193798053e-09	5.25734418154203e-09	5.3328661804558e-09	5.39288279015063e-09
CAG->T	1.15686318740614e-09	1.16356943711859e-09	1.16709320067651e-09	1.14904601312191e-09	1.1467981195345e-09	1.16428577639175e-09	1.17873144454574e-09	1.16312325336661e-09	1.18106923888194e-09	1.18206378173452e-09	1.22110513227485e-09	1.22573780137963e-09	1.22601680123966e-09	1.22842222629567e-09	1.22349189614451e-09	1.21144567804783e-09	1.14556761832151e-09	1.17708946695295e-09	1.19861004961412e-09	1.17901447576615e-09
CCA->A	2.1617774475713e-09	2.15425574901915e-09	2.16198430266358e-09	2.17775183726386e-09	2.19524055567073e-09	2.2968566570768e-09	2.30403799031878e-09	2.2918358622232e-09	2.31314975228024e-09	2.28230188538495e-09	2.28622421588691e-09	2.28565435615009e-09	2.29053256532442e-09	2.28376673381165e-09	2.28580529648811e-09	2.27899881388965e-09	2.29820870119259e-09	2.23682756947586e-09	2.32227085718932e-09	2.26190026794662e-09
CCA->G	1.70126857734448e-09	1.72790304509495e-09	1.72843897769386e-09	1.75605143403479e-09	1.76621691894138e-09	1.71145313433494e-09	1.69696620046122e-09	1.70498867706958e-09	1.71664443812337e-09	1.68092149956891e-09	1.67812726897178e-09	1.67908913258928e-09	1.67374348764942e-09	1.68994986563337e-09	1.68262090155499e-09	1.77115561595107e-09	1.73617945909623e-09	1.75328624260478e-09	1.74384752340088e-09	1.74142840698312e-09
CCA->T	6.55722401131916e-09	6.56023357444928e-09	6.56299573063988e-09	6.58080016509682e-09	6.59467209058789e-09	6.83543829769624e-09	6.87381386300207e-09	6.83039417535855e-09	6.80966857766989e-09	6.78118850528594e-09	7.03569297347542e-09	7.02331739806988e-09	7.03428112995376e-09	7.03166156680184e-09	7.0350118382102e-09	6.79642494651684e-09	6.71129036150355e-09	6.73105198836876e-09	6.66100526421367e-09	6.68297609443917e-09
CCC->A	2.90657202062979e-09	2.9872113525096e-09	2.89499167203254e-09	2.91430447207447e-09	2.92570398775552e-09	3.16309377976678e-09	3.12097087950242e-09	3.13738855423876e-09	3.25888743485297e-09	3.11710055460034e-09	2.93444790469402e-09	2.91176574539176e-09	2.91067857835107e-09	2.91962314333157e-09	2.93020182196148e-09	3.20058224283405e-09	3.11613850346074e-09	3.10312558014446e-09	3.13383553063189e-09	3.13961959731923e-09
CCC->G	2.94785227250787e-09	2.97768393651778e-09	2.95252664951841e-09	2.96583143621931e-09	2.94670186326573e-09	3.12571729377338e-09	3.13821625557221e-09	3.13192176811881e-09	3.14695062990876e-09	3.07895860609775e-09	2.89593347007008e-09	2.89171899024245e-09	2.88196015558012e-09	2.89670216610723e-09	2.91678624713085e-09	3.19442826319714e-09	3.1954619537374e-09	3.21466958819347e-09	3.23445073524474e-09	3.16591857353802e-09
CCC->T	1.02006450980155e-08	1.01994652583111e-08	9.93180007698028e-09	9.94091533259098e-09	9.85500290612387e-09	9.40235927885058e-09	9.46019424710608e-09	9.46956691697574e-09	9.4235525653258e-09	9.41704633819366e-09	9.16571070651154e-09	9.18029449641845e-09	9.17170354558924e-09	9.14027449100773e-09	9.19247201342282e-09	8.74890771715254e-09	8.68249024880041e-09	8.63245301776689e-09	8.68243597197227e-09	8.70591745482657e-09
CCG->A	4.35397406537809e-09	4.36453280780057e-09	4.19375771195147e-09	4.24550748484728e-09	4.32300898705655e-09	4.57540137946837e-09	4.70075677143772e-09	4.84493306899816e-09	4.85146321669972e-09	4.67644778079462e-09	5.31445782938145e-09	5.35203447071447e-09	5.26046485718739e-09	5.31697653677995e-09	5.24222224144694e-09	4.62562801429571e-09	4.53605273052966e-09	4.54133752068487e-09	4.7720554601503e-09	4.66045025248247e-09
CCG->G	4.27001313298788e-09	4.38043274516961e-09	4.34217563460674e-09	4.44689167338311e-09	4.11421382192978e-09	4.7969818687368e-09	4.71994353377011e-09	4.6907491524817e-09	4.66380707407424e-09	4.67372575065446e-09	4.78829056542008e-09	4.79403644556315e-09	4.66900900865009e-09	4.8158336791618e-09	4.78717954014877e-09	4.69238392069565e-09	4.56261041630559e-09	4.5802855268657e-09	4.70977257347338e-09	4.75122140375508e-09
CCG->T	1.05758789694565e-07	1.04649412778657e-07	1.03569070899056e-07	1.02525101371733e-07	1.01901531271188e-07	1.09439546545378e-07	1.08433987321552e-07	1.09793773936311e-07	1.08630829386899e-07	1.08930202148917e-07	1.05439539650197e-07	1.05730415119819e-07	1.05468717328486e-07	1.05415703990354e-07	1.05499315351332e-07	1.09084714049699e-07	1.08227881074089e-07	1.05790574388373e-07	1.08713295768682e-07	1.08087693473963e-07
TCG->T	8.85868355689995e-08	8.71250859597929e-08	8.73727655659107e-08	8.56253460182648e-08	8.68638517670761e-08	9.09294350565959e-08	9.12739522526652e-08	9.24422076844893e-08	9.07462541486916e-08	9.11115014486279e-08	8.6158189997878e-08	8.62980848138209e-08	8.62118898988702e-08	8.59375041596553e-08	8.60740546492568e-08	8.99582212509012e-08	9.04843066720886e-08	8.90798733630974e-08	9.04789871645976e-08	8.97065271951004e-08
TCG->G	4.87204657557107e-09	4.71155972131013e-09	4.63304034511626e-09	4.71583114051137e-09	4.58467768995663e-09	4.75501061423926e-09	4.70583587156081e-09	4.90262490424898e-09	5.04427325210642e-09	4.859946393818e-09	5.20044535786947e-09	5.24183586637994e-09	5.19520389463179e-09	5.25325089979273e-09	5.19142222547039e-09	4.94696810256499e-09	4.71726355465575e-09	4.71036756369969e-09	4.64867403117465e-09	4.78514167290501e-09
TCG->A	4.35364613956398e-09	4.4333359623557e-09	4.22693973051135e-09	4.42344960979966e-09	4.46488801159672e-09	4.93893593947719e-09	4.90672828011282e-09	4.81076447925611e-09	4.85111526819023e-09	5.02236105479393e-09	4.91371531397752e-09	4.97141615936723e-09	4.96622820877633e-09	4.98126868448847e-09	4.95403241895284e-09	4.79377167100169e-09	4.61974906256984e-09	4.79081027351619e-09	4.75757415489177e-09	4.68098746982561e-09
GCG->T	1.03033124481609e-07	1.02178734159955e-07	1.01614395619257e-07	1.01267401376803e-07	9.98444823852977e-08	1.04915482495759e-07	1.05320359741872e-07	1.07111385926711e-07	1.05671931732611e-07	1.06534924425694e-07	1.01734226626349e-07	1.01873055822866e-07	1.01513186050302e-07	1.01479319422485e-07	1.01609036264807e-07	1.06075755723648e-07	1.052875242224e-07	1.03734845589761e-07	1.06457796399606e-07	1.05751776380398e-07
GCG->G	3.30328014002323e-09	3.03584684711834e-09	3.0634576123572e-09	3.10980922624641e-09	2.95864503595241e-09	3.20611357148811e-09	3.36378400098843e-09	3.31293944073481e-09	3.34036362736286e-09	3.20179042300848e-09	3.97567885387457e-09	3.94856805514984e-09	3.90621276480083e-09	3.98673173825782e-09	3.95069808120588e-09	3.17011020134029e-09	3.14263086242204e-09	3.17352670963749e-09	3.3522583072475e-09	3.09641152335008e-09
GCG->A	7.79404472410617e-09	7.74422042945466e-09	7.60706311941114e-09	7.32888062197946e-09	7.76854055753857e-09	7.8680360783833e-09	7.94305297712395e-09	7.54497494994352e-09	8.00451303499513e-09	7.79594261313687e-09	8.346476781457e-09	8.31345959552142e-09	8.28216411095169e-09	8.4032646766545e-09	8.33531375500169e-09	7.76955654309875e-09	7.78771472679883e-09	7.7027644437392e-09	7.98389778285014e-09	7.79757729127943e-09
TAG->T	1.01616338678314e-09	1.00820942962526e-09	1.01542075768425e-09	1.02745126286132e-09	1.02989519327863e-09	1.03873637473746e-09	1.03562986442528e-09	1.02160482138114e-09	1.0336522984022e-09	1.02617307686525e-09	1.07192230178351e-09	1.08152285546233e-09	1.07851241621768e-09	1.09113617396478e-09	1.0840222775977e-09	1.02880630182524e-09	1.02929854062501e-09	1.02480994746757e-09	1.07898604751603e-09	1.04654394633313e-09
TAG->G	5.2847432381575e-09	5.19000285045125e-09	5.21442987268546e-09	5.26203353221136e-09	5.27708088642368e-09	5.1650552806827e-09	5.15027178057697e-09	5.1810693660377e-09	5.11272482382448e-09	5.14597699889584e-09	5.19126817187477e-09	5.20768335901107e-09	5.1724359178497e-09	5.18718641113327e-09	5.17423512618871e-09	5.11025269058598e-09	5.10364365913307e-09	5.12134694187202e-09	5.01828846992077e-09	5.07299354897077e-09
TAG->C	1.01338887924243e-09	1.04613796493948e-09	1.04843183563238e-09	1.08520528943438e-09	1.04059754141022e-09	1.06940772438522e-09	1.0514410073936e-09	1.05195461214725e-09	1.02790712583118e-09	1.03750678779244e-09	1.07747529380402e-09	1.08927879625848e-09	1.0887061135979e-09	1.09631243271854e-09	1.08600059234781e-09	1.10649758446777e-09	1.09426322022579e-09	1.08742470909306e-09	1.10059664074239e-09	1.12393240668106e-09
GAG->T	1.11443043511902e-09	1.10192167712809e-09	1.16035342229009e-09	1.10004987142182e-09	1.13675034780786e-09	1.11434177376383e-09	1.09525083131502e-09	1.1110017757499e-09	1.11198285819276e-09	1.1009705899452e-09	1.09947377350975e-09	1.09990173690589e-09	1.09875406486387e-09	1.09482605166182e-09	1.09288483968463e-09	1.19473470678353e-09	1.13521491597356e-09	1.18000481415043e-09	1.13757604599598e-09	1.17896771732147e-09
GAG->G	3.12516632203025e-09	3.04432007801972e-09	3.00205878600665e-09	2.99568676832098e-09	2.96409295893713e-09	3.08679852211029e-09	3.04531537997535e-09	3.02713085462086e-09	3.07419315950543e-09	3.02700951997599e-09	3.22517490648072e-09	3.22114080093867e-09	3.23155736213053e-09	3.24392904196096e-09	3.21466793504483e-09	3.05154193483105e-09	3.08460729354916e-09	3.03558215901039e-09	3.08911444692483e-09	3.10381297009123e-09
GAG->C	1.13989680373078e-09	1.15476107822914e-09	1.17405423472403e-09	1.15183700970396e-09	1.18208894549499e-09	1.19202582243278e-09	1.18458451040044e-09	1.18285148408554e-09	1.18687929812602e-09	1.20462239146349e-09	1.2482992899523e-09	1.24885313248882e-09	1.24620125722178e-09	1.24217999823769e-09	1.24499395772261e-09	1.21399219722169e-09	1.18964050961272e-09	1.18144296748882e-09	1.1848039323821e-09	1.19189578245202e-09
GAA->C	1.12612723411494e-09	1.1016196221345e-09	1.12914622931414e-09	1.1171544415787e-09	1.15247088403988e-09	1.1436413934038e-09	1.148934524971e-09	1.1356717943602e-09	1.14502074622164e-09	1.17282727891985e-09	1.20415945496947e-09	1.20644823245949e-09	1.20916394920938e-09	1.21051225586342e-09	1.19813708419667e-09	1.14653411067093e-09	1.15539282008631e-09	1.15693805998989e-09	1.13194329904378e-09	1.14882172263186e-09
GAA->G	2.8781822160271e-09	2.94244849275435e-09	2.8876526520165e-09	2.98372750980114e-09	2.9490801289777e-09	3.00989136132948e-09	2.98885753520791e-09	2.97702978344392e-09	2.93747143455443e-09	2.95808654990365e-09	3.16141879378753e-09	3.1677070181396e-09	3.16443046176881e-09	3.17540714949384e-09	3.17040118941922e-09	3.06801704532169e-09	3.06362349954243e-09	3.08722415550996e-09	3.09455986673972e-09	3.11906857891265e-09
GAA->T	9.29394163094859e-10	9.50990000332434e-10	9.51788910794348e-10	9.17247487821383e-10	9.40442006910982e-10	9.85254126515984e-10	9.94296348056367e-10	9.92455061875909e-10	9.68647594200043e-10	9.8346293748228e-10	9.36801373734751e-10	9.22567042592316e-10	9.29634137677778e-10	9.2725938806225e-10	9.23755952488145e-10	1.01816256370229e-09	9.93770007500134e-10	1.04738286923685e-09	1.01485728500517e-09	1.02032736243963e-09
GAC->C	9.54581356260041e-10	9.96748872681763e-10	9.64522727647099e-10	9.80253993957098e-10	9.94699501561462e-10	9.71489595199282e-10	9.6258931540099e-10	9.66416106348888e-10	9.49468521263533e-10	9.50523436421683e-10	1.09884323428913e-09	1.08975417199481e-09	1.09827345413601e-09	1.08809972622695e-09	1.09528609559102e-09	9.52898282251259e-10	1.02363547982196e-09	1.02560165459226e-09	1.12063901549546e-09	9.58339554087542e-10
GAC->G	4.25204803101267e-09	4.29263918801423e-09	4.31565676496011e-09	4.18469826167722e-09	4.31462529123564e-09	4.56940679476977e-09	4.61091440830578e-09	4.58158199178173e-09	4.58853470418462e-09	4.58064309613591e-09	4.77036298845253e-09	4.76258929836946e-09	4.76542901425693e-09	4.79416035804518e-09	4.75107104473315e-09	4.66504670131442e-09	4.54327665948932e-09	4.59772198658193e-09	4.59004444454395e-09	4.58783627483658e-09
GAC->T	1.96594806499504e-09	1.92146706511113e-09	1.97564075614671e-09	1.98063640668128e-09	2.02193590270671e-09	2.15136168823988e-09	2.18711568673172e-09	2.17461775996613e-09	2.11248298752299e-09	2.18300438589131e-09	1.96914467713932e-09	1.97907358805903e-09	1.96212369046298e-09	1.97554639426009e-09	1.9840674799458e-09	2.39416544825817e-09	2.37569276225515e-09	2.35068153566497e-09	2.33496722930519e-09	2.38155952805055e-09
GCA->A	3.4626136129366e-09	3.43425834604407e-09	3.48659782901811e-09	3.48610090900444e-09	3.49377039822039e-09	3.6005560719868e-09	3.60863207174793e-09	3.56727263558224e-09	3.59720855646793e-09	3.61945037948031e-09	3.66970576421316e-09	3.6680333145701e-09	3.65328238724457e-09	3.68942583922702e-09	3.6724564664819e-09	3.58323598586831e-09	3.52409021525115e-09	3.54059363499278e-09	3.55534234258278e-09	3.58223425389522e-09
GCA->G	1.48241740283021e-09	1.50512214980027e-09	1.49967113354049e-09	1.49479781401251e-09	1.52618990557216e-09	1.56094784694253e-09	1.55464770547757e-09	1.54713600218602e-09	1.57915416294538e-09	1.5550036908822e-09	1.6854178517858e-09	1.68554505330024e-09	1.66960125480679e-09	1.68152250928225e-09	1.68369990402545e-09	1.56305767284791e-09	1.56280175041949e-09	1.57299465098466e-09	1.57612871472311e-09	1.60821402884805e-09
GCA->T	7.2630745195858e-09	7.34872537119285e-09	7.29171529137278e-09	7.29968402461232e-09	7.25969354184001e-09	7.11363544512747e-09	7.16794694242991e-09	7.17551007910414e-09	7.15052708987815e-09	7.16368685715193e-09	7.04252611654241e-09	7.03495610830865e-09	7.04885364155348e-09	7.03533963712579e-09	7.03305203679828e-09	7.12044711744751e-09	7.15014865828015e-09	7.16419600388795e-09	7.09877319246059e-09	7.06405928992714e-09
GCC->A	3.86202488324104e-09	3.91092955175481e-09	3.88543725404883e-09	3.95979826136617e-09	3.95886252992543e-09	4.07351093418133e-09	4.12922298311002e-09	4.11195557508703e-09	4.21609150754198e-09	4.08512886013726e-09	3.82360731347939e-09	3.80703087442557e-09	3.78181726832563e-09	3.83178808497562e-09	3.81233830150389e-09	4.26551934520296e-09	4.13948663344403e-09	4.16435124955243e-09	4.15154042851284e-09	4.16423432641632e-09
GCC->G	2.12506127029628e-09	2.1463417313778e-09	2.16467638699531e-09	2.20224074428921e-09	2.21023451522517e-09	2.23035047093936e-09	2.19312453627713e-09	2.18338791347689e-09	2.23345357481686e-09	2.22881309548549e-09	2.32930005140591e-09	2.32682851496159e-09	2.32216649387552e-09	2.33870025822376e-09	2.34586495262504e-09	2.20470197576274e-09	2.20028246283816e-09	2.20311412161493e-09	2.27686809425947e-09	2.21654213215871e-09
GCC->T	1.04547411390148e-08	1.02336263009051e-08	1.02359389589405e-08	1.02192440691728e-08	1.01494751323039e-08	9.87115905445803e-09	9.85695053018673e-09	9.91843527110085e-09	9.87792760056511e-09	9.97215745918704e-09	9.56312670282825e-09	9.52263897081735e-09	9.54822037477816e-09	9.53357985290726e-09	9.5537873774258e-09	9.65402651425386e-09	9.89251373963604e-09	9.69380916032412e-09	9.84890620209472e-09	9.64706268226006e-09
TCC->T	1.26321858953859e-08	1.25130838066423e-08	1.21020736477546e-08	1.21104643166944e-08	1.15455085071959e-08	8.55167971747178e-09	8.56616627421229e-09	8.62761222005431e-09	8.76472093160729e-09	8.81889037344345e-09	7.23085634870729e-09	7.22987165503655e-09	7.24203944375797e-09	7.23442858267385e-09	7.23003534539373e-09	7.24297440938143e-09	7.31980131819077e-09	7.28515548957849e-09	7.30189069866582e-09	7.31896770378693e-09
TCC->G	2.3237124702805e-09	2.31383458907871e-09	2.33118864138991e-09	2.29858845927377e-09	2.36765193891784e-09	2.41098703276316e-09	2.37059066676562e-09	2.38956151712518e-09	2.43195219951162e-09	2.37837105558814e-09	2.39542240661544e-09	2.38239717636143e-09	2.37490701689109e-09	2.38540662961705e-09	2.3914280870519e-09	2.45913761074802e-09	2.40538509715516e-09	2.39421732144664e-09	2.40843974392038e-09	2.41980231087387e-09
TCC->A	2.6135763967127e-09	2.58173343655069e-09	2.64308008912304e-09	2.59655362992037e-09	2.64473274645064e-09	2.70077253024379e-09	2.68306943650785e-09	2.70155306555221e-09	2.69540333200854e-09	2.69461554915028e-09	2.51182616267779e-09	2.49738717117277e-09	2.49813293189707e-09	2.5260661680299e-09	2.51719405631983e-09	2.80233134861472e-09	2.73505918985442e-09	2.74421034678591e-09	2.7303070146883e-09	2.78495265958681e-09
TAC->T	1.10858204319407e-09	1.18213173474692e-09	1.15070542203748e-09	1.14693305892959e-09	1.17114242593766e-09	1.19545355813882e-09	1.16279439353058e-09	1.20545049768789e-09	1.17030801652684e-09	1.1787538269239e-09	1.19360326966694e-09	1.20460264998313e-09	1.20827268232309e-09	1.20371345877557e-09	1.19941966214132e-09	1.29315312402342e-09	1.30823267109527e-09	1.28784609241327e-09	1.29615430830534e-09	1.28787206818208e-09
TAC->G	6.18002633274856e-09	6.19886761643243e-09	6.33949238768082e-09	6.31672768215611e-09	6.29240930546164e-09	6.3641702776958e-09	6.42928798197807e-09	6.38871045246931e-09	6.39079426967639e-09	6.42838333579107e-09	6.44440622046583e-09	6.44122156245886e-09	6.43278501984314e-09	6.47057892185549e-09	6.43818708176009e-09	6.6120348680786e-09	6.6009410715434e-09	6.65283706293651e-09	6.61960301939897e-09	6.55921044914073e-09
TAC->C	8.91962563489483e-10	9.13717362289313e-10	9.04342271733017e-10	9.0706768686223e-10	9.25382110567365e-10	9.6819530121062e-10	9.78868410987744e-10	9.62706668903113e-10	9.4658074422697e-10	9.68920463989427e-10	1.0583707372869e-09	1.07036701654064e-09	1.06539551418583e-09	1.06768074093278e-09	1.06573017684899e-09	9.92303875375295e-10	1.0860500096072e-09	1.06234372442444e-09	1.23825862817137e-09	1.02182549172248e-09
TAA->C	1.19058296453291e-09	1.19633842372497e-09	1.23013702243838e-09	1.18984973574052e-09	1.2288385700695e-09	1.24835335711914e-09	1.2418805063672e-09	1.23808400474089e-09	1.24599065458225e-09	1.22987185560274e-09	1.33024688354972e-09	1.33293341218295e-09	1.32947247161412e-09	1.34347059333022e-09	1.33219545906266e-09	1.26411682286602e-09	1.24726588444176e-09	1.30483816065717e-09	1.29787445477288e-09	1.26917803520365e-09
TAA->G	4.15410386698799e-09	4.20890158872012e-09	4.195465683354e-09	4.16600008244801e-09	4.22768796044396e-09	4.15642651215489e-09	4.17954744480515e-09	4.08007815688365e-09	4.140518286597e-09	4.11208622300611e-09	4.04638107112546e-09	4.05389755000653e-09	4.04628192793809e-09	4.04395199408574e-09	4.05770630203732e-09	4.16562492726413e-09	4.19173748107622e-09	4.21255857946594e-09	4.16326661467995e-09	4.20839957218188e-09
TAA->T	1.56977112637559e-09	1.58598125189624e-09	1.62497588293879e-09	1.6249798333107e-09	1.61999283837922e-09	1.61920833079856e-09	1.61004299206958e-09	1.57622940745848e-09	1.55280414283465e-09	1.58390399811717e-09	1.79705452257774e-09	1.80960421862184e-09	1.81202957980881e-09	1.79287674686699e-09	1.80755985101048e-09	1.66188280727857e-09	1.66170638952733e-09	1.70810669922633e-09	1.67826965860813e-09	1.66701706379772e-09
TCA->A	1.9619678784776e-09	1.93281843461534e-09	1.97445383600217e-09	1.97766350793269e-09	1.99325184502507e-09	2.02410075418263e-09	2.05499468380885e-09	2.03063558710938e-09	2.08404184418141e-09	2.07280969754463e-09	2.03446294984202e-09	2.04856843075459e-09	2.03797718933544e-09	2.04699596938024e-09	2.03154749959812e-09	2.02841600362267e-09	2.01412477731697e-09	2.03980655717786e-09	2.03150761145398e-09	2.07101728444226e-09
TCA->G	1.95738062601448e-09	1.96884784856876e-09	1.99017261930515e-09	1.97954969153586e-09	1.96385124419706e-09	1.99975961737391e-09	2.00904073198827e-09	1.97008053023127e-09	2.01375055135123e-09	2.00035348994626e-09	2.04064809862705e-09	2.04856843075459e-09	2.04013956683005e-09	2.06290789221438e-09	2.04188965136864e-09	2.00065134152148e-09	2.00071759271758e-09	2.01299443651976e-09	1.9614086888477e-09	1.99484193604899e-09
TCA->T	6.18957974849153e-09	6.26227699992996e-09	6.14560763859588e-09	6.18432448892159e-09	6.15452577333063e-09	5.83997963456247e-09	5.93466394559527e-09	5.90479843951375e-09	5.80631408972937e-09	5.99887429116126e-09	5.71939419578889e-09	5.70046619994118e-09	5.70390663542468e-09	5.70293457434025e-09	5.72899136179909e-09	5.56952739068956e-09	5.60146078387561e-09	5.59837079341118e-09	5.58375350022586e-09	5.60841002545514e-09
