Context	X1mer	1	2	3	4	5	6	7	8	9	10	11	12	13	14	15	16	17	18	19	20	21	22	23	24	25	26	27	28	29	30	31	32	33	34	35	36	37	38	39	40	41	42	43	44	45	46	47	48	49	50	51	52	53	54	55	56	57	58	59	60	61	62	63	64	65	66	67
AAA->C	A->C	7552	568	5518	3398	4569	2957	2450	2126	1775	1579	1455	1360	1115	1216	1021	984	847	839	802	729	655	660	667	606	650	534	521	521	486	459	464	790	765	758	682	683	560	579	535	538	469	446	667	574	564	498	494	578	540	496	429	530	500	466	431	483	459	435	487	452	481	493	463	450	450	435	174
AAA->G	A->G	13237	894	9357	5712	7927	5175	4323	3658	2996	2838	2569	2328	1971	1968	1832	1712	1379	1467	1389	1279	1088	1171	1147	1092	1023	845	955	880	830	824	715	1386	1321	1263	1153	1126	1021	1043	851	869	839	762	1062	986	926	856	794	1001	907	865	744	875	758	858	702	801	836	783	807	798	755	808	783	729	740	833	373
AAA->T	A->T	4346	336	3137	2047	2678	1832	1529	1293	972	984	893	831	698	716	694	572	509	503	520	455	395	405	392	384	375	312	318	342	321	296	264	504	463	460	433	360	350	394	339	309	312	276	393	337	328	315	301	320	317	321	261	319	291	331	288	274	294	301	290	288	286	296	296	292	273	268	111
AAC->C	A->C	2520	196	1711	1111	1448	974	877	648	545	524	480	442	340	363	379	307	268	278	261	237	199	231	224	193	199	157	176	177	143	155	134	262	239	252	217	230	182	195	193	183	163	152	230	185	182	151	163	193	159	187	171	181	164	152	144	148	159	179	145	161	155	179	165	168	197	423	204
AAC->G	A->G	9977	760	7085	4050	5898	3865	3096	2705	2097	2079	1961	1779	1374	1400	1343	1249	1100	1069	1092	974	811	878	799	831	800	635	743	649	675	586	570	1094	925	973	824	890	759	731	624	642	586	580	762	757	746	591	559	726	690	628	595	628	618	618	570	575	616	573	611	620	593	590	608	588	582	803	313
AAC->T	A->T	2426	201	1795	1075	1629	1041	876	688	588	568	532	473	381	389	355	356	273	294	295	256	221	239	212	203	188	183	198	181	173	157	159	310	300	266	218	222	215	187	169	159	152	176	223	201	182	167	157	199	220	147	175	168	153	170	162	138	174	177	164	190	158	184	153	161	182	274	112
AAG->C	A->C	3640	263	2551	1512	2096	1361	1105	929	795	741	659	662	510	515	463	467	355	412	374	321	314	300	281	278	242	208	248	246	227	203	176	374	314	337	271	256	266	258	216	235	199	191	258	257	217	230	190	226	220	193	225	214	196	208	180	226	217	217	194	188	221	188	202	183	194	101	40
AAG->G	A->G	9562	702	6761	3963	5480	3564	3068	2564	2087	1990	1827	1655	1379	1394	1298	1214	1035	990	1004	910	803	869	817	732	752	652	661	651	618	568	559	976	920	916	749	752	678	744	639	655	579	551	767	676	664	592	603	681	644	624	577	680	580	562	584	563	601	606	542	596	572	602	566	642	623	961	416
AAG->T	A->T	2276	179	1589	951	1363	897	770	647	476	493	479	373	352	342	311	291	233	251	243	216	174	185	230	193	198	156	143	134	135	104	150	233	231	232	219	192	172	157	148	143	139	143	176	189	192	131	149	151	165	171	143	177	158	154	141	137	161	133	138	144	144	151	170	148	159	303	130
AAT->C	A->C	3921	308	2793	1638	2304	1573	1247	1076	899	870	816	685	555	554	527	523	421	417	411	396	381	330	292	323	266	262	244	249	273	253	236	424	396	410	345	361	324	323	245	244	238	229	337	300	276	272	255	273	257	255	216	274	198	252	222	252	238	223	241	232	242	235	253	219	228	249	100
AAT->G	A->G	24871	1684	17202	10306	14359	9183	7682	6521	5240	5003	4692	4237	3372	3610	3280	3010	2528	2682	2426	2342	2049	2107	2048	1880	1783	1591	1591	1648	1550	1507	1397	2418	2346	2278	2009	1953	1796	1732	1669	1555	1425	1381	1824	1769	1645	1557	1464	1694	1598	1434	1306	1560	1444	1485	1347	1368	1392	1355	1462	1320	1386	1350	1360	1334	1347	958	367
AAT->T	A->T	4634	405	3329	2027	2763	1900	1546	1346	1044	989	974	887	715	699	690	627	519	550	508	473	433	425	401	380	380	307	359	350	304	303	280	501	449	455	404	407	382	373	331	338	294	284	394	358	331	316	295	369	327	284	276	304	266	308	281	282	280	299	305	271	290	292	291	328	283	277	119
ACA->A	C->A	7614	666	5202	2943	4421	2941	2323	1971	1547	1530	1358	1276	980	1014	966	858	713	754	687	711	608	587	591	562	554	462	451	495	467	420	413	727	721	672	604	585	500	508	454	453	435	372	518	553	502	442	408	502	450	383	387	482	369	414	392	427	450	413	381	362	408	404	383	417	383	416	181
ACA->G	C->G	5713	418	4048	2511	3417	2153	1930	1575	1266	1240	996	994	841	876	798	721	569	619	627	604	519	501	488	435	415	396	363	385	378	343	345	628	592	578	458	492	438	432	433	407	382	355	493	422	398	330	366	420	377	343	315	370	354	382	337	327	356	328	372	336	349	341	310	342	312	526	227
ACA->T	C->T	23639	1650	16660	9795	13865	9003	7522	6283	5119	4838	4375	4159	3462	3341	3068	2800	2555	2474	2388	2243	1993	1993	2019	1782	1831	1555	1630	1593	1474	1347	1298	2451	2297	2332	2037	1916	1708	1674	1463	1512	1316	1380	1754	1680	1560	1404	1304	1706	1540	1411	1256	1545	1333	1423	1339	1355	1391	1346	1307	1199	1312	1350	1318	1314	1267	1480	654
ACC->A	C->A	8149	632	5724	3438	4752	3144	2597	2240	1696	1649	1509	1382	1192	1225	1018	1060	872	852	831	740	703	690	643	609	633	486	588	538	496	475	408	890	757	773	674	629	578	541	481	501	472	424	650	542	513	483	473	519	526	446	393	495	442	471	400	430	418	436	463	384	410	429	392	397	363	148	61
ACC->G	C->G	3498	203	2395	1416	2040	1379	1049	922	732	734	660	612	504	482	443	467	375	376	343	329	296	308	275	254	269	233	234	243	209	189	183	356	324	327	311	257	248	261	224	215	209	178	255	270	217	203	178	264	216	200	173	251	195	242	165	188	217	210	206	197	191	192	190	208	191	196	84
ACC->T	C->T	14327	1011	10035	5995	8410	5402	4480	3782	3075	2977	2748	2386	2063	1985	1892	1866	1500	1545	1385	1420	1179	1167	1172	1121	1052	946	930	942	891	839	772	1464	1343	1328	1173	1166	1035	1031	892	907	803	764	1028	1019	970	831	811	960	875	819	733	951	765	819	784	773	749	782	786	754	715	757	721	762	718	540	200
ACG->A	C->A	1630	110	1164	736	996	662	560	465	368	351	321	288	244	251	213	200	203	192	184	177	137	146	160	140	120	130	118	117	116	127	82	187	165	155	132	161	130	126	112	111	128	113	138	128	122	118	94	134	101	117	97	120	112	124	86	139	116	113	129	104	111	111	99	118	117	201	71
ACG->G	C->G	1096	70	828	494	648	438	364	312	228	249	218	201	175	185	170	126	151	111	123	114	101	107	100	94	80	89	82	63	79	76	69	146	134	132	75	103	99	82	71	86	54	72	108	96	88	74	74	85	83	75	68	68	70	75	70	84	87	70	77	74	91	71	89	105	109	283	119
ACG->T	C->T	36430	2284	25104	14681	20490	12897	10831	9026	7481	7095	6567	5883	4938	4959	4452	4197	3605	3713	3524	3227	2948	2976	2830	2616	2605	2191	2364	2208	2111	2038	1918	3482	3247	3220	2787	2740	2542	2405	2134	2171	1957	1866	2704	2399	2332	2088	1984	2349	2213	1951	1862	2174	1889	2081	1866	1838	1909	1895	2021	1796	1833	1769	1819	1820	1656	1511	610
ACT->A	C->A	4469	378	3102	1831	2708	1636	1404	1185	921	875	786	693	632	623	595	556	448	517	436	425	354	345	352	331	342	248	327	267	216	276	250	475	446	402	373	355	332	309	238	256	234	248	326	314	309	264	258	303	265	289	246	294	267	268	247	260	236	237	259	259	259	254	247	236	233	238	104
ACT->G	C->G	6051	396	4262	2470	3534	2243	1915	1609	1303	1190	1178	1019	885	904	796	724	634	618	600	628	464	519	505	432	499	378	381	363	373	347	338	639	593	616	514	435	484	425	395	386	339	347	475	444	389	371	320	432	403	349	329	382	348	378	339	341	327	308	343	363	331	316	309	331	314	283	159
ACT->T	C->T	15999	1214	11471	6829	9353	6185	5056	4341	3450	3445	3135	2864	2330	2339	2216	1912	1705	1696	1689	1436	1350	1437	1391	1279	1267	1087	1112	1083	1064	930	931	1707	1555	1527	1297	1341	1157	1148	1053	1062	994	943	1278	1166	1092	1004	897	1181	1068	966	868	1016	969	1009	926	988	998	982	931	907	901	918	930	879	922	1317	521
TCT->T	C->T	15506	1251	10749	6360	8866	5776	4923	4109	3260	3073	2725	2591	2123	2173	2082	1845	1579	1596	1588	1364	1206	1291	1223	1188	1114	995	1012	949	977	909	791	1521	1444	1425	1265	1164	1041	1040	920	913	863	834	1226	1092	970	896	869	1034	943	856	809	923	773	874	830	790	867	823	841	820	810	812	757	755	713	773	309
TCT->G	C->G	9454	611	6748	3998	5579	3599	2955	2577	2013	2052	1846	1608	1352	1345	1269	1181	1014	1059	1000	933	800	824	734	777	693	593	634	611	613	568	566	1000	910	853	742	704	709	603	572	581	587	544	722	670	625	608	577	618	659	550	499	589	543	559	503	526	556	516	554	528	483	539	495	511	507	318	125
TCT->A	C->A	7798	654	5469	3302	4723	3058	2437	2032	1717	1647	1443	1359	1066	1102	1024	957	811	818	776	794	617	690	637	582	559	497	481	499	487	457	428	760	726	738	659	609	552	523	493	479	440	448	593	550	490	470	424	529	500	486	353	504	384	419	404	410	413	399	384	421	389	408	372	396	362	178	78
GCT->T	C->T	14008	1132	10077	5938	8517	5369	4490	3889	3096	2926	2809	2387	2055	2109	1969	1802	1526	1590	1471	1440	1210	1218	1206	1085	1130	961	1040	937	883	861	773	1525	1374	1387	1264	1185	982	1025	956	900	848	856	1142	1082	969	863	811	1093	950	843	815	929	760	837	844	825	849	807	756	775	819	783	759	722	685	579	227
GCT->G	C->G	4121	230	2810	1667	2346	1504	1192	1056	850	770	680	636	551	546	472	503	407	404	371	311	311	287	310	278	260	248	246	212	218	235	196	345	358	357	315	297	278	248	238	210	220	208	287	239	265	219	195	282	244	186	184	243	186	206	175	212	174	223	206	172	221	187	211	205	171	192	82
GCT->A	C->A	3796	275	2616	1595	2237	1417	1106	975	805	792	692	620	508	472	476	425	381	383	386	373	332	301	288	302	288	235	226	265	246	196	211	390	338	333	316	278	245	264	226	220	227	208	280	265	248	208	214	250	247	193	186	218	197	221	202	185	215	193	225	194	190	209	201	210	186	124	38
CCT->T	C->T	18844	1336	13554	7825	11094	7426	5994	5048	4055	4052	3678	3235	2748	2715	2550	2296	2004	1992	1953	1830	1571	1582	1550	1446	1407	1214	1273	1234	1077	1121	1063	1932	1894	1854	1558	1617	1400	1337	1212	1178	1088	1009	1489	1351	1243	1146	1130	1354	1189	1140	1035	1210	1018	1210	1011	1055	1083	1044	1081	979	986	1035	1029	971	881	585	246
CCT->G	C->G	5469	321	3929	2261	3195	2066	1737	1439	1224	1176	1052	961	766	805	734	656	602	641	565	535	478	466	444	396	408	344	372	362	347	319	314	528	523	526	399	411	372	397	345	348	298	309	453	373	371	312	306	338	346	297	301	346	280	296	279	305	296	279	299	266	288	288	273	260	255	97	32
CCT->A	C->A	4164	289	2874	1651	2433	1516	1315	1056	820	910	687	683	529	583	530	460	449	401	397	365	347	322	345	319	301	280	282	269	265	268	221	393	387	390	290	322	275	264	272	229	255	224	311	293	237	255	241	282	236	258	206	270	213	252	226	241	225	209	223	212	247	219	214	238	248	272	106
TAT->T	A->T	4935	460	3522	2069	2928	1881	1543	1222	986	923	876	801	690	698	631	565	463	497	527	463	391	425	423	359	403	294	309	311	284	261	258	487	482	432	346	374	362	334	321	295	276	255	409	364	313	323	270	332	310	309	263	344	259	309	273	291	259	254	251	279	235	280	244	279	265	255	107
TAT->G	A->G	27985	2100	19484	11589	16358	10793	8974	7438	6089	5784	5232	4905	3837	3929	3688	3460	2933	3006	2851	2669	2320	2391	2360	2233	2069	1805	1915	1884	1685	1623	1579	2831	2705	2673	2231	2267	2063	1964	1777	1818	1623	1597	2140	1994	1831	1723	1574	2051	1771	1710	1614	1774	1572	1645	1524	1566	1594	1500	1663	1542	1519	1580	1611	1480	1516	1283	569
TAT->C	A->C	2968	251	2082	1216	1728	1128	983	840	679	626	606	553	457	443	387	402	284	340	346	295	273	249	266	266	211	178	224	213	224	216	203	314	306	316	269	247	245	201	203	202	180	178	260	248	211	198	206	273	249	181	171	222	210	200	181	208	215	185	211	223	188	198	212	226	225	390	177
GAT->T	A->T	4963	408	3467	2073	2955	1922	1585	1267	1094	1017	932	840	727	707	652	638	541	509	489	468	381	407	372	379	372	299	329	322	330	289	264	470	462	456	387	433	336	366	369	293	263	273	368	361	348	303	301	354	325	283	255	306	268	272	265	271	271	273	282	234	259	249	276	273	258	174	72
GAT->G	A->G	8802	650	6286	3783	5214	3380	2835	2298	1895	1783	1653	1515	1312	1254	1208	1028	951	913	887	806	734	747	722	679	665	502	583	588	535	539	492	905	861	875	731	703	681	636	538	560	536	536	682	652	570	549	535	615	583	528	438	577	513	520	531	506	535	472	529	459	533	519	529	524	542	747	312
GAT->C	A->C	1858	135	1277	776	1029	690	597	509	402	363	354	352	255	274	249	239	187	189	211	173	153	183	155	149	147	118	113	118	130	108	100	197	196	154	160	166	141	108	123	126	113	103	162	151	151	88	107	126	131	139	123	129	115	130	119	110	120	129	104	103	98	120	133	97	134	172	70
CAT->T	A->T	5602	406	3875	2298	3341	2129	1815	1459	1261	1172	1054	931	776	817	719	691	558	589	564	584	465	494	468	442	424	392	371	361	377	322	324	617	523	509	494	478	477	390	398	355	338	312	418	393	391	361	344	400	356	323	310	382	311	348	334	348	280	319	326	340	309	323	301	309	289	169	64
CAT->G	A->G	25308	1606	17764	10583	14838	9487	7970	6880	5449	5228	4699	4259	3531	3655	3297	3161	2710	2734	2605	2409	2112	2258	2083	1949	2001	1666	1729	1664	1581	1557	1429	2639	2480	2392	2117	2066	1894	1799	1707	1657	1446	1474	1947	1775	1755	1661	1428	1876	1731	1517	1465	1602	1432	1705	1448	1510	1597	1454	1548	1543	1440	1524	1528	1515	1552	1789	827
CAT->C	A->C	4551	331	3254	1952	2625	1741	1374	1156	930	953	828	721	650	649	595	562	471	471	473	400	360	369	371	338	348	330	310	302	312	283	232	510	438	433	360	380	310	301	295	305	261	253	358	329	314	247	243	316	322	293	268	259	250	277	237	259	278	246	259	262	271	245	243	250	282	218	96
CAA->C	A->C	4450	304	3115	1925	2615	1713	1426	1253	955	904	881	768	642	607	596	549	456	489	481	400	412	371	388	342	339	266	304	319	274	277	273	478	433	447	384	327	360	315	287	275	267	247	361	288	294	289	256	287	295	258	244	265	225	271	273	263	288	223	235	260	268	252	271	266	257	257	104
CAA->G	A->G	9203	654	6480	3963	5518	3539	2895	2488	2025	1957	1731	1604	1270	1384	1237	1142	1011	946	1044	859	809	802	826	720	730	598	644	597	625	576	521	1007	940	931	802	780	686	674	584	656	525	560	758	696	671	600	596	717	603	583	533	652	566	600	584	570	592	584	562	574	573	607	590	615	698	1094	458
CAA->T	A->T	2276	166	1509	937	1310	893	709	592	487	445	404	374	347	300	308	277	259	228	230	217	187	223	172	174	177	136	139	162	128	127	115	253	222	232	189	185	165	171	138	137	145	115	188	153	156	137	140	158	178	147	153	137	137	128	129	141	126	116	128	137	112	142	122	129	110	94	46
CAC->C	A->C	3391	281	2355	1338	1940	1247	1044	828	655	670	588	548	456	438	407	356	314	322	302	295	247	255	232	240	228	205	204	208	179	158	171	311	289	280	266	243	219	219	227	190	190	177	228	239	222	198	194	207	190	177	148	228	182	196	181	199	189	188	190	175	188	154	187	171	199	203	83
CAC->G	A->G	9146	619	6462	3753	5412	3538	3010	2447	2038	1935	1781	1527	1369	1341	1250	1107	986	1044	1015	861	823	841	792	717	747	597	671	650	626	576	582	964	956	943	779	872	738	713	666	653	586	562	798	741	664	583	624	761	662	693	556	610	586	651	586	611	680	612	614	589	636	560	662	660	731	1247	547
CAC->T	A->T	2506	182	1827	1113	1512	982	824	689	541	529	461	406	359	385	372	359	264	260	299	260	253	234	209	195	212	175	201	169	174	151	132	295	282	261	226	218	173	184	175	199	134	136	222	201	199	156	152	169	156	171	154	150	146	170	151	160	176	129	144	147	156	144	145	180	146	122	38
CAG->C	A->C	3749	213	2657	1629	2264	1444	1179	1059	851	777	704	666	582	586	526	497	394	409	395	365	330	327	325	326	293	254	255	249	209	210	231	415	364	356	331	300	274	272	264	256	234	210	271	268	250	240	204	271	251	233	196	214	233	226	185	203	221	196	242	214	191	180	214	237	202	85	32
CAG->G	A->G	12726	756	8903	5242	7316	4771	4053	3511	2686	2598	2520	2150	1810	1903	1707	1549	1366	1417	1363	1224	1140	1160	1067	1037	962	837	929	812	783	750	741	1353	1230	1211	1060	1097	972	939	875	838	738	751	947	928	846	843	834	932	919	860	725	885	781	832	846	791	866	783	831	912	831	837	823	805	926	1499	615
CAG->T	A->T	2858	208	2050	1221	1631	1097	931	738	663	601	583	497	400	434	359	344	310	324	276	279	257	305	264	218	223	198	182	198	185	166	160	316	262	280	287	211	210	234	180	205	167	154	225	220	166	188	172	222	198	181	164	183	166	197	145	178	165	192	178	168	165	182	175	184	168	168	63
CCA->A	C->A	5372	410	3567	2227	3026	1955	1612	1391	1048	1035	970	881	705	696	666	592	544	531	517	469	446	459	408	408	388	325	328	326	311	318	328	516	502	469	401	418	371	365	336	339	328	280	418	353	350	315	276	327	304	311	286	333	310	287	288	298	263	282	285	266	285	263	298	251	246	244	103
CCA->G	C->G	3909	245	2708	1664	2206	1456	1145	1014	845	783	749	668	564	548	496	488	407	380	393	385	335	347	343	274	253	224	273	246	253	222	220	403	387	378	291	303	289	227	268	233	215	236	310	282	245	212	221	258	257	218	179	261	199	223	177	211	200	214	201	217	203	184	194	213	180	83	18
CCA->T	C->T	16147	1065	11288	6803	9340	5948	5004	4168	3464	3238	2917	2655	2243	2276	2114	1936	1622	1678	1649	1530	1346	1412	1327	1230	1153	1107	1113	1047	1031	956	882	1663	1502	1521	1303	1266	1123	1146	986	982	983	865	1164	1178	1074	983	926	1144	1026	889	833	956	891	962	883	847	830	883	902	825	758	854	773	733	763	491	149
CCC->A	C->A	4648	295	3187	1899	2695	1626	1454	1260	901	919	844	815	629	595	577	598	476	469	443	432	426	378	379	383	348	288	292	286	254	264	242	479	460	397	336	351	309	310	273	285	259	267	354	337	312	302	249	301	279	257	216	281	262	284	247	233	265	235	250	237	224	256	235	248	219	177	76
CCC->G	C->G	4640	253	3265	1952	2658	1759	1417	1259	939	953	848	746	642	643	636	560	450	536	449	412	380	410	381	359	350	289	314	286	272	281	228	486	470	421	396	354	336	330	278	246	234	252	300	298	321	259	272	298	298	248	262	274	246	233	204	250	264	245	258	240	244	230	203	232	200	58	25
CCC->T	C->T	14103	920	9834	5870	8365	5326	4631	3642	3101	2905	2621	2430	2043	2016	1905	1691	1463	1481	1454	1290	1182	1210	1130	1111	1050	893	927	979	863	862	878	1440	1441	1315	1203	1149	1000	1055	948	907	801	805	1016	989	992	837	799	992	942	864	750	877	738	854	788	817	735	807	828	686	755	805	731	760	700	366	142
CCG->A	C->A	1333	75	957	599	747	519	454	381	308	279	290	244	202	179	191	185	147	169	150	130	128	144	99	115	114	101	91	105	88	85	89	157	140	148	124	105	111	83	93	91	78	72	111	104	90	105	77	125	88	109	78	90	87	109	90	83	82	86	96	80	98	82	103	86	91	217	85
CCG->G	C->G	1286	65	904	572	719	457	433	342	271	269	249	235	193	179	180	164	121	146	154	130	122	115	112	103	102	91	89	101	101	80	73	144	134	127	99	119	94	71	88	96	79	66	117	91	80	95	86	84	97	88	78	78	84	87	88	77	85	77	81	84	76	88	90	108	73	53	18
CCG->T	C->T	31394	1767	21636	12946	17534	11222	9501	7892	6527	6084	5607	5076	4281	4303	4014	3649	3127	3220	3010	2762	2537	2482	2435	2347	2240	1889	1939	1969	1834	1795	1649	3088	2797	2749	2356	2370	2256	2104	1810	1927	1686	1701	2233	2068	2005	1817	1711	2033	1924	1750	1619	1842	1602	1771	1658	1628	1691	1594	1711	1551	1485	1562	1552	1455	1416	812	275
TCG->T	C->T	22796	1410	15529	9110	12677	8008	6782	5634	4562	4376	3982	3577	2961	3041	2823	2644	2214	2256	2170	2008	1746	1820	1766	1614	1544	1355	1462	1380	1313	1271	1146	2200	1963	1924	1672	1633	1519	1485	1285	1292	1203	1204	1608	1466	1417	1334	1231	1453	1339	1233	1120	1316	1125	1215	1135	1187	1194	1121	1156	1055	1102	1120	993	1054	1004	570	184
TCG->G	C->G	1134	68	807	471	684	440	367	311	280	238	244	206	165	164	165	159	140	130	124	129	123	111	115	102	89	67	72	72	60	69	58	120	114	128	98	83	105	107	72	91	64	69	100	106	71	80	71	98	90	83	74	81	79	70	75	71	94	76	89	77	84	86	71	73	89	199	67
TCG->A	C->A	1156	74	852	518	639	432	409	298	257	261	199	213	174	163	168	149	128	132	117	124	119	91	106	87	84	75	65	71	78	65	77	104	122	109	104	98	88	79	69	59	70	75	101	74	71	76	77	92	89	57	74	64	64	83	69	86	73	68	85	74	59	79	58	64	82	114	46
GCG->T	C->T	24811	1523	17508	10133	14328	9002	7779	6544	5306	4984	4652	4060	3634	3470	3276	2975	2630	2476	2528	2358	2133	2118	1960	1899	1825	1592	1567	1536	1479	1378	1381	2576	2313	2335	2004	1943	1742	1734	1526	1540	1329	1355	1803	1761	1659	1448	1338	1744	1596	1441	1309	1475	1421	1421	1319	1332	1350	1350	1333	1316	1303	1279	1232	1185	1155	595	226
GCG->G	C->G	791	40	582	350	499	311	268	241	183	179	138	139	115	117	105	117	101	84	79	77	72	86	69	65	63	59	52	46	47	51	36	79	71	87	65	80	68	63	74	54	57	51	70	55	68	60	50	72	59	75	59	69	48	76	59	58	62	60	52	73	59	66	72	67	104	223	108
GCG->A	C->A	1861	88	1325	841	1118	746	576	545	432	413	369	330	284	276	244	204	195	221	202	208	156	197	169	152	164	133	116	128	114	122	111	199	183	196	166	159	163	139	127	128	126	105	155	131	140	130	111	123	148	120	107	136	126	133	105	126	130	122	106	116	107	119	109	127	99	119	49
TAG->T	A->T	1708	149	1180	683	1002	695	516	449	373	360	315	278	270	256	230	208	184	175	194	164	116	139	124	116	131	96	118	122	119	111	92	184	163	151	127	160	121	116	102	98	104	109	136	122	130	107	110	106	128	102	101	115	78	96	90	89	98	104	108	98	89	99	102	106	123	131	43
TAG->G	A->G	7895	623	5673	3270	4670	3048	2629	2154	1699	1753	1537	1371	1145	1147	1084	1015	852	857	844	726	683	713	659	623	674	526	529	530	523	507	468	873	771	751	688	688	637	559	523	553	480	463	602	602	563	489	494	537	537	471	441	513	506	516	475	466	473	497	487	453	458	491	504	495	502	777	326
TAG->C	A->C	1731	119	1216	706	1014	653	586	478	386	364	324	306	249	234	208	197	162	188	193	156	129	165	144	134	98	111	128	106	115	101	102	185	163	176	127	148	128	138	105	95	106	94	144	138	122	112	96	147	131	108	97	100	112	110	92	100	108	102	100	100	105	107	111	81	93	58	33
GAG->T	A->T	2294	176	1540	900	1273	811	711	616	522	480	413	386	299	308	286	282	229	240	230	228	158	187	206	183	178	136	149	153	116	127	106	221	189	198	172	167	168	149	150	137	125	106	195	159	146	133	123	161	149	147	102	125	120	129	129	123	126	132	129	130	110	125	145	116	127	157	59
GAG->G	A->G	6667	449	4621	2724	3864	2369	2057	1714	1362	1278	1201	1038	882	897	764	783	656	698	622	628	499	522	493	494	475	415	418	417	395	373	387	642	577	621	564	494	437	430	384	440	383	393	489	446	422	408	359	449	431	398	354	410	367	426	363	405	371	333	385	380	382	407	409	396	379	673	316
GAG->C	A->C	2492	122	1830	1123	1350	1010	826	683	502	523	422	415	344	365	313	336	227	246	275	262	200	229	192	173	196	137	189	146	177	155	147	318	244	232	219	208	174	180	155	154	158	118	178	183	172	159	148	183	176	138	132	151	155	144	161	134	156	145	156	126	168	136	144	167	138	111	37
GAA->C	A->C	2810	170	2039	1130	1618	1013	857	800	610	613	520	468	382	421	410	333	282	328	288	267	241	269	256	227	260	183	206	186	204	173	185	296	272	258	242	245	205	205	166	225	186	166	222	223	201	204	183	218	203	184	171	192	173	166	176	192	187	191	179	165	160	170	191	163	209	324	141
GAA->G	A->G	7236	542	5268	3199	4338	2828	2419	1994	1636	1576	1478	1280	1097	1027	981	968	744	804	831	680	651	638	594	580	595	475	528	554	494	441	473	739	750	711	661	642	513	607	514	501	441	427	558	613	544	456	441	540	527	509	443	532	467	463	451	452	432	493	495	442	458	440	501	455	456	702	302
GAA->T	A->T	2212	163	1592	972	1395	859	764	606	523	474	458	390	307	321	338	288	241	270	246	205	229	200	180	182	157	140	153	148	144	120	145	236	199	218	186	211	181	172	155	141	140	134	149	174	163	134	131	158	160	120	126	135	124	129	125	126	134	130	107	120	120	127	125	110	139	86	40
GAC->C	A->C	1172	90	805	483	685	416	368	307	254	249	193	198	162	182	155	149	152	123	109	90	107	123	101	86	102	79	79	71	59	61	58	113	97	125	89	87	92	78	76	78	78	63	87	79	98	73	74	96	70	79	75	84	79	72	74	92	59	76	82	70	69	83	75	81	95	252	125
GAC->G	A->G	5130	376	3551	2184	2949	1920	1594	1395	1093	1117	946	886	710	745	682	623	542	601	558	505	420	473	427	418	404	331	364	340	302	334	304	555	543	510	425	436	418	390	360	325	337	294	430	391	404	347	305	381	358	312	281	360	323	294	299	357	303	310	328	317	309	319	371	364	399	663	290
GAC->T	A->T	2199	182	1504	922	1252	834	719	611	467	478	385	372	313	309	332	289	235	263	224	216	185	170	177	178	186	164	156	153	145	112	113	235	229	215	208	170	170	175	152	144	134	125	174	151	140	130	130	164	133	130	138	148	147	127	131	125	130	136	123	129	133	139	125	124	124	127	41
GCA->A	C->A	6704	525	4553	2734	3896	2407	2098	1801	1410	1321	1226	1119	931	877	852	778	647	701	636	622	567	579	503	484	468	426	394	429	424	406	372	702	612	586	518	515	471	418	402	422	387	385	505	480	435	408	371	439	405	376	320	391	376	405	343	320	329	342	349	347	337	312	307	334	294	151	61
GCA->G	C->G	3200	202	2170	1238	1760	1121	950	802	596	567	584	500	406	386	445	356	272	316	309	276	251	267	224	213	199	177	175	187	190	165	155	304	272	265	224	227	186	206	183	167	171	169	224	237	191	173	141	213	175	156	144	198	153	167	183	167	182	168	162	130	185	156	155	170	151	239	120
GCA->T	C->T	12723	819	8674	5236	7288	4712	3895	3319	2664	2633	2298	2064	1727	1806	1597	1455	1249	1311	1283	1146	1054	1025	992	965	931	776	830	816	759	730	689	1223	1196	1187	1016	1036	903	868	735	767	687	712	945	843	801	731	697	841	799	723	752	742	676	728	716	669	676	635	701	698	704	638	659	604	616	522	211
GCC->A	C->A	5606	363	3956	2422	3130	2041	1760	1419	1210	1133	974	909	743	734	716	647	583	537	541	482	446	435	450	411	409	335	303	359	327	344	287	552	480	484	419	433	366	322	336	311	308	296	383	355	340	295	307	349	319	287	263	318	298	275	247	313	283	288	263	247	284	280	259	262	271	88	39
GCC->G	C->G	3342	199	2379	1424	1875	1295	966	847	734	667	603	532	485	440	459	397	341	347	322	307	271	252	246	243	238	191	223	222	214	159	172	293	291	297	242	262	236	218	171	202	184	161	234	228	212	201	158	226	218	192	172	204	178	185	185	187	192	152	184	197	178	171	167	162	197	184	64
GCC->T	C->T	12950	856	9063	5578	7576	4867	4171	3381	2753	2698	2543	2227	1885	1890	1770	1680	1379	1443	1356	1270	1102	1156	1096	1032	989	815	854	909	815	801	768	1331	1276	1245	1059	1056	948	948	849	849	790	757	1044	930	911	803	802	932	792	768	701	791	714	770	708	680	753	696	731	721	732	696	733	672	714	328	122
TCC->T	C->T	14065	945	9711	5866	7915	5206	4390	3682	2899	2812	2583	2336	1986	1967	1790	1678	1416	1429	1447	1327	1169	1184	1109	985	991	889	922	927	835	776	756	1372	1287	1344	1100	1036	966	987	844	866	771	703	1002	990	866	785	756	958	845	788	753	867	710	807	711	746	777	756	792	734	710	749	735	732	672	444	172
TCC->G	C->G	4652	261	3154	1957	2614	1746	1437	1271	1041	876	863	745	678	636	588	560	542	513	447	438	397	377	372	350	322	309	313	301	266	262	244	441	425	428	372	370	328	303	274	280	276	248	309	308	305	268	252	311	282	256	227	283	248	247	221	254	262	220	252	235	257	244	233	251	217	154	71
TCC->A	C->A	5019	368	3441	2048	2792	1824	1531	1296	1062	971	870	807	688	681	644	580	533	522	524	433	407	434	396	361	356	312	316	329	313	264	275	448	475	424	414	362	339	350	276	271	285	245	393	346	297	287	262	327	284	282	239	316	253	252	253	236	268	264	273	219	237	216	232	235	233	92	47
TAC->T	A->T	1666	150	1170	699	993	608	517	455	350	379	319	283	248	257	190	214	177	159	175	148	127	154	144	134	115	107	109	111	115	99	88	177	194	158	116	134	126	124	103	124	102	81	122	104	100	90	91	116	99	90	101	107	91	105	90	86	90	91	119	108	100	93	97	94	81	111	52
TAC->G	A->G	8781	636	6182	3634	5161	3232	2811	2363	1905	1777	1727	1488	1198	1240	1118	1065	971	924	991	858	741	766	706	731	709	581	544	604	554	567	495	907	853	822	743	769	656	676	538	592	527	582	739	627	598	526	534	590	565	536	550	588	523	522	498	503	498	520	571	486	513	509	527	509	541	669	273
TAC->C	A->C	1439	112	983	560	799	513	479	360	300	282	264	221	201	203	167	181	128	132	145	125	103	128	113	117	117	85	92	104	92	81	101	160	141	154	127	119	89	102	117	76	92	100	109	106	92	81	75	117	94	83	103	102	74	98	84	89	73	93	86	97	92	104	80	98	112	219	102
TAA->C	A->C	3289	252	2379	1377	2017	1310	1115	888	697	706	660	634	465	486	470	415	331	366	311	321	276	275	290	240	255	236	224	212	195	231	216	350	333	313	257	275	240	240	221	214	215	209	275	244	240	205	226	224	247	215	188	254	211	243	194	243	192	198	215	217	204	236	223	211	216	264	112
TAA->G	A->G	10532	699	7342	4426	6042	3954	3384	2755	2163	2254	1913	1842	1457	1528	1354	1238	1127	1113	1060	955	839	897	914	796	765	666	718	679	685	594	588	1052	992	1013	880	820	742	754	650	642	634	584	805	762	694	652	608	759	691	639	604	680	552	647	589	561	609	590	639	623	622	611	589	607	641	748	305
TAA->T	A->T	4322	399	3208	1950	2763	1764	1486	1239	1044	964	883	802	648	690	606	602	523	498	490	486	420	389	402	373	312	293	301	286	269	272	269	505	446	427	374	409	328	349	333	293	267	248	367	319	314	317	299	332	308	294	250	304	263	294	243	263	282	273	262	278	263	266	272	287	250	227	97
TCA->A	C->A	5078	455	3611	2116	2933	1940	1655	1312	1039	1026	935	878	692	698	693	602	498	495	510	496	411	420	404	380	368	341	335	325	299	293	311	528	497	442	413	401	354	375	298	342	267	275	367	364	359	332	280	321	289	277	281	320	275	302	264	268	247	271	292	239	259	289	277	243	242	211	74
TCA->G	C->G	5098	331	3483	2104	2875	1915	1634	1347	1137	1001	926	854	749	652	683	666	549	497	508	446	410	465	438	406	366	299	329	333	307	284	247	533	467	453	404	416	368	372	324	340	286	312	389	366	351	292	290	347	331	292	273	297	278	302	268	274	283	265	258	252	276	268	262	270	297	310	113
TCA->T	C->T	14757	967	10300	6051	8324	5364	4401	3708	3016	2911	2689	2401	2130	2013	1860	1668	1528	1455	1368	1264	1198	1187	1119	1093	1025	853	901	894	881	783	794	1365	1334	1362	1111	1156	1046	968	871	839	833	788	1057	977	943	851	773	979	861	754	726	877	834	775	690	773	723	754	780	707	731	764	743	710	712	643	264
