Context	X1mer	1	2	3	4	5	6	7	8	9	10	11	12	13	14	15
AAA->C	A->C	5846	492	2578	1590	1249	938	742	492	463	624	472	488	424	419	416
AAA->G	A->G	10174	761	4596	2746	2259	1621	1156	820	779	1136	737	835	729	750	754
AAA->T	A->T	3509	302	1561	999	748	568	412	279	253	398	255	299	234	260	249
AAC->C	A->C	1849	142	773	495	407	290	222	138	122	231	117	141	123	137	125
AAC->G	A->G	7795	594	3428	2077	1707	1167	863	612	578	831	604	642	527	584	554
AAC->T	A->T	2113	235	945	595	474	333	262	150	151	243	166	188	142	190	184
AAG->C	A->C	2754	225	1249	736	562	403	318	188	218	317	220	204	211	220	186
AAG->G	A->G	7399	587	3198	1974	1584	1140	868	563	558	839	522	571	500	585	525
AAG->T	A->T	1836	170	813	525	379	286	219	166	139	191	125	140	128	162	106
AAT->C	A->C	2845	247	1326	762	597	479	350	233	231	321	200	228	205	222	224
AAT->G	A->G	18905	1472	8436	4919	4088	2809	2177	1475	1400	2096	1333	1499	1286	1467	1337
AAT->T	A->T	3694	368	1659	1064	877	643	418	300	315	413	287	307	267	315	278
ACA->A	C->A	5730	548	2553	1473	1277	855	636	434	390	597	394	450	383	415	379
ACA->G	C->G	4411	341	2009	1207	927	651	495	354	381	469	315	353	314	339	359
ACA->T	C->T	18917	1395	8181	4841	3838	2790	2063	1399	1375	1885	1308	1352	1258	1294	1286
ACC->A	C->A	7065	559	3195	1876	1552	1074	818	570	543	733	481	557	490	499	501
ACC->G	C->G	2616	218	1167	740	571	410	270	208	193	315	175	214	188	203	184
ACC->T	C->T	12289	969	5468	3347	2650	1814	1423	921	938	1313	844	936	779	812	719
ACG->A	C->A	1356	105	576	350	265	221	140	114	92	138	98	108	86	98	103
ACG->G	C->G	896	52	409	231	199	122	113	67	65	91	70	72	66	63	68
ACG->T	C->T	30778	2056	13160	7534	5868	4192	3107	2144	2040	2983	1971	2071	1924	2023	1785
ACT->A	C->A	3533	318	1566	920	776	529	392	290	283	348	256	271	275	294	207
ACT->G	C->G	4482	380	2041	1208	998	675	479	377	351	569	322	338	291	324	300
ACT->T	C->T	13237	1021	5834	3511	2770	1982	1475	999	996	1499	932	979	918	970	893
TCT->T	C->T	13010	1097	5756	3455	2745	2001	1434	1005	943	1427	893	968	885	809	798
TCT->G	C->G	7212	491	3293	1928	1632	1090	770	564	483	711	530	544	535	517	449
TCT->A	C->A	6105	566	2595	1623	1363	979	706	445	454	675	433	450	413	481	419
GCT->T	C->T	11927	1032	5392	3179	2551	1816	1357	966	849	1373	879	946	843	828	834
GCT->G	C->G	2814	198	1287	737	583	425	340	206	209	321	214	205	212	217	207
GCT->A	C->A	3021	252	1304	778	605	419	319	220	217	296	204	227	204	204	206
CCT->T	C->T	14852	1232	6908	3994	3258	2269	1761	1200	1162	1678	1113	1130	1051	1106	945
CCT->G	C->G	4165	307	1894	1200	936	656	465	344	318	438	324	309	312	313	251
CCT->A	C->A	3199	271	1357	886	678	472	366	257	239	357	238	258	226	249	227
TAT->T	A->T	3449	311	1641	911	768	537	402	268	304	384	287	291	263	295	240
TAT->G	A->G	22065	1779	9829	5971	4674	3324	2580	1739	1645	2393	1601	1727	1549	1639	1546
TAT->C	A->C	2243	215	970	628	462	389	292	179	171	231	164	171	181	192	173
GAT->T	A->T	4355	412	2017	1168	944	664	549	347	327	515	367	362	330	298	293
GAT->G	A->G	7024	490	3120	1823	1438	1100	761	556	507	790	502	560	497	514	459
GAT->C	A->C	1421	98	595	384	284	208	167	112	104	150	108	112	99	99	77
CAT->T	A->T	4499	334	2027	1241	1019	687	544	353	340	453	301	324	339	396	334
CAT->G	A->G	20176	1480	9024	5408	4237	3067	2337	1632	1520	2161	1459	1648	1410	1500	1411
CAT->C	A->C	3610	266	1594	971	748	526	427	259	234	347	257	287	239	267	275
CAA->C	A->C	3410	258	1523	904	786	558	388	283	257	354	258	282	232	256	232
CAA->G	A->G	7077	567	3125	1894	1527	1099	814	553	517	744	496	580	471	527	550
CAA->T	A->T	1677	142	807	482	365	304	213	140	131	220	129	135	121	128	121
CAC->C	A->C	2595	221	1133	703	546	375	263	186	191	269	171	180	148	173	179
CAC->G	A->G	7034	489	3288	1944	1500	1084	825	549	533	791	509	553	475	522	538
CAC->T	A->T	2172	188	918	530	438	292	232	174	152	215	165	175	146	161	126
CAG->C	A->C	2948	236	1401	830	656	462	333	259	196	345	238	241	220	193	201
CAG->G	A->G	9987	652	4552	2605	2066	1480	1154	797	775	1120	718	798	663	720	705
CAG->T	A->T	2210	159	1009	605	507	329	254	214	176	252	152	196	166	175	155
CCA->A	C->A	4030	351	1845	1056	910	634	482	301	295	435	320	324	310	286	267
CCA->G	C->G	3052	212	1370	841	649	441	370	262	204	316	258	203	206	209	216
CCA->T	C->T	12324	967	5403	3296	2657	1820	1312	929	861	1337	868	888	871	897	809
CCC->A	C->A	3829	298	1718	1096	818	599	399	317	275	425	285	307	286	278	278
CCC->G	C->G	3772	243	1729	1074	775	547	445	293	272	413	244	294	267	299	282
CCC->T	C->T	11546	846	5283	3060	2486	1836	1331	877	845	1218	836	917	744	847	771
CCG->A	C->A	1094	68	486	294	205	158	114	87	92	132	68	79	79	91	76
CCG->G	C->G	1077	59	466	297	208	156	117	95	82	111	82	77	71	95	81
CCG->T	C->T	26361	1596	11086	6595	5104	3671	2647	1916	1683	2558	1782	1798	1660	1725	1532
TCG->T	C->T	19230	1174	8061	4673	3716	2708	1920	1392	1169	1876	1293	1331	1164	1202	1076
TCG->G	C->G	950	57	425	234	219	145	123	96	57	103	69	74	61	78	81
TCG->A	C->A	957	55	403	237	210	149	105	63	70	106	71	77	86	74	64
GCG->T	C->T	21303	1351	9273	5389	4250	2929	2255	1553	1378	2076	1350	1517	1324	1433	1367
GCG->G	C->G	628	37	284	184	145	87	67	54	48	60	43	58	55	45	43
GCG->A	C->A	1590	93	692	405	332	219	161	92	82	171	105	131	106	125	92
TAG->T	A->T	1239	124	602	354	299	190	181	110	71	149	98	99	95	94	83
TAG->G	A->G	6541	465	2967	1736	1432	1021	747	502	488	713	436	518	464	484	411
TAG->C	A->C	1283	92	583	362	309	225	152	125	92	143	98	89	84	107	95
GAG->T	A->T	1829	140	809	471	410	293	213	141	143	227	123	141	105	127	109
GAG->G	A->G	5216	396	2205	1297	1080	740	542	379	367	561	338	384	327	361	307
GAG->C	A->C	1911	134	906	508	422	287	208	142	147	209	138	157	135	111	121
GAA->C	A->C	2157	164	957	578	463	337	249	195	155	268	166	171	177	158	170
GAA->G	A->G	5923	448	2588	1507	1198	908	671	442	423	612	413	474	412	466	399
GAA->T	A->T	1874	168	853	479	429	270	239	166	118	217	156	157	135	149	126
GAC->C	A->C	911	66	408	256	195	118	106	65	61	88	64	82	56	46	58
GAC->G	A->G	4132	324	1873	1088	878	606	474	326	331	434	314	350	277	311	283
GAC->T	A->T	1898	163	879	504	420	283	242	160	147	224	136	161	138	156	141
GCA->A	C->A	5073	435	2299	1280	1087	753	529	395	364	591	370	395	358	341	309
GCA->G	C->G	2182	149	994	612	487	309	227	155	170	232	164	169	167	171	151
GCA->T	C->T	10153	760	4589	2524	2136	1602	1127	735	736	1059	698	826	668	703	652
GCC->A	C->A	4601	292	2084	1182	975	692	533	360	322	467	299	348	287	315	313
GCC->G	C->G	2415	146	1080	695	530	339	291	209	164	281	169	201	153	151	159
GCC->T	C->T	10751	848	4808	2825	2218	1609	1235	848	798	1260	829	869	731	781	719
TCC->T	C->T	13535	1066	5935	3463	2896	2020	1438	994	942	1346	931	964	805	842	776
TCC->G	C->G	3630	255	1622	990	792	579	366	293	255	385	266	287	241	247	224
TCC->A	C->A	4054	310	1776	1100	885	630	478	308	297	456	278	322	266	312	228
TAC->T	A->T	1315	125	580	359	302	203	117	105	105	152	94	110	77	104	85
TAC->G	A->G	7038	587	3216	1851	1544	1045	798	562	513	801	493	564	489	509	473
TAC->C	A->C	1049	77	480	268	239	159	131	74	71	133	87	93	72	84	71
TAA->C	A->C	2540	231	1147	656	590	359	273	166	164	287	215	201	200	191	194
TAA->G	A->G	8434	643	3817	2366	1830	1254	1011	688	652	887	654	660	578	638	551
TAA->T	A->T	3236	289	1467	841	689	506	359	250	258	348	251	266	232	269	242
TCA->A	C->A	4062	342	1894	1054	841	615	431	302	280	395	289	310	256	278	265
TCA->G	C->G	3800	289	1764	1001	827	563	452	338	290	407	283	301	264	260	312
TCA->T	C->T	12189	885	5037	2971	2380	1678	1247	859	784	1246	806	908	762	799	767
