Context	X1mer	Count	Rate	context_in_genome	chr1	chr2	chr3	chr4	chr5	chr6	chr7	chr8	chr9	chr10	chr11	chr12	chr13	chr14	chr15	chr16	chr17	chr18	chr19	chr20	chr21	chr22	chrX
AAA->C	A->C	5662	1.51785167436465e-09	94426158	262	277	304	303	320	288	367	379	340	337	309	284	305	216	133	150	113	198	93	117	96	39	432
AAA->G	A->G	10076	2.70114331877397e-09	94426158	458	487	523	548	579	499	683	633	616	563	560	492	566	357	262	320	220	347	149	238	135	78	763
AAA->T	A->T	3441	9.22452774900876e-10	94426158	145	149	165	207	194	177	219	261	217	205	178	174	215	126	69	88	70	131	51	71	46	25	258
AAC->C	A->C	1813	1.29688396811648e-09	35387385	70	102	102	83	86	98	128	121	119	100	97	83	115	59	33	55	41	68	25	47	30	19	132
AAC->G	A->G	7409	5.29984187522063e-09	35387385	358	382	386	400	400	407	473	478	408	442	405	351	401	241	138	235	140	281	104	192	113	62	612
AAC->T	A->T	2165	1.54867831824169e-09	35387385	80	104	120	140	127	114	121	165	115	109	96	119	129	60	59	58	56	86	35	46	25	12	189
AAG->C	A->C	2632	1.37774498743296e-09	48358056	137	118	143	142	169	133	165	168	159	155	172	115	155	97	50	79	41	106	31	54	34	25	184
AAG->G	A->G	7032	3.6809660910443e-09	48358056	343	352	375	342	346	396	442	454	421	408	394	323	383	239	192	229	156	263	104	188	106	73	503
AAG->T	A->T	1725	9.02967364483991e-10	48358056	78	92	112	87	86	81	93	116	109	97	99	86	103	59	42	54	26	72	25	41	26	21	120
AAT->C	A->C	2957	1.19604234234948e-09	62583026	157	135	147	154	157	159	185	227	158	161	153	144	179	112	78	87	65	117	38	64	48	26	206
AAT->G	A->G	17678	7.1503674426967e-09	62583026	777	899	944	938	958	907	1138	1249	1057	1021	957	847	1071	634	439	506	359	683	205	400	279	146	1264
AAT->T	A->T	3733	1.50991750557681e-09	62583026	167	175	195	204	210	217	246	251	197	204	195	169	222	136	72	92	76	156	50	80	67	26	326
ACA->A	C->A	5561	2.86882900448352e-09	49068188	231	276	322	314	265	315	367	353	335	323	315	251	290	181	131	178	100	208	72	139	80	46	469
ACA->G	C->G	4304	2.22036325036812e-09	49068188	182	244	243	207	234	205	241	347	283	236	217	210	193	164	108	164	111	141	72	84	57	41	320
ACA->T	C->T	17449	9.00165389304676e-09	49068188	759	859	906	937	913	876	1093	1129	1023	945	1042	935	937	607	407	531	394	680	238	468	274	193	1303
ACC->A	C->A	6394	5.94333150762895e-09	27232936	303	316	308	319	336	294	400	456	340	340	375	333	327	183	172	190	164	248	99	191	94	72	534
ACC->G	C->G	2440	2.26802140735293e-09	27232936	106	153	123	98	95	99	167	196	146	153	129	110	114	79	63	79	56	79	53	80	38	35	189
ACC->T	C->T	13695	1.27297349072534e-08	27232936	732	670	644	687	667	644	869	886	828	786	779	631	680	474	337	473	366	512	246	389	198	182	1015
ACG->A	C->A	1219	5.64453625166348e-09	5466725	72	56	43	60	54	55	88	79	65	85	70	59	69	39	28	46	36	50	23	25	14	16	87
ACG->G	C->G	818	3.78771997855679e-09	5466725	34	50	39	46	39	41	57	46	56	42	42	41	40	26	26	33	20	27	20	20	14	10	49
ACG->T	C->T	26231	1.21461714862498e-07	5466725	1297	1300	1224	1179	1242	1198	1672	1731	1420	1650	1410	1339	1330	917	649	975	733	997	520	808	399	395	1846
ACT->A	C->A	3301	2.16915627852753e-09	38521791	162	178	168	183	179	185	197	234	191	184	209	162	159	101	69	100	67	120	37	66	50	25	275
ACT->G	C->G	4545	2.98661474883599e-09	38521791	189	238	234	225	240	203	291	335	303	248	254	219	242	162	101	172	91	164	66	117	58	41	352
ACT->T	C->T	13188	8.66611117880068e-09	38521791	656	645	701	689	708	652	836	904	767	733	693	669	697	484	312	388	340	485	195	356	192	102	984
TCT->T	C->T	13906	6.53054484184741e-09	53901965	691	689	731	739	743	683	864	955	748	787	819	713	787	509	301	417	326	480	203	332	221	116	1052
TCT->G	C->G	6966	3.27137748945125e-09	53901965	308	388	337	343	335	314	449	493	507	355	371	375	306	245	201	267	135	220	116	198	98	89	516
TCT->A	C->A	5705	2.67918584227956e-09	53901965	258	283	281	349	331	299	359	387	318	311	301	298	346	185	123	158	109	222	59	114	89	44	481
GCT->T	C->T	11549	8.99371162893278e-09	32505527	592	536	563	628	563	678	726	758	646	662	657	620	556	372	254	376	317	389	180	295	169	136	876
GCT->G	C->G	2620	2.04030863865303e-09	32505527	113	132	140	121	104	121	160	178	178	162	149	120	125	84	91	110	67	93	56	80	31	35	170
GCT->A	C->A	2716	2.1150680391533e-09	32505527	132	138	145	141	101	144	175	192	184	156	155	115	147	84	71	81	60	90	54	63	43	33	212
CCT->T	C->T	14176	8.70755272532968e-09	41210642	750	671	707	740	679	720	842	896	794	800	823	685	720	488	387	486	384	507	286	413	212	166	1020
CCT->G	C->G	4001	2.45759864941056e-09	41210642	186	226	178	174	159	208	226	295	261	262	224	197	180	143	116	144	123	124	68	109	44	55	299
CCT->A	C->A	2940	1.80588353643265e-09	41210642	150	146	133	167	148	144	162	194	180	167	160	141	146	84	67	101	79	110	47	90	54	33	237
TAT->T	A->T	3497	1.69157105821152e-09	52330776	145	166	190	209	184	201	226	247	213	181	183	185	229	101	75	81	66	133	22	74	62	21	303
TAT->G	A->G	21609	1.04527191869868e-08	52330776	953	1069	1195	1244	1324	1076	1442	1426	1277	1126	1174	1149	1350	694	473	535	417	880	213	455	322	140	1675
TAT->C	A->C	2236	1.08159933833599e-09	52330776	114	106	124	121	136	111	145	144	139	117	110	112	123	75	54	49	41	99	19	48	36	13	200
GAT->T	A->T	4022	3.11925669564658e-09	32639443	194	208	198	204	231	211	260	308	243	206	215	188	238	136	85	114	75	156	54	96	54	42	306
GAT->G	A->G	6591	5.11164119368638e-09	32639443	340	331	308	339	347	324	428	447	376	369	375	349	377	236	141	198	141	272	98	162	85	80	468
GAT->C	A->C	1318	1.02217312900602e-09	32639443	72	77	87	71	77	79	90	72	66	71	75	65	67	43	30	33	29	38	20	37	17	8	94
CAT->T	A->T	4258	2.38493516903852e-09	45194009	215	214	217	237	225	204	263	278	231	257	256	225	233	145	73	124	84	177	50	118	70	37	325
CAT->G	A->G	19836	1.1110280416404e-08	45194009	999	958	1069	988	1111	998	1306	1292	1182	1069	1109	1033	1096	700	460	582	481	740	247	515	326	165	1410
CAT->C	A->C	3300	1.84835276134972e-09	45194009	163	178	168	171	187	165	226	234	187	181	182	172	180	102	73	109	57	116	36	80	58	30	245
CAA->C	A->C	3424	1.85786650460152e-09	46652083	207	156	177	156	196	176	212	250	205	209	195	167	205	118	87	96	68	109	44	71	45	29	246
CAA->G	A->G	6930	3.76022630750249e-09	46652083	361	319	377	371	379	362	437	438	371	365	377	334	404	227	170	235	158	271	100	186	118	72	498
CAA->T	A->T	1694	9.19166430722831e-10	46652083	80	81	109	105	96	72	98	107	111	73	117	79	90	51	41	41	32	78	18	35	18	14	148
CAC->C	A->C	2461	1.76860709581742e-09	35223462	126	129	121	128	108	98	171	170	130	138	137	97	131	86	71	106	73	79	61	77	32	23	169
CAC->G	A->G	7012	5.03920071347898e-09	35223462	328	349	330	341	334	364	480	431	372	436	401	349	377	239	190	236	166	266	129	213	127	83	471
CAC->T	A->T	1937	1.39203248459908e-09	35223462	96	91	91	103	98	130	129	131	119	103	105	100	87	50	52	61	55	58	33	47	37	19	142
CAG->C	A->C	3025	1.63198820899507e-09	46920232	172	159	109	129	142	137	192	202	178	189	154	179	160	114	84	101	76	123	52	82	55	46	190
CAG->G	A->G	9823	5.29951080230034e-09	46920232	529	475	439	445	503	457	656	618	570	621	530	483	514	339	250	323	292	391	194	286	143	127	638
CAG->T	A->T	2199	1.1863610153984e-09	46920232	113	95	100	101	119	103	128	161	119	139	123	139	125	59	45	73	58	54	49	55	43	31	167
CCA->A	C->A	3726	2.17342865657043e-09	43395955	175	188	197	189	185	189	227	249	222	232	199	179	181	123	89	113	87	133	60	102	58	42	307
CCA->G	C->G	2977	1.73652633135002e-09	43395955	149	169	139	139	154	157	176	186	175	176	161	133	146	104	80	93	88	96	64	84	35	35	238
CCA->T	C->T	11363	6.62819909409817e-09	43395955	609	592	542	551	523	556	665	755	640	624	645	555	539	389	294	417	341	421	208	342	163	142	850
CCC->A	C->A	3382	2.89259696985884e-09	29596303	167	159	163	148	146	161	200	235	198	202	213	177	159	133	90	136	84	120	70	75	60	43	243
CCC->G	C->G	3510	3.00207432412907e-09	29596303	196	199	171	138	153	153	206	236	243	209	154	169	156	139	82	151	111	122	87	123	46	54	212
CCC->T	C->T	11673	9.98382153434719e-09	29596303	593	591	560	544	503	537	671	739	616	731	671	550	567	421	289	455	373	372	220	407	152	221	890
CCG->A	C->A	914	4.23998349405626e-09	5456747	52	52	44	38	41	40	64	53	44	66	54	32	45	25	29	45	28	41	20	32	8	19	42
CCG->G	C->G	954	4.42554075856638e-09	5456747	60	48	33	26	40	38	68	54	51	66	40	61	43	31	23	45	39	36	34	34	16	16	52
CCG->T	C->T	22460	1.04190404022433e-07	5456747	1328	1121	926	879	966	936	1444	1362	1220	1416	1275	1118	956	776	610	932	836	755	645	751	353	453	1402
TCG->T	C->T	16616	8.84450252581975e-08	4755595	809	823	778	762	754	765	1097	1046	915	1006	932	864	834	594	427	596	508	607	396	560	269	228	1046
TCG->G	C->G	880	4.68413711044859e-09	4755595	40	33	57	36	40	28	50	57	59	60	50	35	35	33	18	36	23	39	19	33	16	16	67
TCG->A	C->A	805	4.28492087944445e-09	4755595	47	39	32	47	37	36	41	46	44	51	43	46	50	27	23	35	18	27	16	18	13	13	56
GCG->T	C->T	18896	1.03313549036336e-07	4629823	1057	915	791	785	819	866	1232	1192	1032	1136	1016	999	856	635	499	793	667	631	519	620	297	364	1175
GCG->G	C->G	567	3.10006256898827e-09	4629823	32	34	32	20	26	31	33	29	32	42	30	22	19	18	19	22	17	16	14	11	12	16	40
GCG->A	C->A	1399	7.64900799649839e-09	4629823	77	78	66	53	54	58	101	90	78	88	74	69	68	48	30	53	36	50	42	48	26	29	83
TAG->T	A->T	1235	9.93923337168416e-10	31453274	56	69	71	78	65	62	50	82	77	50	68	75	57	46	28	39	28	46	11	17	28	12	120
TAG->G	A->G	6358	5.11689439491238e-09	31453274	312	331	362	306	341	325	394	413	355	345	361	336	387	224	151	197	123	238	84	142	93	49	489
TAG->C	A->C	1287	1.03577274083867e-09	31453274	62	56	74	76	71	58	78	78	75	67	72	65	68	45	29	38	30	46	24	37	28	14	96
GAG->T	A->T	1839	1.18127477642401e-09	39407836	90	90	87	92	83	98	115	132	115	107	108	71	98	63	44	65	45	54	32	62	41	24	123
GAG->G	A->G	4687	3.01067693153852e-09	39407836	263	248	221	232	209	237	287	290	293	281	224	255	226	156	129	161	141	164	91	130	68	64	317
GAG->C	A->C	1859	1.1941217016706e-09	39407836	90	100	89	96	95	79	125	120	122	96	99	112	81	68	51	61	61	56	26	54	24	29	125
GAA->C	A->C	2143	1.12452806224221e-09	48239596	113	111	109	122	107	120	155	143	146	111	104	116	125	74	45	65	44	83	16	44	23	19	148
GAA->G	A->G	5454	2.86195802681708e-09	48239596	258	252	323	300	301	286	333	353	283	318	296	317	269	218	121	147	136	171	63	138	99	52	420
GAA->T	A->T	1784	9.36144686439618e-10	48239596	82	92	107	123	95	95	98	107	97	103	114	92	99	56	31	48	35	63	21	41	26	17	142
GAC->C	A->C	851	9.66713769365875e-10	22283502	41	50	48	47	37	44	52	65	50	45	44	46	36	24	22	23	21	23	18	24	12	17	62
GAC->G	A->G	3790	4.30534099400313e-09	22283502	202	188	194	199	193	177	230	240	186	222	234	189	173	127	77	133	92	146	67	95	57	48	321
GAC->T	A->T	1756	1.99477012809222e-09	22283502	85	103	87	92	74	79	114	121	97	87	100	92	92	53	40	57	39	72	33	54	22	19	144
GCA->A	C->A	4690	3.4951639724442e-09	33966991	231	235	250	248	254	209	288	345	235	306	260	216	216	140	105	134	85	171	74	138	76	48	426
GCA->G	C->G	2035	1.51655835478123e-09	33966991	102	113	79	108	79	99	133	134	139	118	127	81	103	71	53	65	48	86	27	52	39	30	149
GCA->T	C->T	9789	7.2951300908862e-09	33966991	508	486	475	475	451	472	642	673	557	594	560	459	489	346	244	308	265	318	162	276	157	144	728
GCC->A	C->A	4153	3.97047126540339e-09	26477176	236	211	190	202	188	204	263	249	225	253	237	218	192	145	105	153	114	154	83	126	66	61	278
GCC->G	C->G	2297	2.19604442490527e-09	26477176	129	139	97	108	94	106	158	147	141	127	124	107	92	96	70	86	68	68	46	79	39	37	139
GCC->T	C->T	10832	1.03559221639416e-08	26477176	588	513	513	498	482	557	643	741	592	655	647	561	489	366	289	383	303	376	238	328	149	145	776
TCC->T	C->T	17405	1.21193988889302e-08	36353375	867	836	839	802	867	899	1110	1078	950	1054	995	960	870	612	415	576	432	612	278	487	270	234	1362
TCC->G	C->G	3363	2.3417143615899e-09	36353375	154	197	156	169	148	169	218	253	194	205	192	140	159	128	86	132	86	101	62	94	43	35	242
TCC->A	C->A	3821	2.66062758716473e-09	36353375	199	188	199	186	196	190	243	262	234	208	197	172	195	116	85	132	112	151	55	97	56	43	305
TAC->T	A->T	1244	1.14950005613912e-09	27394487	58	60	63	75	57	70	87	93	71	71	96	54	81	40	22	31	29	37	12	23	16	7	91
TAC->G	A->G	6762	6.24832747557294e-09	27394487	330	334	343	381	353	333	439	438	389	355	417	331	393	217	159	198	158	272	80	161	99	60	522
TAC->C	A->C	956	8.83377856647106e-10	27394487	46	58	53	54	50	48	56	49	70	55	59	49	46	23	22	33	21	36	15	24	15	4	70
TAA->C	A->C	2464	1.21260112587604e-09	51436869	122	120	134	135	143	138	154	155	166	135	133	113	142	90	59	63	51	104	29	40	34	19	185
TAA->G	A->G	8356	4.11221388304392e-09	51436869	401	391	473	444	481	466	553	546	465	470	426	401	517	271	201	224	178	325	82	190	139	55	657
TAA->T	A->T	3252	1.60039726515783e-09	51436869	163	165	168	165	192	171	222	198	200	194	157	184	192	99	70	100	64	118	51	85	42	19	233
TCA->A	C->A	3693	1.96558560222558e-09	47559703	183	184	219	214	206	186	207	225	215	200	226	187	184	126	68	115	74	144	40	84	61	31	314
TCA->G	C->G	3775	2.00922979918807e-09	47559703	164	224	207	189	168	181	268	276	235	197	210	173	204	123	95	134	81	135	57	80	52	38	284
TCA->T	C->T	11610	6.17937959432411e-09	47559703	588	609	614	626	623	568	735	748	669	662	653	617	630	362	264	351	271	420	160	285	152	104	899
