Context	X1mer	Count	Rate	context_in_genome	chr1	chr2	chr3	chr4	chr5	chr6	chr7	chr8	chr9	chr10	chr11	chr12	chr13	chr14	chr15	chr16	chr17	chr18	chr19	chr20	chr21	chr22	chrX
AAA->C	A->C	8594	1.62583732625238e-09	94426158	371	379	455	421	648	394	561	527	541	488	434	406	514	315	219	224	199	310	137	175	125	68	683
AAA->G	A->G	14769	2.79404136274394e-09	94426158	656	662	754	696	1054	727	1006	931	840	846	788	770	917	507	342	425	356	537	225	370	208	133	1019
AAA->T	A->T	5211	9.85831778810934e-10	94426158	223	235	271	271	364	238	385	335	277	297	282	245	342	175	121	127	99	194	76	128	88	37	401
AAC->C	A->C	2767	1.39680167845358e-09	35387385	116	146	153	137	186	126	160	182	162	162	135	120	156	86	69	79	74	95	52	76	45	26	224
AAC->G	A->G	11250	5.6790816344788e-09	35387385	491	520	558	587	748	560	696	738	641	618	568	597	685	372	249	341	252	370	170	320	181	88	900
AAC->T	A->T	3404	1.71836390077918e-09	35387385	162	152	145	181	249	180	210	213	185	185	189	157	172	131	78	86	63	131	50	101	48	31	305
AAG->C	A->C	3868	1.4288666231551e-09	48358056	184	185	197	184	275	179	253	246	242	210	216	197	244	142	101	121	87	134	63	86	63	35	224
AAG->G	A->G	10391	3.8385090695979e-09	48358056	466	485	495	522	694	502	712	709	599	607	559	521	582	376	249	308	253	401	125	242	154	94	736
AAG->T	A->T	2551	9.42357485953637e-10	48358056	121	112	132	132	169	128	172	161	141	136	133	120	127	104	59	92	50	118	39	67	32	19	187
AAT->C	A->C	4107	1.17230928504865e-09	62583026	196	178	190	234	284	213	262	236	243	216	231	177	280	147	99	119	93	182	50	92	70	31	284
AAT->G	A->G	26734	7.6309998603581e-09	62583026	1119	1310	1420	1327	1856	1285	1820	1707	1663	1544	1363	1327	1632	941	656	792	580	960	316	634	402	213	1867
AAT->T	A->T	5695	1.62559079093063e-09	62583026	237	231	310	313	427	253	361	363	307	330	292	291	363	223	121	155	101	205	79	120	85	27	501
ACA->A	C->A	8119	2.95581045509266e-09	49068188	379	337	427	411	493	437	543	488	500	426	467	392	519	266	189	247	149	301	103	162	126	72	685
ACA->G	C->G	6114	2.22586834861886e-09	49068188	266	305	309	319	404	296	397	398	380	334	344	283	334	213	137	221	119	196	104	133	84	56	482
ACA->T	C->T	24131	8.78515360165549e-09	49068188	1162	1088	1160	1178	1548	1163	1621	1521	1389	1398	1290	1218	1401	884	553	740	532	937	372	608	324	260	1784
ACC->A	C->A	10193	6.68623472750049e-09	27232936	440	469	474	513	629	491	639	703	572	580	580	513	549	376	251	323	256	352	170	304	152	115	742
ACC->G	C->G	3761	2.46707827039432e-09	27232936	169	182	156	168	250	190	256	259	211	205	206	177	189	126	93	150	84	155	61	89	54	52	279
ACC->T	C->T	14258	9.35272586527048e-09	27232936	726	626	653	673	846	669	932	878	772	883	838	740	726	487	385	445	369	536	276	385	203	180	1030
ACG->A	C->A	1790	5.84924568768089e-09	5466725	69	88	70	73	98	79	137	124	89	119	87	103	93	64	43	68	41	80	37	56	33	18	121
ACG->G	C->G	1114	3.64025681345057e-09	5466725	48	46	56	50	58	54	67	73	63	62	55	46	67	45	26	54	28	38	26	34	16	17	85
ACG->T	C->T	39413	1.28791240384674e-07	5466725	1960	1905	1691	1714	2321	1746	2573	2557	2131	2469	2065	1986	2053	1418	1020	1376	1139	1471	793	1209	657	634	2525
ACT->A	C->A	4705	2.18186169195892e-09	38521791	216	201	257	257	316	227	326	313	252	255	266	248	270	160	109	131	83	174	49	104	78	39	374
ACT->G	C->G	6282	2.91316793812665e-09	38521791	262	322	313	297	371	300	468	450	423	340	331	299	342	215	160	224	135	236	90	147	98	52	407
ACT->T	C->T	16778	7.78050488154871e-09	38521791	781	718	829	830	1165	852	1136	1054	943	947	900	850	994	595	366	457	398	630	274	433	262	155	1209
TCT->T	C->T	16254	5.38678593898073e-09	53901965	793	727	759	826	1044	821	1024	1024	934	945	875	823	898	573	364	510	380	576	260	439	236	156	1267
TCT->G	C->G	9970	3.30418701929604e-09	53901965	395	493	505	504	682	428	650	716	724	509	514	453	530	383	253	374	200	331	127	246	144	106	703
TCT->A	C->A	8596	2.84882563870299e-09	53901965	398	423	467	491	552	421	548	518	504	472	498	432	512	275	178	222	148	320	99	208	133	66	711
GCT->T	C->T	16901	9.28815063960207e-09	32505527	798	788	763	845	1087	807	1043	1124	952	948	983	817	834	573	409	550	420	656	271	487	242	194	1310
GCT->G	C->G	3905	2.1460403672946e-09	32505527	181	198	168	180	222	186	257	287	238	244	213	180	195	131	98	158	95	118	82	117	51	45	261
GCT->A	C->A	3795	2.08558852596236e-09	32505527	180	187	186	203	238	190	212	286	223	233	185	177	202	120	81	113	83	144	73	90	51	40	298
CCT->T	C->T	20797	9.01499254050060e-09	41210642	1006	978	920	1062	1250	1016	1242	1308	1048	1232	1204	1022	1031	744	516	751	524	771	404	617	310	273	1568
CCT->G	C->G	6018	2.60865630180952e-09	41210642	261	325	259	239	341	282	404	421	428	330	341	270	281	225	182	233	150	201	107	165	72	91	410
CCT->A	C->A	4324	1.87434859571691e-09	41210642	231	209	193	248	277	202	257	286	254	248	259	220	214	158	108	171	93	154	54	108	53	44	283
TAT->T	A->T	5462	1.86452658946609e-09	52330776	205	241	332	288	396	269	356	355	317	287	258	263	338	194	116	155	96	234	66	125	97	37	437
TAT->G	A->G	30846	1.05296937346523e-08	52330776	1354	1398	1612	1656	2192	1480	2095	2059	1830	1606	1685	1526	1997	1185	673	827	604	1210	324	648	482	228	2175
TAT->C	A->C	3217	1.09816588032084e-09	52330776	140	172	158	178	217	157	211	202	176	154	169	152	200	136	72	76	59	145	42	73	52	28	248
GAT->T	A->T	6675	3.65327690464775e-09	32639443	288	275	342	373	454	337	415	411	377	369	394	323	382	234	148	185	128	249	89	183	100	69	550
GAT->G	A->G	9580	5.24320490584651e-09	32639443	423	410	459	531	664	470	616	616	580	536	529	499	526	339	205	333	167	344	169	243	149	86	686
GAT->C	A->C	1922	1.05192482557797e-09	32639443	89	81	97	85	134	85	115	102	105	113	108	104	122	81	41	51	45	71	26	62	44	21	140
CAT->T	A->T	6583	2.60205844737153e-09	45194009	312	301	311	336	459	316	416	486	378	376	352	339	362	235	122	225	123	250	94	154	103	45	488
CAT->G	A->G	28553	1.1286127122558e-08	45194009	1335	1342	1368	1389	1912	1380	1832	1885	1669	1673	1557	1420	1708	1061	705	861	610	1123	427	745	417	288	1846
CAT->C	A->C	5138	2.03089416718744e-09	45194009	217	220	268	270	351	239	346	340	331	290	285	262	276	182	128	157	111	187	62	134	83	68	331
CAA->C	A->C	5000	1.91457782634848e-09	46652083	216	221	246	253	352	250	304	311	336	286	272	248	299	170	105	149	126	186	80	119	75	36	360
CAA->G	A->G	9993	3.82647524374008e-09	46652083	474	436	487	478	688	510	646	625	561	572	542	515	586	347	259	315	223	337	140	286	145	116	705
CAA->T	A->T	2517	9.63798477783827e-10	46652083	106	128	111	154	200	133	137	177	141	139	128	118	131	75	57	70	55	109	37	58	45	24	184
CAC->C	A->C	3648	1.85010701837927e-09	35223462	188	210	171	152	189	160	265	223	206	227	216	171	194	121	102	114	93	125	64	110	54	39	254
CAC->G	A->G	10198	5.17198228438372e-09	35223462	493	453	478	517	593	430	741	639	571	574	575	528	532	371	280	314	276	401	192	313	134	139	654
CAC->T	A->T	3239	1.64267999795243e-09	35223462	163	162	137	183	182	154	191	227	188	199	169	173	158	122	99	107	77	116	63	80	48	40	201
CAG->C	A->C	4330	1.64854879263363e-09	46920232	220	217	195	178	233	209	287	270	248	277	250	212	238	168	111	160	117	139	74	158	58	55	256
CAG->G	A->G	13898	5.29134667898897e-09	46920232	722	676	613	598	829	638	934	823	755	802	750	728	746	525	364	471	370	526	302	455	188	193	890
CAG->T	A->T	3000	1.14218161152446e-09	46920232	113	150	142	143	183	135	199	171	164	163	167	147	162	128	85	101	74	105	58	91	48	47	224
CCA->A	C->A	5614	2.31098548762904e-09	43395955	274	243	300	307	334	280	363	353	290	310	306	278	278	191	141	185	137	198	93	164	84	72	433
CCA->G	C->G	4304	1.77172809739141e-09	43395955	222	205	205	190	222	202	268	255	274	271	237	222	210	170	128	156	114	143	77	120	64	63	286
CCA->T	C->T	16454	6.77323748012971e-09	43395955	826	799	755	764	967	763	1080	1006	975	999	860	849	803	577	433	577	431	563	319	503	224	236	1145
CCC->A	C->A	5241	3.16337555975863e-09	29596303	273	260	226	275	282	238	302	322	283	312	303	262	256	173	134	189	128	202	131	151	53	100	386
CCC->G	C->G	5357	3.23339112261533e-09	29596303	273	262	225	230	320	206	375	330	303	342	320	262	222	217	167	206	152	183	118	166	61	91	326
CCC->T	C->T	14611	8.81894300775297e-09	29596303	779	687	594	673	860	710	947	900	771	884	865	722	610	523	392	551	412	502	344	464	186	261	974
CCG->A	C->A	1422	4.65521601391091e-09	5456747	85	49	46	60	82	57	97	77	72	89	72	68	72	48	33	56	58	46	52	50	24	23	106
CCG->G	C->G	1418	4.64212117280286e-09	5456747	74	69	63	55	59	64	91	90	82	98	66	66	64	49	41	71	49	32	48	54	29	26	78
CCG->T	C->T	33347	1.09168416607516e-07	5456747	1828	1502	1302	1373	1623	1398	2254	1984	1819	2049	1826	1648	1531	1228	924	1433	1205	1139	904	1225	499	688	1965
TCG->T	C->T	24138	9.06714333739604e-08	4755595	1267	1122	965	988	1341	1108	1606	1478	1252	1625	1269	1281	1194	848	635	934	753	876	584	727	350	368	1567
TCG->G	C->G	1268	4.7630863169352e-09	4755595	72	43	40	44	88	67	91	73	78	78	57	63	56	41	33	60	43	38	36	35	25	20	87
TCG->A	C->A	1238	4.65039500028847e-09	4755595	54	67	61	59	69	49	81	78	60	88	66	75	53	37	33	58	36	38	29	40	19	12	76
GCG->T	C->T	27517	1.06172185179582e-07	4629823	1485	1287	1072	1135	1386	1129	1794	1756	1510	1690	1470	1339	1220	1016	766	1060	970	1010	749	942	440	519	1772
GCG->G	C->G	836	3.22564039721376e-09	4629823	41	30	29	39	38	51	46	56	45	56	37	38	44	34	25	33	30	32	26	27	16	16	47
GCG->A	C->A	2067	7.97535729789574e-09	4629823	105	108	68	100	123	86	124	102	117	136	107	101	103	74	49	84	65	65	61	79	40	35	135
TAG->T	A->T	1774	1.00753888743856e-09	31453274	80	92	100	91	125	89	119	117	95	85	96	89	112	65	50	42	31	54	22	40	31	14	135
TAG->G	A->G	8839	5.02008806430068e-09	31453274	411	388	466	429	633	415	565	568	497	509	475	459	529	315	215	250	203	332	125	193	133	71	658
TAG->C	A->C	1884	1.0700131138299e-09	31453274	61	89	112	98	128	92	115	135	110	116	109	84	116	57	44	44	40	80	27	42	29	20	136
GAG->T	A->T	2503	1.13462493242672e-09	39407836	118	111	109	117	161	118	159	163	146	139	130	134	124	99	58	79	62	90	46	85	35	23	197
GAG->G	A->G	6774	3.0706948830438e-09	39407836	300	332	327	289	412	267	436	464	363	402	371	332	384	241	179	221	178	249	148	203	114	104	458
GAG->C	A->C	2607	1.18176875702616e-09	39407836	129	122	116	104	141	119	178	163	161	169	144	134	127	97	76	89	70	108	49	65	47	31	168
GAA->C	A->C	3052	1.13019902266543e-09	48239596	137	145	149	146	197	147	208	186	186	182	158	150	182	124	80	92	71	113	40	78	53	26	202
GAA->G	A->G	8193	3.03398446680794e-09	48239596	365	354	385	402	548	452	545	527	473	452	444	425	441	278	204	236	178	328	122	210	122	66	636
GAA->T	A->T	2661	9.85406159669955e-10	48239596	107	132	129	134	185	142	196	178	147	140	147	151	143	89	48	70	49	95	40	70	43	15	211
GAC->C	A->C	1280	1.02612574891419e-09	22283502	49	58	53	61	79	66	60	86	84	89	62	75	72	44	44	40	30	52	26	36	18	15	81
GAC->G	A->G	5684	4.55663965377208e-09	22283502	290	284	274	275	355	265	319	336	336	309	280	305	302	198	139	168	133	227	89	164	92	68	476
GAC->T	A->T	2926	2.34565932915853e-09	22283502	150	137	129	157	176	118	200	194	169	165	157	136	151	118	62	102	68	114	42	79	33	40	229
GCA->A	C->A	6696	3.52153840403051e-09	33966991	282	292	319	346	464	329	442	439	383	382	381	334	369	215	158	203	147	232	86	203	95	54	541
GCA->G	C->G	3033	1.59510543300844e-09	33966991	126	148	150	115	183	135	231	196	188	177	176	153	154	108	85	102	56	116	59	90	45	36	204
GCA->T	C->T	13718	7.2145256610649e-09	33966991	641	661	603	675	843	630	857	921	811	830	704	638	749	468	373	469	349	501	257	409	202	162	965
GCC->A	C->A	6157	4.15404839129357e-09	26477176	351	288	260	306	334	267	364	373	351	399	344	306	329	194	158	226	174	214	121	194	89	78	437
GCC->G	C->G	3340	2.25345486875435e-09	26477176	164	161	151	152	191	159	195	214	210	234	166	171	150	106	80	150	106	114	59	87	47	76	197
GCC->T	C->T	14928	1.00717288265763e-08	26477176	715	620	583	699	826	716	990	989	830	931	826	702	758	519	380	566	433	519	344	490	233	231	1028
TCC->T	C->T	14891	7.31733919732116e-09	36353375	737	685	716	728	859	692	971	999	840	849	835	709	796	503	384	511	388	542	302	433	199	199	1014
TCC->G	C->G	4949	2.43190596249697e-09	36353375	199	263	208	210	316	234	353	309	354	308	253	219	260	161	126	188	143	182	97	138	73	70	285
TCC->A	C->A	5568	2.73607848033606e-09	36353375	253	244	257	252	355	241	356	363	316	319	307	293	288	205	155	193	139	220	86	187	66	78	395
TAC->T	A->T	1997	1.30223376841146e-09	27394487	86	102	106	103	129	103	138	126	107	123	95	106	123	72	46	42	48	73	29	40	38	15	147
TAC->G	A->G	10073	6.56855320441094e-09	27394487	462	472	516	542	736	503	640	623	512	578	485	543	593	366	221	264	217	393	131	241	153	90	792
TAC->C	A->C	1673	1.09095497974581e-09	27394487	65	94	82	96	102	71	100	115	131	96	91	95	101	54	48	44	25	70	27	26	22	11	107
TAA->C	A->C	3557	1.23533117194821e-09	51436869	144	154	200	174	283	172	243	246	213	207	198	161	223	129	67	100	59	151	35	65	51	22	260
TAA->G	A->G	11923	4.14080786143901e-09	51436869	525	522	615	622	794	635	794	730	669	663	594	568	760	435	295	316	236	517	118	274	231	85	925
TAA->T	A->T	4740	1.64618210712244e-09	51436869	207	207	223	271	306	258	311	276	258	253	248	244	310	175	121	146	117	179	67	96	77	24	366
TCA->A	C->A	5323	1.99936181026011e-09	47559703	246	234	263	308	349	244	308	364	326	302	300	237	299	192	124	157	116	216	62	117	92	32	435
TCA->G	C->G	5328	2.0012398506605e-09	47559703	217	280	288	243	413	235	343	350	330	282	268	259	318	169	119	195	121	185	86	126	80	58	363
TCA->T	C->T	14858	5.58078485381264e-09	47559703	733	692	702	740	958	698	1010	953	847	893	834	678	806	536	348	466	356	563	263	383	200	156	1043
