Context	X1mer	Count	Rate	context_in_genome	chr1	chr2	chr3	chr4	chr5	chr6	chr7	chr8	chr9	chr10	chr11	chr12	chr13	chr14	chr15	chr16	chr17	chr18	chr19	chr20	chr21	chr22	chrX
AAA->C	A->C	10977	1.64709684093414e-09	94426158	788	887	743	915	814	731	584	527	547	484	458	454	538	350	231	238	190	327	141	169	131	69	661
AAA->G	A->G	18839	2.82678850199127e-09	94426158	1293	1552	1226	1510	1356	1271	1036	964	871	846	851	777	930	517	373	480	357	595	242	358	232	131	1071
AAA->T	A->T	6655	9.98581531968359e-10	94426158	450	568	468	542	497	443	376	343	284	301	299	267	327	179	126	161	107	184	78	101	85	41	428
AAC->C	A->C	3523	1.41056129118068e-09	35387385	224	335	244	266	276	218	163	190	181	163	135	144	178	96	70	89	61	101	45	79	43	28	194
AAC->G	A->G	14202	5.68628766884702e-09	35387385	987	1242	901	1114	1013	957	718	798	625	640	586	616	673	400	282	338	264	394	159	287	174	87	947
AAC->T	A->T	4318	1.72886848007896e-09	35387385	338	339	261	370	321	289	193	232	205	188	212	162	181	123	77	90	61	135	49	102	48	36	306
AAG->C	A->C	4972	1.45676693561519e-09	48358056	344	428	316	399	363	347	277	264	249	235	207	189	242	146	108	129	98	146	52	106	61	32	234
AAG->G	A->G	13334	3.90678405460438e-09	48358056	949	1182	842	1079	943	915	674	755	630	622	603	518	592	375	272	308	268	409	135	266	161	95	741
AAG->T	A->T	3316	9.71568615949312e-10	48358056	234	273	227	297	219	250	166	177	151	143	144	127	139	108	55	83	51	110	48	52	37	19	206
AAT->C	A->C	5317	1.2037544112479e-09	62583026	412	445	319	460	362	378	262	250	269	233	218	193	278	163	104	121	91	188	46	84	76	32	333
AAT->G	A->G	34288	7.76271041054506e-09	62583026	2407	2994	2348	2873	2412	2257	1804	1780	1698	1545	1448	1374	1656	988	671	865	596	1014	337	650	447	205	1919
AAT->T	A->T	7355	1.66515209605573e-09	62583026	475	604	476	667	551	496	378	379	323	348	290	290	363	228	123	171	112	221	73	137	103	34	513
ACA->A	C->A	10203	2.94615543340979e-09	49068188	709	798	719	839	668	741	546	512	497	452	468	401	501	259	178	261	158	310	110	182	146	72	676
ACA->G	C->G	7728	2.23148967846622e-09	49068188	542	666	517	640	545	542	405	423	407	368	350	277	311	217	157	225	124	199	105	122	85	54	447
ACA->T	C->T	30650	8.85030520768499e-09	49068188	2273	2630	1982	2375	2115	2043	1657	1574	1461	1425	1293	1270	1420	882	569	733	546	969	362	648	352	248	1823
ACC->A	C->A	12787	6.65276203515444e-09	27232936	938	1070	814	954	832	834	636	722	548	614	599	517	585	381	269	334	261	360	169	313	150	129	758
ACC->G	C->G	4615	2.40107114978007e-09	27232936	348	388	267	315	326	289	258	253	232	223	210	172	188	110	98	154	85	147	65	106	55	61	265
ACC->T	C->T	18077	9.40501910608327e-09	27232936	1430	1493	1100	1331	1228	1183	922	931	791	892	847	752	791	533	373	480	389	535	279	420	203	170	1004
ACG->A	C->A	2195	5.68898890241951e-09	5466725	148	171	131	163	131	137	140	122	100	120	86	105	86	63	39	68	37	78	39	56	31	28	116
ACG->G	C->G	1376	3.56630921627756e-09	5466725	104	112	89	77	90	87	61	77	56	73	58	55	62	46	25	49	27	41	33	33	17	19	85
ACG->T	C->T	48881	1.26689506395976e-07	5466725	3581	4261	2998	3438	3211	3147	2570	2490	2100	2453	2170	2004	2054	1382	1047	1376	1130	1512	816	1220	668	633	2620
ACT->A	C->A	6084	2.2377446334787e-09	38521791	455	515	423	496	419	373	326	330	269	249	270	261	287	166	116	152	88	188	59	136	81	34	391
ACT->G	C->G	7916	2.9115691187734e-09	38521791	553	668	480	619	518	494	452	471	445	367	355	307	357	231	174	224	140	234	86	151	90	48	452
ACT->T	C->T	21316	7.84019799592898e-09	38521791	1548	1693	1374	1676	1516	1466	1115	1114	978	972	945	899	1005	635	390	478	429	646	266	483	258	171	1259
TCT->T	C->T	20543	5.39991667030963e-09	53901965	1571	1695	1282	1607	1387	1412	1029	1076	935	959	874	841	884	589	386	533	408	618	259	454	257	156	1331
TCT->G	C->G	12560	3.30151162824752e-09	53901965	845	1098	801	956	900	767	697	775	745	521	558	460	545	397	264	390	213	315	131	242	139	112	689
TCT->A	C->A	10902	2.86569106458237e-09	53901965	759	883	718	1000	786	675	563	526	506	476	509	430	556	290	176	234	166	364	101	192	140	68	784
GCT->T	C->T	20932	9.12391654352149e-09	32505527	1568	1752	1302	1568	1495	1349	1028	1107	988	928	944	847	874	571	399	571	401	667	284	490	261	196	1342
GCT->G	C->G	4883	2.128419858686e-09	32505527	339	437	283	340	312	295	269	311	271	235	216	176	178	141	102	166	102	128	80	117	49	58	278
GCT->A	C->A	4826	2.10357449068578e-09	32505527	334	410	329	390	319	304	239	279	242	248	202	189	203	115	97	124	92	150	75	107	42	46	290
CCT->T	C->T	25945	8.92014849803504e-09	41210642	2054	2166	1563	1980	1691	1701	1272	1338	1084	1230	1218	1074	1039	758	514	722	563	790	414	605	313	276	1580
CCT->G	C->G	7490	2.5751363364919e-09	41210642	526	642	464	524	465	469	429	451	412	333	353	282	279	216	184	276	156	197	107	175	72	83	395
CCT->A	C->A	5388	1.8524478746353e-09	41210642	427	470	336	427	367	313	265	267	255	285	275	219	214	161	104	177	96	151	57	108	52	53	309
TAT->T	A->T	6862	1.85789569512049e-09	52330776	470	570	531	609	490	455	353	347	312	282	266	285	331	207	120	152	90	237	62	112	97	44	440
TAT->G	A->G	39824	1.0782401364395e-08	52330776	2731	3436	2744	3443	2950	2757	2095	2056	1976	1662	1746	1536	2035	1162	715	832	634	1245	336	709	540	210	2274
TAT->C	A->C	4141	1.12118129896444e-09	52330776	272	368	257	392	299	296	197	222	176	163	183	139	208	120	74	85	70	151	38	69	59	27	276
GAT->T	A->T	8458	3.67157776873492e-09	32639443	597	661	540	710	641	606	439	396	379	379	398	333	381	254	141	194	141	250	88	187	97	63	583
GAT->G	A->G	12436	5.39840874107205e-09	32639443	891	1055	789	1049	878	835	664	650	608	556	593	509	532	350	230	309	191	372	169	256	169	84	697
GAT->C	A->C	2496	1.08350178656448e-09	32639443	172	224	170	188	169	163	107	128	111	131	111	114	117	77	47	67	45	70	30	50	42	22	141
CAT->T	A->T	8330	2.61151138315303e-09	45194009	604	680	537	672	604	578	414	486	383	375	375	345	367	227	133	254	130	242	96	174	110	59	485
CAT->G	A->G	36470	1.14335918539725e-08	45194009	2729	3177	2294	2955	2472	2432	1810	1979	1709	1680	1631	1468	1795	1091	723	905	643	1176	419	778	431	293	1880
CAT->C	A->C	6520	2.04406413183166e-09	45194009	445	557	435	499	466	423	358	332	320	308	286	262	313	198	129	174	119	201	61	145	70	69	350
CAA->C	A->C	6434	1.95405960300165e-09	46652083	480	563	428	516	451	433	316	311	340	300	291	267	309	152	108	163	120	178	80	127	72	45	384
CAA->G	A->G	12822	3.89414862133776e-09	46652083	960	1078	861	1008	956	889	633	635	626	614	515	530	595	362	260	324	249	358	147	273	139	102	708
CAA->T	A->T	3231	9.81281718572945e-10	46652083	215	261	239	292	259	229	139	175	156	118	147	128	146	76	60	78	64	103	36	55	45	18	192
CAC->C	A->C	4630	1.86241620341834e-09	35223462	381	449	269	321	307	291	245	245	219	221	190	198	185	110	114	127	99	126	72	122	59	50	230
CAC->G	A->G	12784	5.14236041997842e-09	35223462	989	1038	791	965	806	774	676	672	617	608	564	544	540	386	269	334	307	387	201	344	140	142	690
CAC->T	A->T	3948	1.5880818944051e-09	35223462	314	338	218	327	253	245	204	227	168	194	187	171	157	113	93	120	75	112	55	85	43	36	213
CAG->C	A->C	5423	1.63759778842633e-09	46920232	424	450	353	389	335	355	292	280	260	276	250	219	242	171	107	163	110	132	89	152	62	50	262
CAG->G	A->G	17410	5.25734418154203e-09	46920232	1396	1562	1076	1169	1172	1139	904	881	818	783	782	736	750	511	365	500	366	504	300	479	179	197	841
CAG->T	A->T	3898	1.17708946695295e-09	46920232	286	337	225	306	270	232	209	203	165	173	165	158	172	132	84	103	84	122	62	88	45	45	232
CCA->A	C->A	6851	2.23682756947586e-09	43395955	550	542	444	525	459	428	344	351	301	316	306	306	312	196	129	187	137	191	98	150	96	67	416
CCA->G	C->G	5370	1.75328624260478e-09	43395955	419	467	334	346	323	311	270	274	283	291	249	205	217	163	124	158	138	170	92	117	60	62	297
CCA->T	C->T	20616	6.73105198836876e-09	43395955	1557	1756	1284	1462	1347	1309	1055	1050	1012	1020	924	858	856	593	412	601	439	573	310	542	236	233	1187
CCC->A	C->A	6482	3.10312558014446e-09	29596303	479	542	370	462	435	405	332	341	302	320	316	247	260	176	139	203	129	201	138	152	70	91	372
CCC->G	C->G	6715	3.21466958819347e-09	29596303	535	587	377	432	446	417	364	337	329	353	303	267	239	209	174	232	164	177	107	155	81	84	346
CCC->T	C->T	18032	8.63245301776689e-09	29596303	1452	1545	1024	1203	1137	1171	923	915	814	877	872	734	625	527	413	560	418	505	353	463	218	250	1033
CCG->A	C->A	1749	4.54133752068487e-09	5456747	151	127	80	122	113	105	97	76	87	92	68	74	75	50	36	55	59	42	53	44	24	18	101
CCG->G	C->G	1764	4.5802855268657e-09	5456747	162	152	98	97	100	106	86	85	79	99	78	62	58	47	43	87	51	47	59	46	20	27	75
CCG->T	C->T	40743	1.05790574388373e-07	5456747	3241	3414	2298	2573	2431	2433	2257	1957	1844	2161	1814	1639	1500	1219	894	1400	1161	1127	950	1225	531	672	2002
TCG->T	C->T	29899	8.90798733630974e-08	4755595	2337	2504	1814	2018	1863	1952	1565	1531	1303	1633	1299	1234	1247	867	625	917	748	901	530	723	369	367	1552
TCG->G	C->G	1581	4.71036756369969e-09	4755595	121	139	79	104	123	111	94	64	76	72	71	63	62	43	39	52	40	42	36	37	25	17	71
TCG->A	C->A	1608	4.79081027351619e-09	4755595	114	130	94	117	106	80	84	89	65	85	74	78	65	40	30	64	43	43	36	41	25	10	95
GCG->T	C->T	33897	1.03734845589761e-07	4629823	2728	2840	1900	2199	2058	2009	1762	1756	1509	1757	1532	1442	1188	1010	765	1020	980	1007	753	948	450	541	1743
GCG->G	C->G	1037	3.17352670963749e-09	4629823	78	83	58	69	64	68	50	56	38	57	36	42	38	34	22	39	31	35	29	31	18	15	46
GCG->A	C->A	2517	7.7027644437392e-09	4629823	189	222	128	195	158	141	134	122	137	145	97	90	100	71	56	79	57	66	55	73	34	29	139
TAG->T	A->T	2275	1.02480994746757e-09	31453274	152	201	150	185	177	161	117	108	107	112	101	90	116	55	50	48	32	56	21	40	34	18	144
TAG->G	A->G	11369	5.12134694187202e-09	31453274	871	973	770	953	842	765	589	557	511	500	506	448	519	322	233	261	230	338	113	221	144	70	633
TAG->C	A->C	2414	1.08742470909306e-09	31453274	161	216	179	226	178	158	122	124	124	109	107	89	131	58	39	50	36	64	25	39	31	19	129
GAG->T	A->T	3282	1.18000481415043e-09	39407836	260	274	187	250	224	213	168	173	145	150	143	136	130	90	54	93	67	116	56	82	41	26	204
GAG->G	A->G	8443	3.03558215901039e-09	39407836	628	732	545	603	549	533	434	488	412	395	367	337	392	237	180	235	164	252	132	198	111	92	427
GAG->C	A->C	3286	1.18144296748882e-09	39407836	253	269	184	243	194	215	184	173	163	163	153	133	129	112	82	95	69	102	53	73	46	31	167
GAA->C	A->C	3939	1.15693805998989e-09	48239596	308	328	256	304	301	286	201	203	194	184	181	142	181	117	86	79	68	117	39	95	45	24	200
GAA->G	A->G	10511	3.08722415550996e-09	48239596	735	892	730	850	737	742	569	525	492	489	488	412	474	319	218	222	167	342	113	197	119	66	613
GAA->T	A->T	3566	1.04738286923685e-09	48239596	265	311	221	305	245	257	205	200	172	149	155	151	160	97	48	85	47	109	39	68	35	16	226
GAC->C	A->C	1613	1.02560165459226e-09	22283502	111	127	110	129	101	106	55	82	86	86	67	71	83	39	39	48	31	47	28	39	19	17	92
GAC->G	A->G	7231	4.59772198658193e-09	22283502	545	638	434	547	466	487	330	355	347	349	315	315	306	225	140	173	131	194	103	172	106	71	482
GAC->T	A->T	3697	2.35068153566497e-09	22283502	268	322	211	326	249	226	198	200	182	170	160	133	154	112	68	95	75	117	46	82	39	33	231
GCA->A	C->A	8488	3.54059363499278e-09	33966991	601	672	518	689	589	609	444	463	367	404	393	351	387	222	163	202	160	251	84	186	100	62	571
GCA->G	C->G	3771	1.57299465098466e-09	33966991	264	322	238	252	239	243	242	211	191	179	170	144	145	117	90	108	66	105	59	88	48	39	211
GCA->T	C->T	17175	7.16419600388795e-09	33966991	1275	1446	1031	1292	1153	1085	900	954	810	847	756	645	757	475	363	472	353	498	256	423	199	170	1015
GCC->A	C->A	7782	4.16435124955243e-09	26477176	621	651	417	594	501	492	383	404	373	409	375	320	308	230	157	237	190	225	117	195	90	73	420
GCC->G	C->G	4117	2.20311412161493e-09	26477176	306	333	254	271	275	272	197	215	206	221	171	172	173	131	84	135	97	116	57	99	56	60	216
GCC->T	C->T	18115	9.69380916032412e-09	26477176	1351	1488	988	1278	1134	1131	989	983	809	895	885	701	724	483	403	571	403	551	341	493	222	224	1068
TCC->T	C->T	18692	7.28515548957849e-09	36353375	1435	1590	1206	1364	1175	1222	963	1005	900	901	829	735	784	498	411	520	402	542	307	468	227	192	1016
TCC->G	C->G	6143	2.39421732144664e-09	36353375	429	558	351	424	396	387	347	292	353	320	285	229	259	191	134	192	142	179	92	149	76	65	293
TCC->A	C->A	7041	2.74421034678591e-09	36353375	504	600	431	488	487	467	344	396	335	335	328	281	294	202	146	206	132	207	96	187	80	73	422
TAC->T	A->T	2490	1.28784609241327e-09	27394487	183	197	189	216	168	176	131	128	114	105	98	91	121	69	51	45	48	76	29	50	40	15	150
TAC->G	A->G	12863	6.65283706293651e-09	27394487	908	1094	884	1097	923	894	652	649	562	625	507	544	622	359	248	273	223	421	124	242	160	84	768
TAC->C	A->C	2054	1.06234372442444e-09	27394487	136	196	150	167	141	131	94	106	123	108	94	82	100	59	46	46	26	60	28	24	20	15	102
TAA->C	A->C	4737	1.30483816065717e-09	51436869	331	406	304	397	367	334	255	247	216	229	209	160	252	146	79	113	58	170	44	75	64	24	257
TAA->G	A->G	15293	4.21255857946594e-09	51436869	1140	1333	1030	1286	1060	1053	801	779	687	651	621	583	807	447	297	339	250	501	127	284	222	83	912
TAA->T	A->T	6201	1.70810669922633e-09	51436869	439	494	405	550	420	462	315	284	290	263	261	252	328	172	126	154	126	191	63	101	96	29	380
TCA->A	C->A	6847	2.03980655717786e-09	47559703	487	574	447	591	478	456	316	365	340	285	322	279	324	199	135	136	129	211	66	121	95	33	458
TCA->G	C->G	6757	2.01299443651976e-09	47559703	481	590	452	516	510	414	339	380	341	277	278	295	343	181	125	219	122	179	88	124	77	63	363
TCA->T	C->T	18792	5.59837079341118e-09	47559703	1428	1608	1185	1477	1328	1275	990	1000	889	900	823	688	855	564	346	478	350	559	244	408	213	148	1036
