Context	X1mer	Count	Rate	context_in_genome	chr1	chr2	chr3	chr4	chr5	chr6	chr7	chr8	chr9	chr10	chr11	chr12	chr13	chr14	chr15	chr16	chr17	chr18	chr19	chr20	chr21	chr22	chrX
AAA->C	A->C	12706	1.67792256806132e-09	94898647	704	873	1283	1968	1051	908	528	557	469	476	523	410	477	307	198	235	210	302	151	175	119	72	710
AAA->G	A->G	21648	2.85878071410290e-09	94898647	1198	1510	2182	3185	1816	1659	889	916	828	814	829	768	832	551	323	409	380	538	214	362	203	125	1117
AAA->T	A->T	7651	1.0103719162787e-09	94898647	423	518	778	1185	663	557	324	336	287	299	293	253	324	171	89	146	117	152	92	119	75	34	416
AAC->C	A->C	4757	1.67629046187002e-09	35563702	227	311	514	792	382	410	179	182	181	175	174	151	189	100	66	78	65	108	47	82	56	29	259
AAC->G	A->G	16271	5.73363929053756e-09	35563702	924	1156	1570	2445	1352	1286	663	674	574	582	698	496	573	386	241	287	249	406	176	317	166	93	957
AAC->T	A->T	4644	1.63647107524162e-09	35563702	240	290	459	732	410	391	179	206	155	150	186	158	167	111	52	91	68	112	43	73	43	27	301
AAG->C	A->C	5290	1.36406602655019e-09	48600794	281	376	526	760	435	424	221	239	188	208	219	173	175	122	74	116	110	112	62	102	61	48	258
AAG->G	A->G	16380	4.22370539033877e-09	48600794	905	1128	1686	2426	1430	1306	669	680	587	614	661	554	544	368	240	337	256	367	189	290	171	112	860
AAG->T	A->T	4073	1.05025348320206e-09	48600794	207	292	409	635	352	317	149	182	132	161	170	141	146	87	62	75	55	97	41	63	45	22	233
AAT->C	A->C	6392	1.27361291140601e-09	62895909	357	449	649	1010	476	525	274	271	211	242	238	217	260	145	79	113	92	167	60	94	75	44	344
AAT->G	A->G	37215	7.41512898904483e-09	62895909	2151	2715	3643	5163	3197	2775	1575	1698	1532	1357	1516	1290	1405	943	577	659	555	975	341	630	385	221	1912
AAT->T	A->T	7882	1.57049702248156e-09	62895909	442	537	814	1274	712	559	322	321	279	293	295	223	300	179	103	139	118	173	73	128	91	33	474
ACA->A	C->A	11486	2.91893126100289e-09	49313750	615	804	1168	1805	945	953	458	524	414	389	497	352	396	299	131	220	138	264	98	174	121	50	671
ACA->G	C->G	9283	2.35908400625891e-09	49313750	498	664	946	1292	766	721	395	433	406	307	391	299	302	240	128	217	141	201	117	159	102	63	495
ACA->T	C->T	37195	9.45234618257029e-09	49313750	2064	2623	3788	5566	3137	2874	1466	1667	1331	1364	1564	1243	1300	839	518	721	594	877	378	661	379	289	1952
ACC->A	C->A	11860	5.43065076735828e-09	27368809	762	846	1083	1527	949	863	462	577	417	467	540	415	396	291	206	262	203	284	168	227	131	102	682
ACC->G	C->G	5232	2.39571372806227e-09	27368809	311	358	526	633	392	420	219	261	221	221	230	152	155	123	91	163	80	120	90	95	50	39	282
ACC->T	C->T	22113	1.01254620926301e-08	27368809	1350	1615	2028	2770	1713	1716	907	1013	792	876	923	765	783	587	353	478	471	563	299	469	243	206	1193
ACG->A	C->A	3077	7.01871069096528e-09	5494058	190	178	289	501	202	245	150	114	110	126	99	98	104	71	46	83	55	72	41	68	33	23	179
ACG->G	C->G	2374	5.41515085484289e-09	5494058	132	153	268	376	188	204	103	79	95	71	85	74	75	53	31	65	33	58	42	35	19	21	114
ACG->T	C->T	54749	1.24883780181884e-07	5494058	3200	3823	5075	7206	4625	4563	2269	2420	1848	2180	2280	1838	1907	1348	773	1251	1072	1292	794	1151	621	568	2645
ACT->A	C->A	6769	2.19116378692728e-09	38714420	389	446	698	1001	590	512	274	310	282	228	306	205	234	163	106	151	87	148	56	110	70	29	374
ACT->G	C->G	9004	2.91464599460677e-09	38714420	472	681	828	1261	748	666	381	439	411	332	363	288	334	212	173	215	131	180	79	162	92	43	513
ACT->T	C->T	26691	8.64002845869051e-09	38714420	1472	1817	2750	4086	2298	2035	1081	1164	954	962	1075	886	1022	674	369	461	440	566	288	449	255	162	1425
TCT->T	C->T	24156	5.58822852755752e-09	54171885	1411	1657	2290	3467	2077	1834	1044	1103	804	967	1013	827	884	601	315	470	409	541	284	448	275	152	1283
TCT->G	C->G	13853	3.20474125650995e-09	54171885	737	1004	1240	1760	1144	1008	623	678	722	513	576	475	430	361	240	409	217	299	146	249	164	117	741
TCT->A	C->A	11194	2.58961045444109e-09	54171885	630	745	1126	1601	897	840	480	482	422	408	517	361	400	306	154	205	169	260	118	169	133	73	698
GCT->T	C->T	21703	8.32582926395297e-09	32667459	1288	1517	1992	2980	1734	1637	902	971	783	884	954	798	742	567	299	437	414	487	274	444	205	179	1215
GCT->G	C->G	5248	2.01326784210594e-09	32667459	287	356	523	624	423	395	224	252	241	200	223	181	166	121	93	169	109	117	79	101	47	47	270
GCT->A	C->A	5378	2.06313918728006e-09	32667459	299	399	522	643	465	407	228	235	193	211	243	192	189	134	83	134	106	121	74	122	60	46	272
CCT->T	C->T	27853	8.42800111155601e-09	41416222	1733	1974	2487	3617	2194	2092	1083	1230	978	1165	1173	998	929	699	437	673	555	711	385	604	312	260	1564
CCT->G	C->G	7524	2.27667685216484e-09	41416222	428	552	668	821	608	547	341	359	384	309	287	271	248	198	123	245	144	175	108	167	77	74	390
CCT->A	C->A	6192	1.8736287969969e-09	41416222	357	380	580	860	527	479	266	276	234	230	271	231	216	131	83	139	113	146	79	140	66	57	331
TAT->T	A->T	7563	1.80217020694693e-09	52592205	417	517	802	1259	662	549	310	344	244	227	294	243	284	181	101	112	108	186	55	117	84	27	440
TAT->G	A->G	43681	1.04086469403212e-08	52592205	2339	3108	4445	6699	3694	3248	1781	1943	1697	1514	1859	1377	1782	1078	608	732	612	1051	371	670	474	233	2366
TAT->C	A->C	5730	1.36538877241914e-09	52592205	319	363	646	981	487	424	215	223	196	209	211	184	217	136	74	93	79	126	55	86	60	29	317
GAT->T	A->T	7513	2.87027839460661e-09	32802916	426	524	702	1059	672	578	346	362	307	265	327	234	263	166	103	145	103	165	67	122	75	54	448
GAT->G	A->G	14414	5.50674734192195e-09	32802916	796	958	1431	2162	1284	1093	564	602	505	495	602	496	541	358	202	277	221	368	154	253	151	78	823
GAT->C	A->C	3194	1.22024080824884e-09	32802916	177	225	323	455	294	244	150	126	118	116	139	114	110	74	44	65	44	62	46	63	23	18	164
CAT->T	A->T	8509	2.34769422854277e-09	45421354	507	620	760	1173	695	607	360	401	346	311	355	292	346	185	132	179	119	206	80	162	123	53	497
CAT->G	A->G	42314	1.16747365832129e-08	45421354	2373	2974	4203	6081	3676	3500	1730	1819	1550	1484	1766	1319	1594	1024	648	827	752	982	427	801	461	260	2063
CAT->C	A->C	6985	1.92721168014705e-09	45421354	391	489	717	964	580	576	282	325	222	296	318	236	234	182	86	140	106	194	68	128	75	43	333
CAA->C	A->C	7064	1.88815620101041e-09	46885209	398	510	720	969	610	570	273	316	239	269	262	247	271	186	92	150	117	176	74	111	79	50	375
CAA->G	A->G	16523	4.4164786111686e-09	46885209	955	1087	1698	2422	1448	1414	626	658	579	588	667	547	617	405	228	316	255	414	201	288	139	133	838
CAA->T	A->T	3507	9.37395780994268e-10	46885209	209	254	304	530	303	260	146	151	136	115	142	123	130	94	48	69	52	85	28	62	51	21	194
CAC->C	A->C	5056	1.7899371019837e-09	35399113	262	368	455	710	436	420	228	222	181	194	183	153	173	125	83	154	94	100	85	112	57	37	224
CAC->G	A->G	17529	6.20565812117728e-09	35399113	958	1175	1797	2574	1581	1554	695	663	587	662	650	574	582	400	251	361	308	367	255	371	164	165	835
CAC->T	A->T	4172	1.47698132703244e-09	35399113	244	306	410	580	338	361	184	213	148	146	160	146	113	95	50	90	80	84	55	92	43	36	198
CAG->C	A->C	5670	1.50688496076732e-09	47154815	352	419	480	658	476	404	248	282	227	239	266	178	195	145	98	144	121	159	84	123	66	62	244
CAG->G	A->G	23019	6.11763402326331e-09	47154815	1272	1558	2427	3209	2053	1965	851	932	764	888	944	744	758	529	324	519	468	546	347	474	230	180	1037
CAG->T	A->T	4544	1.20763408496062e-09	47154815	237	314	400	621	393	341	175	213	150	195	184	159	169	126	73	97	86	101	61	92	44	49	264
CCA->A	C->A	7727	2.22032313209464e-09	43613186	482	552	776	1039	615	612	310	353	283	293	332	233	256	189	103	161	142	185	91	158	88	53	421
CCA->G	C->G	5525	1.58758707193256e-09	43613186	318	399	490	678	445	429	242	245	246	216	236	168	196	137	90	167	81	120	95	106	58	45	318
CCA->T	C->T	22607	6.49603274844874e-09	43613186	1373	1524	2094	2776	1878	1764	956	1016	839	917	936	770	796	553	382	507	461	549	363	538	249	209	1157
CCC->A	C->A	6791	2.86127521652857e-09	29743850	392	479	610	873	559	530	266	303	231	293	276	235	210	177	117	180	133	148	129	137	66	69	378
CCC->G	C->G	6437	2.71212318786547e-09	29743850	418	499	511	676	491	483	299	317	285	286	259	213	212	174	102	218	150	146	121	166	77	66	268
CCC->T	C->T	21255	8.95544172100056e-09	29743850	1364	1464	1849	2451	1822	1555	876	1013	740	849	980	740	661	577	303	582	442	498	363	548	213	258	1107
CCG->A	C->A	2448	5.59395332398653e-09	5484230	133	146	242	360	201	209	102	116	72	85	75	71	79	62	37	56	55	70	45	42	21	43	126
CCG->G	C->G	2154	4.92213049831167e-09	5484230	130	139	206	258	162	176	98	101	76	80	81	65	67	63	30	62	61	40	59	44	26	44	86
CCG->T	C->T	45131	1.03129373964394e-07	5484230	2871	3080	3996	5187	3642	3631	1975	1957	1590	1950	1877	1534	1314	1133	752	1229	1153	1014	988	1082	518	623	2035
TCG->T	C->T	32338	8.47950667243815e-08	4779315	1927	2197	2930	4058	2616	2457	1385	1400	1146	1428	1375	1150	1084	786	520	746	750	812	599	732	360	319	1561
TCG->G	C->G	2232	5.85263742126352e-09	4779315	120	131	244	317	163	204	93	75	74	98	82	74	62	52	29	64	45	42	46	42	20	27	128
TCG->A	C->A	1877	4.9217743905518e-09	4779315	89	136	177	267	140	139	93	84	58	70	59	67	59	54	23	60	33	43	33	42	22	28	101
GCG->T	C->T	37260	1.00350498925694e-07	4653143	2321	2564	3312	4462	3066	2990	1609	1598	1284	1525	1505	1328	1145	871	610	979	903	838	818	927	407	484	1714
GCG->G	C->G	1860	5.00944519596862e-09	4653143	103	108	201	264	148	191	52	66	64	63	70	47	54	47	45	36	39	38	49	42	25	24	84
GCG->A	C->A	3137	8.44872558051268e-09	4653143	182	219	291	409	260	264	128	138	86	126	109	97	109	73	43	78	73	74	63	85	37	59	134
TAG->T	A->T	2707	1.07320787245543e-09	31610218	154	178	290	426	236	190	99	107	106	123	109	88	107	62	30	45	36	60	19	42	17	14	169
TAG->G	A->G	13911	5.51510702391115e-09	31610218	804	990	1439	2043	1166	1057	511	579	448	496	604	512	516	362	209	271	216	319	135	238	129	79	788
TAG->C	A->C	2703	1.07162204626783e-09	31610218	149	176	288	373	231	209	116	119	95	99	122	80	91	62	34	47	41	79	26	52	36	25	153
GAG->T	A->T	3568	1.12903780458157e-09	39604036	233	243	335	469	301	279	137	143	147	132	151	139	111	76	52	84	66	82	60	82	44	34	168
GAG->G	A->G	10721	3.39249279790333e-09	39604036	624	722	1102	1514	923	895	416	416	358	413	447	361	343	245	174	230	206	244	177	210	106	116	479
GAG->C	A->C	3719	1.17681939328444e-09	39604036	223	270	369	515	307	276	158	155	123	135	159	126	120	98	57	92	71	79	75	88	34	31	158
GAA->C	A->C	4902	1.26714174549239e-09	48480958	248	368	505	784	401	330	233	218	164	171	201	176	183	124	71	84	64	119	43	75	55	27	258
GAA->G	A->G	12649	3.26970133389091e-09	48480958	709	908	1243	1918	1063	1035	518	514	430	486	545	405	454	307	191	272	190	275	130	241	124	71	620
GAA->T	A->T	3462	8.94909164197196e-10	48480958	205	246	326	476	296	268	133	176	132	137	129	111	160	89	37	65	42	88	38	56	39	18	195
GAC->C	A->C	2258	1.26355252221748e-09	22395137	108	138	250	373	211	204	76	64	83	76	106	71	79	45	38	55	33	44	29	43	14	17	101
GAC->G	A->G	9342	5.22768275578199e-09	22395137	524	616	974	1389	823	774	353	405	317	369	371	300	286	218	128	193	158	201	123	171	97	60	492
GAC->T	A->T	3438	1.9238678349795e-09	22395137	194	202	333	472	302	248	145	159	122	135	148	109	123	84	54	80	49	80	41	86	43	29	200
GCA->A	C->A	9191	3.37414827031818e-09	34136712	538	634	883	1248	701	680	361	426	313	381	391	326	314	255	157	182	156	208	120	216	92	73	536
GCA->G	C->G	4560	1.67404157465465e-09	34136712	271	317	434	627	379	369	180	215	186	177	191	137	155	124	68	102	80	118	52	81	37	39	221
GCA->T	C->T	18712	6.86944428617058e-09	34136712	1142	1379	1742	2414	1540	1356	739	865	663	729	810	700	634	459	332	425	324	429	256	356	224	160	1034
GCC->A	C->A	7429	3.49878614718905e-09	26609459	485	539	640	832	622	530	306	369	294	340	348	221	244	188	102	193	153	167	117	179	83	74	403
GCC->G	C->G	4825	2.27239778707594e-09	26609459	293	334	426	595	407	377	212	217	212	173	177	179	136	139	80	148	106	101	56	101	48	63	245
GCC->T	C->T	19726	9.29022150214716e-09	26609459	1264	1361	1740	2319	1551	1460	851	921	738	877	911	650	600	517	316	487	397	441	347	447	260	213	1058
TCC->T	C->T	23594	8.09326325664755e-09	36534317	1458	1668	2135	2843	1936	1735	1004	1052	868	988	1051	849	862	574	387	553	455	571	343	535	243	210	1274
TCC->G	C->G	6411	2.19911463670287e-09	36534317	361	446	575	795	469	493	321	308	254	212	283	196	201	177	103	220	115	158	103	155	67	71	328
TCC->A	C->A	6922	2.3743989261047e-09	36534317	394	509	573	868	584	515	309	365	262	311	299	190	239	166	120	168	132	177	96	126	73	68	378
TAC->T	A->T	2596	1.18164206377505e-09	27532258	148	164	282	379	232	189	104	122	95	99	114	77	101	65	30	55	37	62	25	40	24	13	139
TAC->G	A->G	14239	6.48127940912669e-09	27532258	819	992	1376	2130	1209	1103	557	604	530	514	564	495	537	327	204	256	236	334	142	258	141	86	825
TAC->C	A->C	2534	1.15342102835361e-09	27532258	133	174	272	401	237	205	106	100	103	82	83	67	91	68	43	45	35	60	33	40	16	15	125
TAA->C	A->C	5732	1.3895939352419e-09	51694145	322	393	578	884	463	436	224	278	204	215	264	188	224	141	92	87	80	151	49	75	54	24	306
TAA->G	A->G	17265	4.18550929726997e-09	51694145	909	1338	1753	2603	1553	1334	705	755	640	619	641	561	661	423	254	282	243	425	150	286	184	82	864
TAA->T	A->T	7587	1.83929678762741e-09	51694145	400	486	854	1279	648	554	282	315	278	294	254	245	303	184	100	125	97	171	82	139	63	33	401
TCA->A	C->A	7432	1.94860386053666e-09	47797505	394	521	753	1071	608	579	302	354	246	272	305	247	270	177	102	156	106	186	67	128	84	55	449
TCA->G	C->G	7461	1.95620740089666e-09	47797505	416	545	695	1017	598	527	347	346	339	262	333	268	242	160	120	203	112	173	101	112	84	58	403
TCA->T	C->T	21620	5.66857043390776e-09	47797505	1241	1498	2141	3020	1792	1626	935	1043	801	800	886	722	795	520	341	440	357	537	245	409	197	169	1105
