Context	X1mer	Count	Rate	context_in_genome	chr1	chr2	chr3	chr4	chr5	chr6	chr7	chr8	chr9	chr10	chr11	chr12	chr13	chr14	chr15	chr16	chr17	chr18	chr19	chr20	chr21	chr22	chrX
AAA->C	A->C	5789	1.58749662187596e-09	94426158	412	505	376	468	427	390	286	304	269	241	278	207	271	172	99	125	95	174	76	90	75	32	417
AAA->G	A->G	10055	2.75734643858401e-09	94426158	694	805	610	831	672	691	500	513	489	448	462	469	461	274	195	239	189	299	132	199	107	70	706
AAA->T	A->T	3442	9.43887264207474e-10	94426158	241	267	222	303	209	242	173	195	174	153	161	150	170	93	63	86	59	87	33	68	35	17	241
AAC->C	A->C	1807	1.322242953625e-09	35387385	126	142	141	127	122	120	82	95	98	67	92	68	93	47	35	44	36	50	23	33	22	11	133
AAC->G	A->G	7401	5.4155617597004e-09	35387385	506	609	446	621	518	575	372	378	305	365	316	289	325	194	130	191	124	244	75	153	86	47	532
AAC->T	A->T	2147	1.57103244130209e-09	35387385	132	169	149	204	138	154	100	129	95	91	80	103	102	53	35	51	43	62	25	32	21	10	169
AAG->C	A->C	2522	1.35044788227044e-09	48358056	152	211	150	195	191	158	142	137	119	111	133	102	127	67	49	54	34	82	25	61	32	25	165
AAG->G	A->G	6912	3.70114820073484e-09	48358056	502	563	472	488	460	462	368	384	341	327	292	269	355	183	143	180	128	204	78	130	87	58	438
AAG->T	A->T	1679	8.9904916508012e-10	48358056	103	151	108	124	118	117	83	78	89	77	71	72	81	48	33	36	23	60	26	28	24	12	117
AAT->C	A->C	2966	1.22720232169835e-09	62583026	201	244	213	264	186	200	151	173	127	131	119	119	152	84	66	67	51	95	24	54	35	23	187
AAT->G	A->G	17963	7.43231129624659e-09	62583026	1220	1489	1184	1435	1256	1240	947	1029	833	815	784	699	889	545	353	424	299	568	173	327	213	119	1122
AAT->T	A->T	3696	1.52924470026874e-09	62583026	251	270	233	318	239	253	196	219	162	144	150	155	192	121	55	74	62	131	46	72	49	22	282
ACA->A	C->A	5499	2.90191895245354e-09	49068188	346	436	364	450	355	377	283	315	259	243	258	211	243	156	113	158	65	179	52	109	64	38	425
ACA->G	C->G	4261	2.24860459290862e-09	49068188	298	360	264	328	278	279	230	290	226	176	178	169	171	139	85	131	82	125	55	70	35	24	268
ACA->T	C->T	17131	9.0403298007786e-09	49068188	1186	1469	1073	1352	1138	1212	847	944	815	747	803	678	752	467	334	422	332	517	181	370	208	158	1126
ACC->A	C->A	6284	5.97507403313312e-09	27232936	479	474	396	471	435	421	334	327	272	288	289	257	237	159	128	162	134	202	82	159	73	50	455
ACC->G	C->G	2429	2.30958861019738e-09	27232936	168	215	149	157	166	128	135	163	118	108	108	99	91	72	53	71	38	68	30	68	34	25	165
ACC->T	C->T	12923	1.22876960105314e-08	27232936	1005	1022	751	934	865	850	663	692	633	599	632	476	513	396	255	362	268	389	178	311	138	136	855
ACG->A	C->A	1142	5.40929237768937e-09	5466725	97	86	43	96	61	57	54	68	51	69	59	42	53	31	21	38	23	45	20	17	15	11	85
ACG->G	C->G	802	3.79882004107432e-09	5466725	56	73	47	75	42	51	49	46	39	34	31	30	31	18	20	21	17	17	11	22	11	15	46
ACG->T	C->T	25612	1.21315933780543e-07	5466725	1906	2106	1471	1788	1593	1639	1299	1429	1183	1295	1138	1057	1043	685	508	749	566	770	413	609	330	346	1689
ACT->A	C->A	3337	2.24311384414041e-09	38521791	254	263	213	259	213	245	169	210	148	155	156	135	125	77	56	96	53	112	34	50	42	23	249
ACT->G	C->G	4368	2.93614662007951e-09	38521791	280	359	263	328	282	279	234	277	248	182	186	174	175	126	102	130	93	133	56	98	38	28	297
ACT->T	C->T	12761	8.57787706475151e-09	38521791	923	1046	826	998	897	875	662	713	571	579	550	556	564	360	229	314	247	379	136	269	149	79	839
TCT->T	C->T	13649	6.55688876077963e-09	53901965	993	1140	873	1058	944	916	664	792	586	619	641	576	605	386	277	335	264	389	158	293	161	113	866
TCT->G	C->G	6902	3.31567486459821e-09	53901965	479	563	441	488	471	450	342	411	428	302	298	311	256	178	142	204	107	191	89	146	80	58	467
TCT->A	C->A	5768	2.77090881179404e-09	53901965	406	480	376	513	393	407	252	307	281	255	265	241	300	143	100	119	77	181	52	102	69	33	416
GCT->T	C->T	11149	8.88137655396209e-09	32505527	856	838	685	862	752	755	572	624	451	510	497	492	435	303	194	333	245	327	134	255	125	102	802
GCT->G	C->G	2540	2.02338294439535e-09	32505527	174	231	149	179	150	162	133	145	137	99	123	95	83	79	75	86	50	77	43	56	30	31	153
GCT->A	C->A	2690	2.14287406315885e-09	32505527	198	203	144	209	167	203	137	150	150	120	123	98	117	64	49	76	52	72	35	66	32	27	198
CCT->T	C->T	13745	8.63648342183707e-09	41210642	1043	1099	859	1011	877	909	653	728	636	620	660	551	576	384	302	362	326	409	206	322	155	142	915
CCT->G	C->G	3865	2.42852007460169e-09	41210642	258	328	229	272	219	276	189	260	198	186	163	148	141	120	96	120	90	109	55	85	32	42	249
CCT->A	C->A	2851	1.79138699422754e-09	41210642	209	206	167	214	176	195	138	152	130	138	129	121	101	82	52	96	68	72	40	69	42	30	224
TAT->T	A->T	3448	1.70612820294757e-09	52330776	247	283	204	292	253	235	168	203	181	134	154	125	180	72	57	75	58	101	28	51	52	16	279
TAT->G	A->G	21456	1.06167884925879e-08	52330776	1458	1826	1454	1844	1567	1505	1145	1213	1016	880	940	887	1073	560	350	444	287	677	166	355	258	115	1436
TAT->C	A->C	2205	1.09107096505203e-09	52330776	150	169	157	194	147	168	104	119	109	88	93	82	94	59	40	48	26	83	15	37	38	8	177
GAT->T	A->T	3889	3.08529563050999e-09	32639443	291	292	236	329	241	272	197	251	181	161	172	141	170	106	73	96	66	128	42	79	58	30	277
GAT->G	A->G	6608	5.24238455294678e-09	32639443	503	540	424	514	466	425	340	367	323	280	305	283	304	172	95	152	103	223	83	127	72	52	455
GAT->C	A->C	1306	1.03610082114838e-09	32639443	94	114	81	117	95	102	75	69	51	55	58	51	56	28	29	28	21	34	16	26	14	9	83
CAT->T	A->T	4214	2.41443347227371e-09	45194009	282	362	264	344	279	271	216	246	188	208	194	191	179	108	69	113	56	146	42	83	48	38	287
CAT->G	A->G	19482	1.11623144059887e-08	45194009	1342	1591	1273	1518	1366	1341	1043	1074	954	820	871	827	859	563	378	479	361	588	180	420	245	145	1244
CAT->C	A->C	3305	1.89361713950275e-09	45194009	236	296	194	283	212	222	191	173	152	160	163	140	164	81	53	93	48	92	33	53	42	36	188
CAA->C	A->C	3449	1.9143605433648e-09	46652083	272	280	213	260	234	223	168	204	169	173	161	139	163	95	74	73	57	96	35	65	39	17	239
CAA->G	A->G	6894	3.82650089473962e-09	46652083	511	589	431	546	454	478	349	345	327	310	302	269	329	163	140	182	118	228	87	147	107	54	428
CAA->T	A->T	1596	8.85856604004125e-10	46652083	114	138	104	133	126	92	86	80	72	58	87	57	67	41	24	29	21	55	11	29	22	16	134
CAC->C	A->C	2448	1.79962059287499e-09	35223462	195	208	161	181	130	136	134	154	102	92	114	101	112	68	56	90	51	57	43	60	29	14	160
CAC->G	A->G	6845	5.03202735221785e-09	35223462	499	533	411	514	418	450	390	361	308	320	323	264	314	198	158	201	137	204	110	172	99	57	404
CAC->T	A->T	1914	1.4070562968802e-09	35223462	135	159	104	138	132	137	111	120	98	82	83	81	56	46	49	55	37	48	22	44	34	20	123
CAG->C	A->C	2901	1.60099198497092e-09	46920232	223	260	153	197	166	186	160	162	143	153	132	120	132	100	44	93	48	80	37	69	37	43	163
CAG->G	A->G	9484	5.23399103256264e-09	46920232	717	786	557	650	611	626	489	524	438	491	408	384	404	249	198	282	230	309	164	220	104	94	549
CAG->T	A->T	2078	1.1467981195345e-09	46920232	155	165	132	151	133	125	95	138	95	108	86	93	112	40	39	65	37	48	32	41	29	18	141
CCA->A	C->A	3679	2.19524055567073e-09	43395955	261	308	220	291	240	247	171	194	158	189	162	161	152	101	67	102	88	97	38	78	42	33	279
CCA->G	C->G	2960	1.76621691894138e-09	43395955	209	270	164	222	190	189	143	149	150	132	154	116	134	94	54	79	61	89	46	71	34	26	184
CCA->T	C->T	11052	6.59467209058789e-09	43395955	831	888	640	809	673	719	525	635	480	511	530	462	429	329	247	332	245	345	177	288	130	100	727
CCC->A	C->A	3344	2.92570398775552e-09	29596303	252	268	181	231	227	220	149	193	166	158	171	129	127	108	72	94	70	104	47	76	45	38	218
CCC->G	C->G	3368	2.94670186326573e-09	29596303	274	266	179	229	192	199	156	194	196	168	142	125	107	122	71	123	79	104	64	101	52	35	190
CCC->T	C->T	11264	9.85500290612387e-09	29596303	871	923	640	784	734	665	528	569	477	555	551	469	441	331	239	362	294	329	194	316	129	158	705
CCG->A	C->A	911	4.32300898705655e-09	5456747	73	68	48	66	52	54	55	40	47	49	38	26	26	24	18	35	31	33	18	27	13	17	53
CCG->G	C->G	867	4.11421382192978e-09	5456747	79	69	43	43	53	48	51	44	29	51	35	44	29	19	17	32	35	27	22	26	12	16	43
CCG->T	C->T	21474	1.01901531271188e-07	5456747	1755	1819	1143	1284	1233	1322	1078	1140	964	1113	994	863	761	625	479	747	617	584	461	623	296	340	1233
TCG->T	C->T	15953	8.68638517670761e-08	4755595	1213	1295	973	1084	940	1014	839	813	711	797	708	733	657	479	303	489	390	459	293	427	195	201	940
TCG->G	C->G	842	4.58467768995663e-09	4755595	61	70	66	46	47	39	44	52	34	55	34	30	31	34	13	29	11	27	21	22	12	9	55
TCG->A	C->A	820	4.46488801159672e-09	4755595	61	72	47	57	49	57	31	46	38	35	33	35	38	24	15	23	22	25	17	17	8	12	58
GCG->T	C->T	17852	9.98444823852977e-08	4629823	1326	1432	948	1094	1063	1106	989	946	764	894	806	772	682	518	403	603	512	504	402	498	253	267	1070
GCG->G	C->G	529	2.95864503595241e-09	4629823	48	46	29	30	38	39	29	24	23	30	25	13	13	16	7	14	19	11	10	16	10	9	30
GCG->A	C->A	1389	7.76854055753857e-09	4629823	116	121	82	102	74	87	75	76	49	64	56	50	57	41	35	38	30	44	35	39	16	27	75
TAG->T	A->T	1251	1.02989519327863e-09	31453274	79	104	71	119	82	84	41	59	75	62	56	64	51	40	27	35	19	44	13	11	20	3	92
TAG->G	A->G	6410	5.27708088642368e-09	31453274	452	560	463	474	431	435	326	366	295	298	305	251	294	165	113	165	108	177	67	118	74	34	439
TAG->C	A->C	1264	1.04059754141022e-09	31453274	101	101	97	110	91	78	62	66	54	50	51	48	60	32	21	26	23	45	20	28	17	10	73
GAG->T	A->T	1730	1.13675034780786e-09	39407836	116	150	95	117	102	111	89	92	87	73	89	65	65	50	42	55	38	52	22	50	27	20	123
GAG->G	A->G	4511	2.96409295893713e-09	39407836	344	373	284	337	283	319	212	249	209	228	195	201	184	131	89	113	101	124	69	87	58	44	277
GAG->C	A->C	1799	1.18208894549499e-09	39407836	132	137	114	138	130	118	101	109	99	84	84	74	82	52	35	48	40	45	20	35	11	21	90
GAA->C	A->C	2147	1.15247088403988e-09	48239596	157	182	140	172	133	132	131	124	116	89	89	104	86	59	46	61	37	74	9	35	15	19	137
GAA->G	A->G	5494	2.9490801289777e-09	48239596	397	441	364	456	384	391	263	292	238	244	245	251	235	163	105	150	110	115	50	120	76	35	369
GAA->T	A->T	1752	9.40442006910982e-10	48239596	129	146	112	168	128	107	84	89	70	80	84	76	85	43	23	45	28	55	14	38	21	10	117
GAC->C	A->C	856	9.94699501561462e-10	22283502	71	58	59	52	55	58	51	49	42	41	45	36	42	22	23	17	12	22	11	19	8	11	52
GAC->G	A->G	3713	4.31462529123564e-09	22283502	285	284	229	280	266	219	171	198	147	169	176	150	168	104	66	125	67	125	47	85	48	34	270
GAC->T	A->T	1740	2.02193590270671e-09	22283502	119	150	93	144	104	100	99	102	73	80	79	76	75	46	36	54	31	56	23	42	20	14	124
GCA->A	C->A	4583	3.49377039822039e-09	33966991	302	366	331	345	307	303	236	267	180	219	207	201	217	118	79	104	67	128	43	114	57	41	351
GCA->G	C->G	2002	1.52618990557216e-09	33966991	132	164	109	128	124	134	117	124	95	94	94	72	100	56	43	59	40	66	24	47	29	22	129
GCA->T	C->T	9523	7.25969354184001e-09	33966991	676	785	536	725	586	607	468	522	461	455	467	378	407	268	174	254	199	303	144	225	137	105	641
GCC->A	C->A	4048	3.95886252992543e-09	26477176	312	347	235	292	241	258	218	221	185	201	190	171	141	111	87	126	94	112	66	106	45	47	242
GCC->G	C->G	2260	2.21023451522517e-09	26477176	169	192	132	141	129	147	116	140	100	103	108	95	79	81	54	75	53	63	38	62	27	28	128
GCC->T	C->T	10378	1.01494751323039e-08	26477176	768	815	606	684	634	680	530	567	486	505	521	460	385	291	222	290	240	281	203	264	111	136	699
TCC->T	C->T	16209	1.15455085071959e-08	36353375	1173	1311	973	1170	1075	1000	855	873	685	787	820	700	647	473	358	421	347	445	204	400	190	174	1128
TCC->G	C->G	3324	2.36765193891784e-09	36353375	206	286	192	261	220	210	167	210	191	154	136	119	137	104	77	114	75	72	37	72	38	35	211
TCC->A	C->A	3713	2.64473274645064e-09	36353375	285	330	222	287	201	250	195	206	190	172	178	154	157	72	69	104	78	115	37	79	48	38	246
TAC->T	A->T	1239	1.17114242593766e-09	27394487	89	108	79	109	79	81	64	72	54	62	74	50	47	30	17	31	19	31	10	19	14	8	92
TAC->G	A->G	6657	6.29240930546164e-09	27394487	464	528	433	552	435	463	316	336	333	317	304	265	339	182	119	180	113	195	63	128	94	44	454
TAC->C	A->C	979	9.25382110567365e-10	27394487	64	82	77	93	62	63	47	41	53	45	44	43	39	24	19	24	26	27	9	15	16	7	59
TAA->C	A->C	2441	1.2288385700695e-09	51436869	186	217	145	193	170	179	140	119	124	96	110	109	109	66	45	52	38	71	28	42	22	14	166
TAA->G	A->G	8398	4.22768796044396e-09	51436869	551	717	589	693	593	595	484	458	376	353	351	335	448	220	146	199	145	247	72	139	124	51	512
TAA->T	A->T	3218	1.61999283837922e-09	51436869	246	251	221	252	214	221	175	158	165	142	153	147	154	84	62	67	52	94	33	72	37	22	196
TCA->A	C->A	3661	1.99325184502507e-09	47559703	253	298	249	307	252	282	193	196	161	172	177	147	154	104	50	83	50	110	25	72	52	21	253
TCA->G	C->G	3607	1.96385124419706e-09	47559703	243	298	231	285	228	226	205	195	191	173	175	126	156	88	83	113	69	90	46	64	41	32	249
TCA->T	C->T	11304	6.15452577333063e-09	47559703	859	905	724	894	740	750	563	634	522	509	519	494	476	276	221	305	203	339	134	214	140	97	786
