Context	X1mer	Count	Rate	context_in_genome	chr1	chr2	chr3	chr4	chr5	chr6	chr7	chr8	chr9	chr10	chr11	chr12	chr13	chr14	chr15	chr16	chr17	chr18	chr19	chr20	chr21	chr22	chrX
AAA->C	A->C	5302	1.53663748212105e-09	94898647	251	275	267	300	300	250	318	360	315	313	302	250	287	190	125	156	100	193	85	122	77	41	425
AAA->G	A->G	9320	2.7011432164029e-09	94898647	436	440	496	490	535	454	626	618	553	521	486	472	525	330	206	304	204	335	137	221	113	66	752
AAA->T	A->T	3169	9.18446658023691e-10	94898647	124	156	167	184	147	183	200	216	208	176	172	187	190	113	69	102	69	106	55	51	48	24	222
AAC->C	A->C	1648	1.27450623521596e-09	35563702	74	81	92	76	85	95	118	110	110	77	80	74	100	56	36	57	39	65	22	46	23	15	117
AAC->G	A->G	6845	5.29368639566336e-09	35563702	311	344	364	415	381	395	408	426	371	385	389	314	368	235	157	215	135	268	80	183	102	47	552
AAC->T	A->T	1988	1.53745048277265e-09	35563702	84	90	101	124	119	125	110	158	100	102	98	120	124	44	50	50	45	81	22	44	25	12	160
AAG->C	A->C	2395	1.35535752988964e-09	48600794	114	109	123	138	130	131	165	163	129	127	146	104	148	97	44	67	51	104	26	65	33	25	156
AAG->G	A->G	6588	3.72822355194696e-09	48600794	297	326	344	337	329	351	432	422	404	382	364	315	382	223	158	214	150	243	95	179	113	57	471
AAG->T	A->T	1660	9.39412734704305e-10	48600794	65	87	94	84	98	83	106	105	113	90	96	86	85	67	44	48	22	61	21	45	20	15	125
AAT->C	A->C	2655	1.1610043499445e-09	62895909	117	137	138	156	142	139	161	170	145	146	135	125	169	102	61	89	57	108	36	58	41	20	203
AAT->G	A->G	16517	7.22271519699936e-09	62895909	752	832	856	848	921	821	1052	1149	972	930	895	819	1015	578	399	485	335	661	196	391	278	130	1202
AAT->T	A->T	3454	1.51039887936282e-09	62895909	158	164	173	189	201	191	199	241	195	169	196	158	196	137	72	88	58	143	41	73	69	33	310
ACA->A	C->A	5149	2.87174968633597e-09	49313750	229	260	258	293	272	296	332	325	312	279	272	236	271	170	123	169	78	205	60	121	80	38	470
ACA->G	C->G	3901	2.17570315136854e-09	49313750	163	194	204	212	215	212	241	283	257	215	207	187	184	150	113	148	84	140	65	84	48	28	267
ACA->T	C->T	16219	9.04581630659993e-09	49313750	739	821	833	856	826	828	1028	1037	942	888	910	850	937	591	404	535	344	566	235	458	256	191	1144
ACC->A	C->A	5981	6.01048646181073e-09	27368809	306	297	296	302	334	295	351	401	326	327	330	290	292	204	158	192	155	228	102	180	78	59	478
ACC->G	C->G	2317	2.32842286106261e-09	27368809	101	147	116	94	105	96	155	176	135	131	128	113	103	76	63	79	56	85	46	73	27	30	182
ACC->T	C->T	12654	1.27163844988719e-08	27368809	663	612	592	607	649	637	791	804	721	744	744	594	667	428	315	430	325	465	219	359	199	150	939
ACG->A	C->A	1151	5.76200728934634e-09	5494058	73	47	42	60	48	55	80	70	67	73	58	57	67	42	27	45	34	51	18	26	18	18	75
ACG->G	C->G	747	3.73954773687377e-09	5494058	30	50	35	40	31	39	57	38	48	37	37	31	30	25	22	37	18	28	13	19	15	12	55
ACG->T	C->T	24400	1.22148547228541e-07	5494058	1244	1198	1151	1137	1156	1130	1522	1574	1358	1530	1316	1279	1241	821	597	887	673	896	462	743	414	380	1691
ACT->A	C->A	3060	2.17390413609408e-09	38714420	142	160	137	180	147	165	184	222	197	155	189	158	160	86	74	100	53	115	32	62	50	21	271
ACT->G	C->G	4159	2.95466251699845e-09	38714420	173	234	202	207	223	189	280	306	283	239	222	202	204	144	108	151	87	144	61	82	55	37	326
ACT->T	C->T	12438	8.83628092965298e-09	38714420	634	608	690	618	640	648	817	845	660	714	687	620	705	449	252	383	300	465	196	330	179	91	907
TCT->T	C->T	12821	6.50938070067254e-09	54171885	608	608	647	696	676	701	784	921	678	719	732	666	712	474	290	372	294	441	183	326	207	113	973
TCT->G	C->G	6492	3.29606891106514e-09	54171885	293	353	328	336	309	294	424	486	458	337	366	328	272	213	178	246	133	208	111	171	95	79	474
TCT->A	C->A	5313	2.6974759896009e-09	54171885	265	256	274	332	291	278	310	368	309	289	283	281	320	183	117	133	92	213	66	121	81	34	417
GCT->T	C->T	10668	8.98171710223213e-09	32667459	584	518	536	545	509	553	647	718	563	595	611	564	511	344	257	344	279	366	172	299	147	141	865
GCT->G	C->G	2449	2.06188837489375e-09	32667459	123	138	130	125	111	112	149	166	163	138	142	107	105	88	79	102	63	73	51	75	31	29	149
GCT->A	C->A	2519	2.1208235264832e-09	32667459	126	121	145	119	111	125	160	173	162	146	148	121	138	74	70	82	49	72	49	59	33	31	205
CCT->T	C->T	13090	8.69282399091674e-09	41416222	754	616	626	681	636	646	795	805	731	748	716	641	644	427	347	477	371	486	238	411	190	162	942
CCT->G	C->G	3708	2.46241339635747e-09	41416222	161	195	178	164	144	193	227	280	247	244	206	190	163	136	106	144	109	108	71	102	37	42	261
CCT->A	C->A	2749	1.82555944622079e-09	41416222	154	117	123	145	134	154	153	190	143	157	159	142	113	90	67	105	68	98	42	77	47	40	231
TAT->T	A->T	3092	1.61699927536965e-09	52592205	136	162	158	178	158	185	201	197	176	163	176	163	199	100	69	76	58	114	25	60	55	19	264
TAT->G	A->G	20000	1.04592449894544e-08	52592205	931	981	1102	1144	1226	1046	1289	1343	1155	1022	1102	1018	1227	673	430	495	380	792	209	431	320	139	1545
TAT->C	A->C	2032	1.06265929092857e-09	52592205	103	90	110	128	136	90	128	138	130	102	99	100	109	62	46	48	33	85	23	42	51	11	168
GAT->T	A->T	3699	3.10144153766181e-09	32802916	170	188	166	210	211	206	219	287	209	198	187	170	203	141	84	112	85	136	43	88	50	38	298
GAT->G	A->G	6058	5.0793546458922e-09	32802916	290	307	291	342	327	304	370	408	349	328	345	329	345	216	141	174	129	244	93	149	78	61	438
GAT->C	A->C	1190	9.97760321659247e-10	32802916	54	63	66	58	72	70	82	75	54	62	74	59	67	41	32	38	28	34	27	28	16	8	82
CAT->T	A->T	3984	2.41240918359275e-09	45421354	179	217	198	217	222	204	238	262	232	231	224	216	229	142	69	124	74	174	40	101	59	36	296
CAT->G	A->G	18362	1.11186389129343e-08	45421354	898	853	1036	933	995	916	1249	1236	1096	1001	1003	939	1001	635	446	572	431	676	217	476	274	176	1303
CAT->C	A->C	3126	1.89286925399371e-09	45421354	153	175	150	154	172	170	211	219	171	181	178	158	171	95	65	96	59	136	39	67	56	25	225
CAA->C	A->C	3190	1.871313481456e-09	46885209	189	148	159	147	201	162	191	208	191	178	173	168	180	101	80	81	71	107	35	76	55	24	265
CAA->G	A->G	6332	3.71446926789323e-09	46885209	295	308	346	344	349	314	395	408	342	342	327	318	365	194	159	205	138	257	100	178	108	69	471
CAA->T	A->T	1525	8.94593435492288e-10	46885209	82	89	79	86	94	66	87	111	90	72	100	78	77	51	29	43	23	62	10	35	23	10	128
CAC->C	A->C	2246	1.74505488794641e-09	35399113	102	120	104	113	92	100	161	147	112	119	126	106	113	94	67	85	63	78	47	83	30	17	167
CAC->G	A->G	6459	5.01839248497145e-09	35399113	304	315	295	312	303	328	437	424	355	400	378	331	367	202	153	224	149	248	108	194	116	71	445
CAC->T	A->T	1834	1.4249468675395e-09	35399113	98	98	92	90	93	112	115	126	110	90	93	86	77	49	48	65	46	63	30	52	32	25	144
CAG->C	A->C	2756	1.60747744347418e-09	47154815	145	121	118	130	115	149	195	179	172	167	128	164	161	94	69	102	55	107	59	62	57	37	170
CAG->G	A->G	9113	5.31529098054434e-09	47154815	487	427	410	424	457	443	594	587	505	578	524	447	507	310	224	283	254	331	192	288	129	122	590
CAG->T	A->T	2007	1.17061220212361e-09	47154815	108	76	94	93	112	101	131	136	112	128	96	120	127	59	44	67	50	57	48	54	33	26	135
CCA->A	C->A	3425	2.15990416460269e-09	43613186	163	167	177	178	166	175	222	240	210	207	176	155	175	109	82	110	86	115	56	97	46	51	262
CCA->G	C->G	2823	1.78026553479515e-09	43613186	152	155	124	137	135	127	150	172	157	170	186	125	142	107	73	105	77	109	60	78	43	33	206
CCA->T	C->T	10554	6.65565797174214e-09	43613186	577	555	500	525	489	496	629	681	606	589	584	537	501	385	278	387	279	392	207	306	157	128	766
CCC->A	C->A	3158	2.92016010274303e-09	29743850	166	134	155	138	137	150	167	211	185	191	208	159	149	114	72	136	79	107	75	78	53	52	242
CCC->G	C->G	3248	3.00338189161157e-09	29743850	168	181	152	148	129	144	207	217	198	188	156	145	149	127	81	136	87	117	95	115	50	59	199
CCC->T	C->T	10815	1.00004849623704e-08	29743850	591	499	511	520	470	499	608	673	577	661	629	527	525	391	259	411	359	354	208	372	159	190	822
CCG->A	C->A	867	4.34805628136254e-09	5484230	54	38	40	38	37	36	66	51	52	57	53	28	36	20	20	39	29	33	27	24	10	20	59
CCG->G	C->G	903	4.52859841069248e-09	5484230	56	36	32	30	40	40	68	68	54	57	46	44	47	28	25	36	34	27	27	29	11	15	53
CCG->T	C->T	20624	1.03430579869459e-07	5484230	1239	1011	838	804	900	883	1337	1265	1119	1304	1192	1018	846	735	532	886	690	670	569	700	323	432	1331
TCG->T	C->T	15045	8.65801345329562e-08	4779315	782	753	722	663	682	696	923	945	807	953	836	809	725	565	363	585	452	535	357	502	196	229	965
TCG->G	C->G	840	4.83398557711421e-09	4779315	39	37	45	35	43	41	55	59	53	61	49	32	38	29	16	32	18	32	23	26	8	12	57
TCG->A	C->A	796	4.58077680878918e-09	4779315	41	45	35	44	24	47	41	42	39	46	42	41	50	22	27	36	15	31	15	23	8	17	65
GCG->T	C->T	17402	1.02859517909571e-07	4653143	968	849	755	700	746	821	1143	1098	893	1115	923	850	782	565	455	718	608	579	495	571	276	345	1147
GCG->G	C->G	526	3.1090740386412e-09	4653143	31	26	28	18	27	27	27	32	34	36	34	14	22	16	10	22	18	17	15	16	12	9	35
GCG->A	C->A	1266	7.48305652646342e-09	4653143	68	68	55	52	46	53	101	77	73	88	70	56	61	34	26	44	32	52	45	43	15	23	84
TAG->T	A->T	1172	1.01974560056984e-09	31610218	49	56	62	65	69	52	56	71	73	58	75	77	58	40	24	33	21	54	13	21	24	8	113
TAG->G	A->G	5967	5.19182764385688e-09	31610218	271	294	313	297	341	326	367	411	310	344	330	311	357	208	144	203	119	225	72	142	88	45	449
TAG->C	A->C	1242	1.08065190777111e-09	31610218	61	52	75	82	56	66	66	85	76	75	63	64	70	38	28	28	22	44	19	31	26	13	102
GAG->T	A->T	1623	1.12712165246426e-09	39604036	81	68	67	81	73	84	104	109	105	95	95	76	76	58	44	57	47	55	32	60	32	20	104
GAG->G	A->G	4354	3.02371390932186e-09	39604036	228	242	210	226	202	241	274	268	264	241	229	236	213	156	101	162	99	148	97	111	70	64	272
GAG->C	A->C	1691	1.17434548017071e-09	39604036	83	105	74	87	87	91	110	116	101	85	89	88	73	71	46	63	50	52	34	46	17	26	97
GAA->C	A->C	1949	1.10568741305922e-09	48480958	94	94	102	112	98	102	148	141	117	98	101	105	110	65	38	63	38	82	19	41	20	17	144
GAA->G	A->G	5199	2.94944528501534e-09	48480958	254	238	295	290	286	288	312	327	266	315	279	292	262	190	119	164	126	162	68	140	100	47	379
GAA->T	A->T	1608	9.12234664032443e-10	48480958	68	86	90	112	91	91	99	91	92	88	91	68	94	53	34	44	38	54	14	41	24	17	128
GAC->C	A->C	775	9.51786846378127e-10	22395137	37	46	55	38	44	45	52	42	40	36	40	43	37	27	23	21	19	23	18	20	11	11	47
GAC->G	A->G	3407	4.18417778788423e-09	22395137	158	147	174	169	189	163	223	228	174	207	205	169	173	99	76	114	79	146	49	87	51	43	284
GAC->T	A->T	1615	1.98340097664603e-09	22395137	92	72	89	87	71	66	109	112	85	78	94	92	98	56	38	54	40	54	24	42	19	17	126
GCA->A	C->A	4337	3.49429408946437e-09	34136712	214	192	237	255	228	185	259	300	212	258	247	204	234	134	101	129	86	173	70	139	65	45	370
GCA->G	C->G	1846	1.48731078836782e-09	34136712	102	94	80	100	75	94	104	113	126	99	118	83	105	71	54	49	45	68	25	42	33	27	139
GCA->T	C->T	9071	7.30844862474783e-09	34136712	477	448	454	443	428	432	540	618	514	555	521	431	466	324	212	293	237	330	157	248	134	125	684
GCC->A	C->A	3900	4.03106946078719e-09	26609459	225	198	195	181	162	195	271	228	228	219	224	204	177	141	106	157	103	144	83	105	52	57	245
GCC->G	C->G	2174	2.24706282250035e-09	26609459	113	122	97	104	86	110	149	167	126	121	117	99	90	84	55	95	61	80	37	68	23	35	135
GCC->T	C->T	10040	1.03774198426419e-08	26609459	536	470	441	477	451	501	620	669	565	634	566	526	455	359	238	343	291	343	239	304	135	150	727
TCC->T	C->T	16115	1.2131682526188e-08	36534317	771	784	760	742	795	817	1019	1017	870	1013	904	902	833	554	404	529	408	559	240	442	233	212	1307
TCC->G	C->G	3080	2.31868334971511e-09	36534317	142	164	154	158	147	157	200	239	182	175	183	133	144	112	73	126	84	87	53	86	41	32	208
TCC->A	C->A	3441	2.59045110596419e-09	36534317	171	171	154	174	169	179	219	246	207	210	188	153	167	110	85	126	90	134	55	83	53	45	252
TAC->T	A->T	1129	1.12783048930451e-09	27532258	46	47	55	63	51	51	96	81	70	65	80	55	68	38	27	36	23	29	11	20	14	10	93
TAC->G	A->G	6234	6.22754231206757e-09	27532258	316	279	306	352	342	337	385	392	356	348	379	290	374	183	142	202	125	237	65	145	113	57	509
TAC->C	A->C	876	8.75092567432017e-10	27532258	38	42	41	55	42	49	52	51	53	53	50	52	54	23	25	38	17	23	10	21	13	5	69
TAA->C	A->C	2238	1.19072218462971e-09	51694145	119	108	116	114	134	120	147	145	155	142	108	122	113	88	50	71	36	74	36	38	35	11	156
TAA->G	A->G	7667	4.07920777013227e-09	51694145	351	424	452	406	418	421	493	499	456	435	395	377	480	265	171	215	160	286	75	165	133	45	545
TAA->T	A->T	2999	1.59561029119951e-09	51694145	141	140	164	153	150	169	204	179	169	166	148	166	177	96	70	99	77	112	44	84	47	15	229
TCA->A	C->A	3402	1.9575857799035e-09	47797505	171	170	191	200	182	175	211	194	174	174	212	171	193	122	60	96	61	133	38	89	65	33	287
TCA->G	C->G	3454	1.98750772598081e-09	47797505	145	200	175	176	153	185	249	228	197	185	198	162	184	129	90	150	79	119	55	74	47	34	240
TCA->T	C->T	10768	6.19614452616135e-09	47797505	561	545	546	571	550	516	674	754	612	606	597	562	573	346	250	346	230	411	148	285	162	110	813
