Context	X1mer	Count	Rate	context_in_genome	chr1	chr2	chr3	chr4	chr5	chr6	chr7	chr8	chr9	chr10	chr11	chr12	chr13	chr14	chr15	chr16	chr17	chr18	chr19	chr20	chr21	chr22	chrX
AAA->C	A->C	52310	1.66842898148676e-09	94426158	3573	4302	3447	4438	3807	3445	2834	2856	2413	2361	2336	2210	2387	1485	993	1256	902	1571	638	992	681	373	3010
AAA->G	A->G	89542	2.85594471153293e-09	94426158	6369	7601	5917	7381	6378	6097	4892	4744	4008	4050	4058	3732	4072	2593	1823	2006	1694	2714	1018	1745	1151	643	4856
AAA->T	A->T	31895	1.01729195879412e-09	94426158	2255	2585	2020	2834	2307	2046	1718	1757	1465	1408	1487	1345	1470	863	623	734	551	964	398	553	431	215	1866
AAC->C	A->C	17654	1.50248441514639e-09	35387385	1259	1485	1112	1444	1187	1157	941	900	825	806	809	738	820	519	358	425	346	524	219	362	239	150	1029
AAC->G	A->G	66551	5.66397645363131e-09	35387385	4877	5349	4202	5575	4621	4483	3536	3573	2969	2956	3059	2780	3082	1884	1277	1488	1205	2065	738	1439	901	504	3988
AAC->T	A->T	18076	1.53839969911556e-09	35387385	1248	1436	1174	1557	1298	1181	933	1002	802	824	819	757	804	510	325	456	312	557	184	341	226	114	1216
AAG->C	A->C	22869	1.42427439010094e-09	48358056	1682	1905	1474	1947	1658	1580	1170	1224	1049	1024	1035	930	998	643	457	564	420	675	254	459	312	191	1218
AAG->G	A->G	64748	4.03248581967971e-09	48358056	4754	5523	4144	5300	4582	4207	3401	3422	2910	2957	2977	2614	2904	1887	1364	1577	1247	1909	819	1362	845	524	3519
AAG->T	A->T	15895	9.89935783403488e-10	48358056	1156	1308	1009	1342	1072	1074	804	895	696	737	778	684	743	446	295	345	265	468	174	286	233	116	969
AAT->C	A->C	26852	1.29221686540626e-09	62583026	1912	2253	1684	2395	1874	1807	1452	1479	1235	1186	1213	1103	1306	738	482	525	458	812	279	532	377	179	1571
AAT->G	A->G	159560	7.67861325205654e-09	62583026	10986	13588	10572	13359	11656	10598	8703	8682	7612	7057	7226	6511	7534	4703	3154	3545	2734	4928	1505	3174	2069	1101	8563
AAT->T	A->T	32665	1.57195977612451e-09	62583026	2220	2649	2191	2888	2462	2131	1770	1821	1426	1382	1439	1380	1569	874	604	707	531	969	324	616	437	188	2087
ACA->A	C->A	47181	2.89589256308843e-09	49068188	3253	3898	2996	4093	3309	3110	2515	2673	2149	2152	2285	1848	2113	1329	850	1110	778	1353	512	911	631	338	2975
ACA->G	C->G	38655	2.37258063682803e-09	49068188	2601	3238	2416	2957	2618	2476	2068	2363	2052	1708	1778	1531	1659	1111	819	1173	684	1114	505	754	493	344	2193
ACA->T	C->T	154557	9.48645571041857e-09	49068188	11145	12865	9802	12663	10940	10185	8182	8439	6888	7183	7052	6502	6980	4347	3107	3697	2886	4827	1751	3287	1993	1304	8532
ACC->A	C->A	51578	5.7040767056305e-09	27232936	3677	4243	3269	4132	3483	3382	2708	2873	2258	2448	2431	2170	2139	1414	1062	1399	970	1533	757	1197	646	480	2907
ACC->G	C->G	22477	2.48576005491599e-09	27232936	1552	1827	1373	1574	1448	1390	1197	1397	1266	1080	1042	901	836	622	519	796	473	610	365	514	282	235	1178
ACC->T	C->T	91112	1.00761921129824e-08	27232936	6919	7293	5530	6905	5983	5919	4737	4920	3948	4466	4058	3891	3833	2765	1897	2402	2004	2656	1369	2268	1135	1004	5210
ACG->A	C->A	11652	6.4193133112631e-09	5466725	857	931	655	922	657	725	647	661	510	572	510	478	496	338	232	350	271	373	192	300	157	144	674
ACG->G	C->G	8303	4.57428410774266e-09	5466725	660	654	453	622	464	546	446	457	414	385	397	330	349	258	192	274	169	247	158	176	112	102	438
ACG->T	C->T	224505	1.23684168807511e-07	5466725	16708	18869	13081	16343	14590	14282	12306	12020	9571	11415	10038	9443	9317	6504	4589	6098	5219	7152	3618	5780	2964	2763	11835
ACT->A	C->A	28444	2.22381944814212e-09	38521791	1975	2331	1821	2447	2014	1808	1538	1553	1352	1250	1373	1158	1224	780	635	705	487	860	313	551	370	230	1669
ACT->G	C->G	38835	3.03621249713821e-09	38521791	2611	3288	2358	3026	2714	2409	2142	2376	2197	1705	1697	1555	1648	1077	934	1189	634	1036	465	713	478	333	2250
ACT->T	C->T	107180	8.37958685318072e-09	38521791	8012	8728	6795	8998	7412	7009	5684	5772	4700	4963	4949	4420	4909	3148	2083	2421	1959	3250	1283	2255	1422	822	6186
TCT->T	C->T	96747	5.40565387047002e-09	53901965	7281	7800	6003	7925	6751	6559	5046	5133	4232	4594	4490	4032	4303	2677	1878	2359	1856	2847	1152	2070	1275	803	5681
TCT->G	C->G	60580	3.3848544293164e-09	53901965	4128	5125	3833	4479	4019	3766	3294	3758	3561	2737	2759	2362	2377	1770	1339	1954	1059	1633	752	1271	743	541	3320
TCT->A	C->A	49430	2.76185794719561e-09	53901965	3477	3969	3274	4295	3525	3283	2607	2678	2138	2189	2265	2050	2300	1432	921	1065	828	1459	511	988	639	344	3193
GCT->T	C->T	92762	8.59465042078999e-09	32505527	7008	7449	5681	7246	6237	6048	4717	5021	3954	4476	4381	3967	3964	2571	1780	2418	1950	2788	1239	2309	1217	948	5393
GCT->G	C->G	23914	2.21569683882163e-09	32505527	1724	1989	1434	1645	1504	1481	1322	1557	1377	1123	1045	952	901	654	570	875	496	657	367	509	281	261	1190
GCT->A	C->A	23601	2.1866965414832e-09	32505527	1682	1949	1484	1828	1618	1554	1256	1370	1032	1111	1108	972	935	649	478	648	466	709	306	570	322	253	1301
CCT->T	C->T	121619	8.88806808122893e-09	41210642	9333	9827	7310	9273	7785	7783	6380	6576	5216	6025	5593	5114	5045	3381	2457	3299	2628	3587	1863	3018	1613	1463	7050
CCT->G	C->G	34299	2.50661366330977e-09	41210642	2443	2839	2085	2315	2231	2061	1910	2066	1986	1602	1588	1352	1231	992	782	1304	718	924	532	769	377	416	1776
CCT->A	C->A	25853	1.88936945793019e-09	41210642	1905	2007	1585	2062	1774	1618	1443	1363	1140	1228	1269	1110	1087	701	505	716	553	751	379	609	307	256	1485
TAT->T	A->T	31169	1.79382890919761e-09	52330776	2147	2574	2047	2850	2345	2117	1707	1665	1399	1253	1412	1291	1568	865	541	620	486	955	287	543	419	178	1900
TAT->G	A->G	182918	1.05272416956787e-08	52330776	12555	15670	12161	16110	13521	12395	9741	9680	8642	7780	8312	7435	9039	5397	3451	3818	2942	5644	1546	3369	2464	1077	10169
TAT->C	A->C	21488	1.23667091022613e-09	52330776	1515	1776	1364	1861	1615	1409	1201	1150	992	936	967	915	1068	606	382	434	351	616	179	390	291	127	1343
GAT->T	A->T	31720	2.92688571141621e-09	32639443	2192	2555	2112	2786	2263	2163	1733	1763	1373	1480	1466	1295	1370	920	520	707	514	940	327	652	438	233	1918
GAT->G	A->G	58316	5.38096680791134e-09	32639443	4229	4808	3742	4798	4106	3713	3212	3152	2709	2675	2731	2473	2625	1680	1156	1444	987	1704	684	1223	732	470	3263
GAT->C	A->C	12620	1.1644797502545e-09	32639443	989	1084	793	1021	848	814	665	674	574	598	595	498	530	362	254	288	229	375	169	269	167	117	707
CAT->T	A->T	36498	2.432223743385e-09	45194009	2566	2997	2334	3059	2586	2429	1970	2023	1642	1661	1668	1505	1738	1009	694	869	597	1110	388	810	514	274	2055
CAT->G	A->G	168340	1.12181638709362e-08	45194009	12171	14241	10666	13431	11784	11026	9016	8944	7806	7826	7747	6970	7743	4898	3395	4059	3172	5312	1948	3751	2179	1416	8839
CAT->C	A->C	29466	1.96361183688373e-09	45194009	2027	2471	1889	2419	2058	1974	1593	1589	1386	1402	1387	1291	1276	830	613	704	496	927	332	630	379	244	1549
CAA->C	A->C	29243	1.88784445781642e-09	46652083	2030	2530	1886	2356	2062	1990	1604	1559	1315	1367	1398	1253	1316	785	570	690	543	910	360	568	355	231	1565
CAA->G	A->G	63305	4.08678977540159e-09	46652083	4758	5241	3989	5041	4453	4198	3348	3317	2828	2874	2909	2616	2915	1848	1234	1496	1236	1981	841	1405	756	529	3492
CAA->T	A->T	14688	9.48215278747311e-10	46652083	1038	1161	964	1206	1036	965	799	772	686	673	682	599	671	446	287	338	295	433	159	315	196	97	870
CAC->C	A->C	20530	1.75538440167886e-09	35223462	1496	1633	1207	1497	1346	1248	1187	1163	948	1013	917	850	842	601	432	674	401	627	353	493	290	260	1052
CAC->G	A->G	64912	5.55019543505982e-09	35223462	4852	5386	3821	4728	4276	4200	3547	3372	2884	3183	2922	2741	2801	1819	1401	1757	1564	1950	1088	1616	826	758	3420
CAC->T	A->T	17199	1.47057264123111e-09	35223462	1268	1453	1087	1311	1108	992	928	953	773	853	763	715	710	474	348	515	378	494	252	420	264	202	938
CAG->C	A->C	24479	1.57126286342543e-09	46920232	1809	2000	1490	1757	1650	1593	1367	1380	1139	1196	1175	1022	999	676	543	699	529	736	373	595	327	292	1132
CAG->G	A->G	87007	5.58482241750302e-09	46920232	6593	7281	5281	6171	5658	5425	4704	4657	3971	4303	4056	3551	3595	2607	1839	2367	2060	2670	1457	2155	1155	1105	4346
CAG->T	A->T	19096	1.22573780137963e-09	46920232	1358	1586	1127	1512	1287	1218	1032	1082	832	911	911	798	803	526	373	506	431	558	272	483	252	208	1030
CCA->A	C->A	32934	2.28565435615009e-09	43395955	2476	2736	2013	2536	2178	2057	1809	1766	1503	1531	1590	1353	1341	939	662	893	649	984	452	737	423	332	1974
CCA->G	C->G	24194	1.67908913258928e-09	43395955	1718	1980	1478	1754	1555	1469	1304	1441	1281	1146	1121	943	951	670	550	801	505	668	392	560	293	286	1328
CCA->T	C->T	101199	7.02331739806988e-09	43395955	7617	8266	6148	7467	6703	6434	5362	5436	4553	4897	4610	4307	4237	2918	2184	2826	2252	2949	1575	2656	1270	1135	5397
CCC->A	C->A	28614	2.91176574539176e-09	29596303	2171	2306	1700	2029	1870	1783	1500	1528	1327	1410	1364	1154	1017	871	667	888	646	823	474	727	359	418	1582
CCC->G	C->G	28417	2.89171899024245e-09	29596303	2135	2488	1589	1797	1756	1703	1597	1574	1443	1446	1242	1139	994	884	712	985	703	783	512	811	335	441	1348
CCC->T	C->T	90215	9.18029449641845e-09	29596303	7177	7179	5288	6191	5786	5613	4734	5070	4000	4445	4270	3739	3422	2603	1986	2685	2174	2523	1610	2508	1098	1230	4884
CCG->A	C->A	9697	5.35203447071447e-09	5456747	769	767	493	658	542	547	538	508	393	519	411	410	424	267	204	340	286	311	229	261	130	176	514
CCG->G	C->G	8686	4.79403644556315e-09	5456747	702	644	463	542	476	474	502	461	406	435	400	344	333	282	234	333	270	210	274	219	133	172	377
CCG->T	C->T	191566	1.05730415119819e-07	5456747	15320	15458	10407	12275	11422	11376	10720	9737	8453	10058	8716	8066	7157	5547	4303	6077	5576	5554	4515	5499	2588	3343	9399
TCG->T	C->T	136267	8.62980848138209e-08	4755595	10559	11006	7767	9605	8665	8624	7573	7014	5872	7137	6143	5910	5511	3818	2883	3845	3445	3915	2575	3658	1785	1856	7101
TCG->G	C->G	8277	5.24183586637994e-09	4755595	616	672	439	579	447	502	438	446	367	406	368	344	333	244	213	282	229	254	182	231	82	117	486
TCG->A	C->A	7850	4.97141615936723e-09	4755595	557	610	455	636	482	484	442	468	338	429	333	328	308	223	156	227	180	244	155	197	97	87	414
GCG->T	C->T	156606	1.01873055822866e-07	4629823	12436	12573	8622	10254	9589	9581	8737	8070	6822	8008	6957	6724	5912	4530	3547	4831	4386	4434	3681	4447	2028	2532	7905
GCG->G	C->G	6070	3.94856805514984e-09	4629823	443	502	317	380	325	356	308	309	311	305	285	240	255	179	161	216	182	165	172	167	87	105	300
GCG->A	C->A	12780	8.31345959552142e-09	4629823	973	1017	689	911	751	776	675	717	574	687	581	500	512	355	273	413	364	376	289	340	175	234	598
TAG->T	A->T	11295	1.08152285546233e-09	31453274	825	923	710	1011	825	756	574	602	511	503	546	449	527	297	188	241	185	333	115	242	139	72	721
TAG->G	A->G	54387	5.20768335901107e-09	31453274	3881	4643	3429	4487	3827	3584	2912	2813	2487	2435	2539	2306	2523	1612	1077	1251	973	1587	580	1120	654	421	3246
TAG->C	A->C	11376	1.08927879625848e-09	31453274	811	932	729	965	818	769	594	600	544	531	504	458	528	352	203	283	174	334	123	245	156	84	639
GAG->T	A->T	14392	1.09990173690589e-09	39407836	1093	1216	837	1027	983	902	778	777	689	723	691	590	630	427	287	429	269	418	224	336	163	156	747
GAG->G	A->G	42148	3.22114080093867e-09	39407836	3189	3521	2526	3090	2797	2647	2212	2293	1886	2031	2010	1793	1711	1254	900	1147	922	1178	646	1058	518	532	2287
GAG->C	A->C	16341	1.24885313248882e-09	39407836	1215	1373	995	1200	1057	1000	933	851	735	779	750	688	673	463	373	514	394	492	249	424	223	180	780
GAA->C	A->C	19324	1.20644823245949e-09	48239596	1362	1710	1268	1539	1312	1185	1042	1046	939	925	896	861	941	558	391	451	333	566	190	393	229	148	1039
GAA->G	A->G	50738	3.1677070181396e-09	48239596	3692	4253	3240	4119	3657	3446	2679	2767	2196	2320	2390	2052	2358	1508	1023	1156	913	1531	536	1095	630	405	2772
GAA->T	A->T	14777	9.22567042592316e-10	48239596	1041	1206	906	1285	1088	980	795	840	693	694	665	615	628	436	305	341	260	413	143	285	185	106	867
GAC->C	A->C	8063	1.08975417199481e-09	22283502	609	674	484	644	521	558	417	414	378	367	381	315	310	235	173	225	174	241	136	186	106	74	441
GAC->G	A->G	35238	4.76258929836946e-09	22283502	2616	2885	2107	2861	2395	2231	1777	1938	1558	1657	1636	1456	1460	1005	721	876	722	1061	501	858	453	348	2116
GAC->T	A->T	14643	1.97907358805903e-09	22283502	1061	1178	887	1189	998	968	765	815	637	673	636	594	606	400	299	408	267	457	205	345	206	137	912
GCA->A	C->A	41369	3.6680333145701e-09	33966991	3060	3490	2493	3512	2829	2580	2205	2391	1723	1978	1945	1692	1684	1156	806	988	767	1205	545	989	552	369	2410
GCA->G	C->G	19010	1.68554505330024e-09	33966991	1399	1614	1163	1446	1248	1169	1011	1123	987	914	840	760	811	547	397	582	417	551	245	415	215	198	958
GCA->T	C->T	79342	7.03495610830865e-09	33966991	5735	6688	4842	6043	5211	5072	4252	4353	3607	3769	3833	3324	3359	2207	1621	2237	1536	2281	1139	1928	1026	878	4401
GCC->A	C->A	33469	3.80703087442557e-09	26477176	2534	2765	1927	2353	2090	2114	1726	1946	1510	1686	1614	1408	1280	943	701	1000	810	925	586	912	437	442	1760
GCC->G	C->G	20456	2.32682851496159e-09	26477176	1585	1651	1173	1414	1339	1205	1114	1147	978	982	928	850	804	618	504	734	513	531	374	523	253	287	949
GCC->T	C->T	83717	9.52263897081735e-09	26477176	6431	6750	4837	5955	5367	5161	4487	4522	3678	4201	4036	3319	3310	2430	1800	2582	1963	2460	1498	2195	1044	1118	4573
TCC->T	C->T	87269	7.22987165503655e-09	36353375	6626	7136	5289	6535	5731	5591	4589	4687	3885	4246	4105	3776	3615	2556	1846	2351	1935	2472	1276	2177	1089	1045	4711
TCC->G	C->G	28757	2.38239717636143e-09	36353375	2009	2414	1744	2030	1830	1776	1683	1707	1543	1338	1276	1166	1133	806	686	1033	618	779	431	661	325	366	1403
TCC->A	C->A	30145	2.49738717117277e-09	36353375	2147	2498	1834	2298	2034	1948	1652	1623	1419	1479	1457	1202	1214	890	599	864	581	887	426	677	387	324	1705
TAC->T	A->T	10957	1.20460264998313e-09	27394487	730	898	764	932	820	717	589	594	510	494	487	405	516	302	196	260	159	376	117	216	132	72	671
TAC->G	A->G	58589	6.44122156245886e-09	27394487	4308	4747	3795	5004	4187	3873	3053	3087	2569	2655	2623	2417	2898	1636	1131	1231	1026	1856	638	1206	782	426	3441
TAC->C	A->C	9736	1.07036701654064e-09	27394487	679	803	643	801	666	660	539	552	486	415	370	420	451	293	217	257	149	285	110	179	111	82	568
TAA->C	A->C	22765	1.33293341218295e-09	51436869	1531	1897	1558	1959	1618	1485	1236	1257	1120	1002	1113	951	1041	688	451	474	366	655	230	389	285	134	1325
TAA->G	A->G	69236	4.05389755000653e-09	51436869	4768	5964	4490	6061	5087	4922	3718	3692	3167	2984	3003	2768	3453	1943	1301	1446	1134	2197	706	1367	916	436	3713
TAA->T	A->T	30906	1.80960421862184e-09	51436869	2195	2540	1999	2565	2235	2133	1653	1594	1349	1459	1291	1280	1550	939	577	643	579	960	375	594	416	219	1761
TCA->A	C->A	32350	2.04856843075459e-09	47559703	2260	2588	2148	2818	2250	2190	1733	1742	1433	1437	1435	1373	1495	885	616	768	513	1031	359	655	425	232	1964
TCA->G	C->G	32350	2.04856843075459e-09	47559703	2220	2671	2004	2574	2252	2002	1822	1877	1790	1372	1544	1299	1341	905	726	1000	562	872	408	642	392	317	1758
TCA->T	C->T	90019	5.70046619994118e-09	47559703	6489	7433	5668	7355	6215	5858	4864	4856	4138	4190	4170	3809	4097	2527	1805	2244	1749	2777	1175	1982	1086	828	4704
