Context	X1mer	Count	Rate	context_in_genome	chr1	chr2	chr3	chr4	chr5	chr6	chr7	chr8	chr9	chr10	chr11	chr12	chr13	chr14	chr15	chr16	chr17	chr18	chr19	chr20	chr21	chr22	chrX
AAA->C	A->C	5381	1.50688928005176e-09	94898647	241	277	284	299	301	263	326	334	312	324	298	262	322	198	125	146	118	198	87	102	76	39	449
AAA->G	A->G	9616	2.69285398940303e-09	94898647	446	458	503	518	541	446	624	631	571	544	527	485	562	333	238	304	224	338	147	227	139	81	729
AAA->T	A->T	3238	9.06765933619698e-10	94898647	117	156	152	213	162	172	201	246	201	176	178	156	202	113	61	94	61	124	58	74	42	24	255
AAC->C	A->C	1705	1.27407734309663e-09	35563702	66	105	85	85	83	102	123	110	113	87	90	85	93	51	29	54	43	65	23	43	28	16	126
AAC->G	A->G	7110	5.31301460962877e-09	35563702	310	341	363	413	376	405	462	460	396	414	408	345	376	241	164	227	137	283	95	190	95	58	551
AAC->T	A->T	2072	1.54832155712388e-09	35563702	86	98	112	106	110	120	129	152	121	128	101	121	121	60	50	50	52	83	26	48	23	13	162
AAG->C	A->C	2422	1.32436942607708e-09	48600794	128	99	124	132	148	124	142	171	137	149	148	111	152	90	46	76	46	111	24	58	38	26	142
AAG->G	A->G	6679	3.65213187314981e-09	48600794	328	349	325	313	329	360	440	450	391	399	380	336	389	218	162	213	152	253	101	189	100	61	441
AAG->T	A->T	1592	8.70518631839272e-10	48600794	73	67	89	85	92	73	93	110	103	92	86	73	100	66	48	40	19	70	22	38	26	20	107
AAT->C	A->C	2707	1.14378455959366e-09	62895909	138	134	149	141	147	150	176	194	138	159	144	134	176	105	69	77	54	101	30	54	36	19	182
AAT->G	A->G	16933	7.15467452811211e-09	62895909	786	884	880	914	919	857	1045	1153	1018	965	930	846	1024	596	401	512	350	649	192	392	287	117	1216
AAT->T	A->T	3498	1.47800457682255e-09	62895909	151	183	174	207	204	187	207	248	187	182	188	160	212	151	72	92	65	147	44	67	59	28	283
ACA->A	C->A	5149	2.77480989526082e-09	49313750	227	252	257	271	253	264	323	345	307	311	297	250	281	180	115	167	95	202	56	125	74	44	453
ACA->G	C->G	4013	2.16261645167638e-09	49313750	204	200	218	198	218	222	245	297	270	204	230	197	198	133	105	147	91	127	65	92	44	35	273
ACA->T	C->T	16517	8.90105555253892e-09	49313750	751	830	845	843	853	894	1034	1072	959	915	934	824	952	621	406	523	373	598	208	443	242	194	1203
ACC->A	C->A	6180	6.00082481270187e-09	27368809	314	290	301	301	354	287	399	408	331	359	353	332	284	201	146	205	139	242	102	205	72	68	487
ACC->G	C->G	2398	2.32847538848852e-09	27368809	107	150	118	109	104	105	167	183	141	132	123	110	113	91	67	74	60	85	52	72	32	27	176
ACC->T	C->T	13380	1.29920770216749e-08	27368809	683	616	629	661	653	676	868	856	805	754	770	631	696	504	305	462	351	479	259	406	211	169	936
ACG->A	C->A	1138	5.50462063788846e-09	5494058	68	41	36	55	52	50	72	76	68	77	66	53	73	40	22	50	29	49	24	28	15	12	82
ACG->G	C->G	780	3.77293857429965e-09	5494058	27	50	41	41	33	38	56	47	54	50	35	40	33	28	18	29	15	30	17	17	17	13	51
ACG->T	C->T	25492	1.23307371969291e-07	5494058	1264	1277	1204	1203	1165	1066	1646	1625	1407	1629	1388	1292	1330	870	612	974	715	958	507	787	375	386	1812
ACT->A	C->A	3063	2.10258039889867e-09	38714420	136	165	169	162	164	154	185	229	198	159	169	166	164	111	59	101	61	120	29	56	44	21	241
ACT->G	C->G	4232	2.90503436112935e-09	38714420	185	226	201	220	228	197	265	339	300	240	210	200	205	143	109	165	82	166	66	107	53	37	288
ACT->T	C->T	12804	8.78923912095939e-09	38714420	620	652	672	661	693	636	799	876	731	748	701	621	743	462	278	389	330	484	194	322	169	88	935
TCT->T	C->T	13356	6.55210478704188e-09	54171885	662	639	687	684	680	671	845	941	723	747	810	678	767	523	306	397	300	460	203	336	203	118	976
TCT->G	C->G	6751	3.31186428701106e-09	54171885	285	376	322	350	346	324	437	478	473	367	354	361	304	229	191	250	122	207	114	190	100	75	496
TCT->A	C->A	5523	2.70943955816354e-09	54171885	249	280	276	338	304	278	332	397	302	323	310	275	337	174	127	147	108	208	60	125	89	37	447
GCT->T	C->T	11115	9.04216617663357e-09	32667459	612	529	543	605	534	597	693	711	624	625	622	618	549	381	235	378	271	401	176	294	143	146	828
GCT->G	C->G	2553	2.07689161034148e-09	32667459	130	144	127	124	99	120	169	166	177	127	135	116	138	81	78	101	57	86	49	87	30	32	180
GCT->A	C->A	2587	2.10455095807027e-09	32667459	128	120	134	136	114	129	160	181	175	149	138	115	143	78	73	91	56	82	46	72	33	38	196
CCT->T	C->T	13549	8.69390989470257e-09	41416222	750	639	663	700	622	698	791	876	764	770	749	681	695	464	362	478	397	459	261	416	171	170	973
CCT->G	C->G	3800	2.43832442245699e-09	41416222	168	206	166	169	157	194	242	292	245	232	201	179	165	142	117	163	108	103	85	118	45	43	260
CCT->A	C->A	2792	1.79152678618419e-09	41416222	144	125	130	138	141	130	161	193	172	159	168	147	140	92	69	98	69	94	37	79	43	34	229
TAT->T	A->T	3110	1.5715108410189e-09	52592205	138	171	163	182	160	197	204	226	182	158	156	161	179	87	61	88	56	123	32	63	57	18	248
TAT->G	A->G	20400	1.03083026227606e-08	52592205	910	969	1079	1167	1245	1011	1349	1419	1248	1124	1089	1055	1241	694	442	514	399	789	200	493	303	133	1527
TAT->C	A->C	2097	1.05963287254554e-09	52592205	92	94	122	126	126	104	123	142	136	124	90	105	126	67	49	49	36	84	21	42	40	14	185
GAT->T	A->T	3783	3.0648008635742e-09	32802916	177	190	191	192	234	213	232	288	215	200	187	167	228	131	78	116	86	136	52	97	48	32	293
GAT->G	A->G	6395	5.18091502050146e-09	32802916	323	314	290	346	317	313	408	422	376	351	361	352	378	234	157	188	143	247	106	160	89	67	453
GAT->C	A->C	1254	1.01592923154165e-09	32802916	59	61	57	77	76	75	79	82	70	65	78	57	66	39	28	36	35	43	24	33	19	11	84
CAT->T	A->T	4058	2.37427127521825e-09	45421354	212	223	210	214	219	192	241	262	236	227	233	214	218	151	73	127	82	179	46	97	63	38	301
CAT->G	A->G	18714	1.09492638354939e-08	45421354	945	891	1017	916	1025	985	1233	1225	1159	1096	1030	945	1035	652	430	547	439	695	224	504	272	173	1276
CAT->C	A->C	3137	1.8354088197042e-09	45421354	150	171	166	172	165	171	231	206	182	178	174	132	171	111	67	107	64	129	38	70	47	27	208
CAA->C	A->C	3287	1.86312597079503e-09	46885209	174	147	173	149	198	152	202	221	200	202	191	165	189	114	83	101	81	119	48	71	44	27	236
CAA->G	A->G	6562	3.71945014309613e-09	46885209	331	335	351	335	357	353	407	408	367	364	337	320	409	227	165	208	139	269	105	181	111	62	421
CAA->T	A->T	1622	9.19376429762561e-10	46885209	68	81	89	102	76	74	102	108	115	90	95	72	94	48	35	47	25	69	17	40	24	15	136
CAC->C	A->C	2308	1.73269370023524e-09	35399113	106	118	119	109	99	97	175	156	123	108	123	112	129	79	63	102	74	81	45	78	33	23	156
CAC->G	A->G	6694	5.02541231775335e-09	35399113	319	302	347	319	317	339	419	422	340	419	394	345	348	232	202	241	158	258	125	210	131	78	429
CAC->T	A->T	1804	1.35432384541784e-09	35399113	97	103	84	93	97	115	119	137	94	90	98	76	76	49	45	67	45	57	29	57	28	20	128
CAG->C	A->C	2903	1.63606051104675e-09	47154815	169	153	116	125	122	148	204	193	171	181	161	158	150	128	81	94	64	101	46	93	49	40	156
CAG->G	A->G	9401	5.29817597807458e-09	47154815	486	462	431	423	465	451	614	590	555	613	509	483	500	350	236	291	267	344	197	278	136	122	598
CAG->T	A->T	2095	1.18069127476505e-09	47154815	110	95	97	89	111	105	137	145	122	121	109	129	118	49	44	79	56	64	39	60	32	27	157
CCA->A	C->A	3530	2.15097450916146e-09	43613186	172	182	171	183	170	186	209	242	196	226	168	172	184	113	94	115	79	126	52	107	55	49	279
CCA->G	C->G	2875	1.75185600958618e-09	43613186	162	155	139	137	161	158	164	173	175	195	163	120	151	99	68	105	73	91	60	79	41	39	167
CCA->T	C->T	10891	6.6363352349228e-09	43613186	554	557	544	507	499	522	653	755	648	626	634	532	499	384	278	406	285	392	209	343	173	135	756
CCC->A	C->A	3391	3.02976524497461e-09	29743850	170	155	160	169	147	163	192	229	178	202	228	160	153	148	84	128	93	123	73	83	55	54	244
CCC->G	C->G	3365	3.00653495999398e-09	29743850	211	193	161	148	142	142	192	228	216	193	152	152	159	142	79	138	102	127	94	120	43	46	185
CCC->T	C->T	11469	1.02472360939587e-08	29743850	611	544	566	525	516	525	663	735	635	698	663	532	511	404	281	422	364	398	237	395	160	214	870
CCG->A	C->A	917	4.44357021883199e-09	5484230	53	42	43	45	40	42	68	48	44	69	44	32	35	27	31	37	33	33	30	38	9	21	53
CCG->G	C->G	916	4.43872444978201e-09	5484230	50	39	30	25	40	37	66	53	54	56	43	49	53	29	31	37	38	32	37	34	13	18	52
CCG->T	C->T	21793	1.05603844906222e-07	5484230	1297	1049	905	850	921	943	1426	1343	1194	1380	1227	1081	944	753	547	908	790	776	591	761	329	426	1352
TCG->T	C->T	15811	8.79168370329541e-08	4779315	801	786	744	743	706	746	1013	1021	867	1034	885	824	780	583	403	582	469	534	352	496	232	231	979
TCG->G	C->G	865	4.80982000085417e-09	4779315	36	36	40	35	41	32	63	48	56	60	47	41	32	38	12	45	24	39	26	28	14	16	56
TCG->A	C->A	822	4.57071912219899e-09	4779315	42	46	19	46	35	40	46	43	51	48	38	43	47	31	25	40	18	35	22	21	10	16	60
GCG->T	C->T	18115	1.03459484659118e-07	4653143	966	910	790	777	758	867	1192	1136	974	1091	971	931	830	593	464	767	646	590	510	623	265	348	1116
GCG->G	C->G	533	3.04410186714379e-09	4653143	31	23	25	22	21	28	28	27	23	41	34	21	18	22	11	25	10	19	25	20	11	11	37
GCG->A	C->A	1369	7.81871567752316e-09	4653143	68	63	68	54	48	58	102	92	78	86	80	58	59	41	34	52	39	60	48	48	24	33	76
TAG->T	A->T	1176	9.88685586048195e-10	31610218	57	60	72	70	61	58	64	73	62	63	55	59	66	54	22	34	24	55	13	21	20	10	103
TAG->G	A->G	6090	5.11997892774958e-09	31610218	315	302	329	315	349	322	384	403	338	325	348	324	311	220	144	182	125	236	82	139	85	52	460
TAG->C	A->C	1215	1.02147362844265e-09	31610218	68	51	62	83	57	63	70	75	83	70	68	57	71	41	22	37	26	38	17	35	21	13	87
GAG->T	A->T	1678	1.12598053215895e-09	39604036	91	73	59	86	67	85	104	115	113	91	109	71	79	62	37	63	37	69	25	61	33	25	123
GAG->G	A->G	4594	3.08269044382491e-09	39604036	257	256	189	219	218	223	266	310	280	287	245	272	229	147	123	149	121	178	93	116	61	69	286
GAG->C	A->C	1761	1.18167563595465e-09	39604036	92	99	72	80	81	83	120	135	108	104	96	96	77	63	54	60	59	57	30	43	20	27	105
GAA->C	A->C	1971	1.08042295587549e-09	48480958	113	109	102	110	115	104	149	125	134	107	95	105	97	76	34	62	34	76	16	45	18	16	129
GAA->G	A->G	5307	2.90908403187784e-09	48480958	248	267	276	297	310	281	317	341	303	308	295	288	279	193	127	160	116	169	70	144	92	51	375
GAA->T	A->T	1736	9.51605404058776e-10	48480958	77	95	101	109	84	81	101	117	96	108	109	89	96	61	30	43	42	60	18	46	27	19	127
GAC->C	A->C	840	9.96790601346087e-10	22395137	45	48	49	40	39	51	54	45	54	55	35	52	36	26	27	27	18	23	16	23	9	13	55
GAC->G	A->G	3602	4.27433303101024e-09	22395137	190	178	179	186	190	171	231	228	188	203	190	202	184	103	90	116	84	170	64	80	53	41	281
GAC->T	A->T	1642	1.94848829453604e-09	22395137	90	79	92	88	72	78	126	113	87	79	95	88	93	50	39	61	40	55	21	39	18	18	121
GCA->A	C->A	4439	3.45574611739311e-09	34136712	200	212	235	258	246	217	256	325	225	295	235	235	216	145	94	126	83	158	68	133	62	51	364
GCA->G	C->G	1937	1.50794778765273e-09	34136712	108	102	92	98	84	88	124	135	112	124	132	79	98	61	57	60	46	64	33	48	31	24	137
GCA->T	C->T	9514	7.40661603083533e-09	34136712	485	462	439	469	447	472	622	671	548	580	567	461	475	357	229	303	234	343	159	259	134	125	673
GCC->A	C->A	3980	3.97489260296332e-09	26609459	214	201	176	190	187	193	274	253	205	246	233	217	189	145	91	156	105	154	77	109	53	68	244
GCC->G	C->G	2216	2.21315628345897e-09	26609459	120	122	90	115	80	103	157	143	137	133	118	104	107	77	65	90	58	79	46	70	29	32	141
GCC->T	C->T	10384	1.03706745701435e-08	26609459	577	493	490	465	456	513	641	684	586	645	614	533	478	340	254	360	299	372	242	319	147	145	731
TCC->T	C->T	17235	1.25368568479833e-08	36534317	845	823	802	793	813	857	1107	1032	956	1089	1008	923	872	612	412	594	476	631	281	497	244	229	1339
TCC->G	C->G	3190	2.32042781230443e-09	36534317	151	178	153	156	156	139	208	224	213	185	191	136	151	118	84	140	92	91	64	90	48	27	195
TCC->A	C->A	3558	2.58811352858281e-09	36534317	169	176	182	184	168	179	217	255	228	199	200	154	176	97	82	130	92	144	53	100	65	40	268
TAC->T	A->T	1223	1.18049186420885e-09	27532258	66	64	55	70	56	62	78	90	73	79	80	51	82	41	28	32	27	39	9	24	14	10	93
TAC->G	A->G	6342	6.12156942176003e-09	27532258	317	297	324	375	352	346	412	408	350	363	379	311	377	204	121	187	128	229	80	137	98	63	484
TAC->C	A->C	912	8.80301373800874e-10	27532258	41	48	49	50	40	45	60	48	63	54	51	58	51	26	31	31	22	30	18	22	12	3	59
TAA->C	A->C	2304	1.18445752107957e-09	51694145	113	112	127	130	136	117	158	172	144	112	128	119	139	78	47	62	41	82	32	37	33	18	167
TAA->G	A->G	7989	4.10704476384751e-09	51694145	339	389	477	435	465	419	530	520	458	471	407	380	501	296	199	218	162	301	85	181	131	49	576
TAA->T	A->T	3042	1.56385407080036e-09	51694145	140	146	150	159	173	173	189	190	187	177	166	171	176	85	77	95	74	110	43	76	48	16	221
TCA->A	C->A	3453	1.91986071920596e-09	47797505	149	163	188	193	205	181	208	230	189	191	208	178	185	129	58	105	79	132	35	79	60	38	270
TCA->G	C->G	3557	1.97768449991764e-09	47797505	158	194	198	193	152	178	251	269	219	197	190	159	185	123	93	126	83	123	50	74	52	41	249
TCA->T	C->T	11281	6.27221221354256e-09	47797505	584	574	578	622	582	563	699	766	650	616	655	628	588	376	265	367	229	413	165	273	138	104	846
