Context	X1mer	Count	Rate	context_in_genome	chr1	chr2	chr3	chr4	chr5	chr6	chr7	chr8	chr9	chr10	chr11	chr12	chr13	chr14	chr15	chr16	chr17	chr18	chr19	chr20	chr21	chr22	chrX
AAA->C	A->C	11447	1.58651758651534e-09	94426158	800	960	746	995	774	727	599	627	547	528	508	428	603	331	228	252	219	334	136	206	131	90	678
AAA->G	A->G	19693	2.72938681150053e-09	94426158	1371	1621	1309	1622	1333	1323	1043	1059	989	899	869	815	962	544	393	470	372	592	210	391	260	144	1102
AAA->T	A->T	6864	9.51328445342995e-10	94426158	454	590	467	539	494	464	335	356	347	316	339	251	326	175	124	159	119	211	77	128	108	44	441
AAC->C	A->C	3454	1.27737787466827e-09	35387385	244	287	222	298	223	243	173	183	152	159	179	163	153	105	58	83	60	86	39	75	49	26	194
AAC->G	A->G	14803	5.47452943796017e-09	35387385	1111	1240	932	1236	997	994	719	760	675	668	689	591	650	458	290	344	285	450	163	326	205	127	893
AAC->T	A->T	4215	1.55881521184909e-09	35387385	250	341	285	366	279	300	181	242	188	199	194	169	210	116	64	87	88	124	45	77	56	22	332
AAG->C	A->C	5214	1.41106727608559e-09	48358056	380	464	336	383	362	320	264	273	234	239	261	209	275	129	106	127	121	159	60	122	76	33	281
AAG->G	A->G	14043	3.80046370503835e-09	48358056	1056	1152	954	1084	968	935	689	743	695	639	704	601	620	406	287	369	254	398	170	291	160	125	743
AAG->T	A->T	3521	9.52889888587912e-10	48358056	247	274	248	284	266	245	179	193	151	151	184	150	171	95	69	83	45	113	43	64	49	23	194
AAT->C	A->C	5556	1.16185306004599e-09	62583026	369	464	346	485	403	382	300	303	265	256	233	217	250	142	105	123	109	196	70	112	80	25	321
AAT->G	A->G	35965	7.520886483901e-09	62583026	2545	3025	2416	2962	2598	2413	1934	1926	1786	1678	1639	1474	1785	1034	680	791	586	1054	283	697	471	203	1985
AAT->T	A->T	7427	1.55311063300244e-09	62583026	535	619	509	621	531	480	377	429	362	296	343	259	370	199	112	177	113	247	82	112	96	46	512
ACA->A	C->A	10627	2.83436768125369e-09	49068188	748	909	699	898	759	737	502	605	484	488	543	438	457	304	204	221	161	273	109	203	136	77	672
ACA->G	C->G	8431	2.24866414986825e-09	49068188	580	731	530	663	585	544	464	542	433	386	413	316	361	228	164	216	160	215	96	150	104	61	489
ACA->T	C->T	34480	9.19629224142536e-09	49068188	2536	2844	2259	2792	2354	2260	1752	1872	1574	1586	1594	1368	1642	948	665	855	612	1141	391	712	426	306	1991
ACC->A	C->A	13190	6.33863665050121e-09	27232936	947	1133	844	995	866	826	690	752	593	634	606	543	599	360	232	357	273	372	206	311	170	99	782
ACC->G	C->G	4940	2.37398522012706e-09	27232936	336	422	326	363	331	281	263	307	267	227	237	186	202	129	106	164	91	123	75	109	76	42	277
ACC->T	C->T	22557	1.08400778563575e-08	27232936	1731	1894	1480	1674	1408	1433	1113	1184	1037	1096	1086	952	965	664	452	580	500	634	310	514	287	245	1318
ACG->A	C->A	2495	5.97294959398888e-09	5466725	193	198	155	182	163	160	114	127	89	132	101	90	97	83	50	83	47	101	48	57	44	30	151
ACG->G	C->G	1652	3.95483476123031e-09	5466725	121	137	88	121	73	104	97	83	84	92	51	66	59	59	44	60	34	51	39	49	26	21	93
ACG->T	C->T	53332	1.276750892772e-07	5466725	4002	4580	3171	3799	3419	3275	2794	2800	2362	2839	2513	2181	2248	1531	1090	1507	1225	1697	849	1319	694	649	2788
ACT->A	C->A	6560	2.22865526666621e-09	38521791	475	519	411	568	451	430	352	345	285	310	347	264	314	175	133	172	110	159	66	121	87	42	424
ACT->G	C->G	8423	2.86157977303803e-09	38521791	590	698	534	629	612	523	466	524	488	372	365	309	355	251	169	267	138	262	87	164	88	60	472
ACT->T	C->T	24646	8.37308501558771e-09	38521791	1757	2000	1603	1976	1685	1704	1269	1377	1119	1139	1256	977	1181	628	514	577	434	731	303	504	325	218	1369
TCT->T	C->T	23615	5.73361964546857e-09	53901965	1745	1909	1530	1836	1605	1586	1183	1272	1060	1087	1124	962	1046	653	451	577	425	707	276	537	321	226	1497
TCT->G	C->G	13331	3.23670901942585e-09	53901965	878	1155	897	1028	926	804	742	764	788	584	607	509	521	359	295	423	228	397	167	267	173	115	704
TCT->A	C->A	11451	2.78025316791279e-09	53901965	812	923	799	933	776	771	580	625	506	501	594	433	523	331	197	239	174	321	131	235	162	74	811
GCT->T	C->T	22326	8.98874864371719e-09	32505527	1660	1837	1434	1709	1465	1392	1114	1226	1003	1082	1091	900	961	637	411	571	430	688	276	527	311	181	1420
GCT->G	C->G	5149	2.07305682910059e-09	32505527	362	450	293	352	329	316	286	319	245	248	268	192	213	135	151	188	110	117	79	112	68	58	258
GCT->A	C->A	5455	2.19625655520368e-09	32505527	397	441	359	449	356	352	257	311	258	259	272	228	242	129	101	168	87	149	78	131	60	56	315
CCT->T	C->T	27919	8.86616901159078e-09	41210642	2148	2295	1787	2120	1829	1757	1400	1475	1218	1393	1326	1153	1102	806	522	730	597	866	438	670	354	287	1646
CCT->G	C->G	7791	2.47416894477968e-09	41210642	583	629	466	571	552	464	410	476	471	371	310	275	295	223	201	236	186	190	126	173	90	96	397
CCT->A	C->A	5969	1.89556083062378e-09	41210642	481	474	379	475	401	347	302	330	285	261	285	232	247	179	124	159	122	169	87	138	78	57	357
TAT->T	A->T	6902	1.72608948703317e-09	52330776	486	573	492	619	481	459	348	364	324	280	318	294	338	175	118	170	95	205	54	111	98	40	460
TAT->G	A->G	42160	1.05436008074933e-08	52330776	2901	3633	2849	3741	3040	2795	2181	2217	2009	1771	2011	1677	2204	1188	735	890	642	1357	322	774	591	204	2428
TAT->C	A->C	4315	1.07911853615592e-09	52330776	273	390	279	389	313	279	197	223	204	172	223	165	234	121	81	96	79	129	37	63	65	20	283
GAT->T	A->T	8452	3.38892749142694e-09	32639443	664	697	567	716	569	547	439	458	338	385	403	315	388	230	162	193	137	267	93	172	111	55	546
GAT->G	A->G	13183	5.28587684802193e-09	32639443	911	1183	827	1038	906	922	701	735	648	642	641	526	587	369	234	289	244	382	125	279	157	112	725
GAT->C	A->C	2612	1.04731171410402e-09	32639443	182	215	171	208	173	180	146	146	115	130	105	100	128	80	52	74	52	86	29	57	29	23	131
CAT->T	A->T	8539	2.47270139079397e-09	45194009	602	711	552	717	641	513	417	470	396	422	419	341	436	215	163	201	145	269	80	166	105	64	494
CAT->G	A->G	38205	1.10633044425909e-08	45194009	2742	3308	2518	3108	2603	2555	2013	2037	1785	1764	1788	1490	1839	1109	807	883	689	1191	418	753	495	322	1988
CAT->C	A->C	6704	1.94132686776939e-09	45194009	435	558	443	564	476	409	350	385	347	307	302	264	299	197	128	157	131	223	91	136	88	56	358
CAA->C	A->C	6454	1.81052050913256e-09	46652083	472	504	422	521	475	438	341	325	347	295	291	256	283	177	136	162	123	183	70	125	77	53	378
CAA->G	A->G	13582	3.81011613805987e-09	46652083	992	1173	850	1063	939	903	704	719	647	614	644	591	643	362	257	325	234	446	150	266	193	100	767
CAA->T	A->T	3367	9.44534018321865e-10	46652083	244	247	223	292	233	226	176	209	144	150	174	129	159	99	53	82	56	106	31	73	27	23	211
CAC->C	A->C	4690	1.74255434335242e-09	35223462	365	382	302	335	281	324	261	271	222	227	208	173	196	117	113	142	77	127	80	115	58	48	266
CAC->G	A->G	13382	4.97203885346314e-09	35223462	1047	1051	862	1024	854	886	712	733	665	649	584	520	567	362	278	371	285	408	199	290	180	138	717
CAC->T	A->T	3861	1.43454207242723e-09	35223462	279	330	225	271	246	237	211	242	185	199	178	153	157	95	91	115	73	107	43	101	42	38	243
CAG->C	A->C	5655	1.57731337409043e-09	46920232	418	500	361	421	322	381	283	296	290	286	296	230	250	175	129	173	121	141	71	113	64	54	280
CAG->G	A->G	18800	5.24376506328915e-09	46920232	1457	1580	1109	1406	1298	1161	1008	981	864	952	865	774	814	549	457	500	432	511	314	426	208	205	929
CAG->T	A->T	4226	1.17873144454574e-09	46920232	316	336	210	293	282	309	248	210	182	208	227	167	160	107	91	115	99	125	74	98	72	44	253
CCA->A	C->A	7640	2.30403799031878e-09	43395955	579	620	464	579	522	478	373	444	368	378	366	275	334	226	127	198	153	201	102	203	96	68	486
CCA->G	C->G	5627	1.69696620046122e-09	43395955	424	489	358	373	377	326	276	322	298	298	264	201	221	163	106	191	122	145	86	134	82	74	297
CCA->T	C->T	22793	6.87381386300207e-09	43395955	1703	1867	1450	1616	1488	1405	1120	1238	1042	1164	1084	949	909	677	519	650	505	644	354	568	279	276	1286
CCC->A	C->A	7058	3.12097087950242e-09	29596303	533	605	373	477	469	398	339	417	336	381	358	302	249	196	155	220	168	224	130	163	76	90	399
CCC->G	C->G	7097	3.13821625557221e-09	29596303	576	601	428	481	433	407	371	368	360	355	337	296	240	208	162	225	179	215	124	188	85	118	340
CCC->T	C->T	21394	9.46019424710608e-09	29596303	1738	1771	1220	1455	1350	1304	1063	1124	952	1149	1036	834	855	584	453	625	527	629	389	546	280	281	1229
CCG->A	C->A	1960	4.70075677143772e-09	5456747	153	154	110	137	105	107	123	102	80	93	84	63	91	55	42	76	69	44	49	61	29	31	102
CCG->G	C->G	1968	4.71994353377011e-09	5456747	151	158	112	112	108	106	106	106	99	102	93	77	64	54	52	76	69	64	58	45	26	43	87
CCG->T	C->T	45212	1.08433987321552e-07	5456747	3595	3876	2524	2816	2690	2684	2402	2357	2060	2378	2013	1845	1765	1293	1067	1441	1331	1298	995	1240	593	694	2255
TCG->T	C->T	33167	9.12739522526652e-08	4755595	2547	2823	1942	2330	2126	2084	1778	1694	1502	1824	1499	1311	1334	930	716	986	834	920	630	824	410	420	1703
TCG->G	C->G	1710	4.70583587156081e-09	4755595	134	137	96	112	105	94	97	99	77	92	68	66	62	52	41	72	46	45	31	42	20	26	96
TCG->A	C->A	1783	4.90672828011282e-09	4755595	125	127	105	147	122	110	86	94	83	94	78	70	87	57	37	58	42	59	35	41	22	11	93
GCG->T	C->T	37259	1.05320359741872e-07	4629823	2963	3021	2133	2405	2255	2135	2045	1905	1691	1910	1698	1548	1410	1098	825	1201	1041	1099	802	1003	481	591	1999
GCG->G	C->G	1190	3.36378400098843e-09	4629823	85	86	70	96	79	77	68	59	53	63	63	44	55	23	32	37	33	43	17	22	15	9	61
GCG->A	C->A	2810	7.94305297712395e-09	4629823	225	241	145	196	134	187	121	147	122	165	131	133	131	77	55	88	58	78	67	90	42	48	129
TAG->T	A->T	2489	1.03562986442528e-09	31453274	173	237	146	221	171	140	123	142	143	118	110	86	111	71	50	53	40	73	16	41	47	12	165
TAG->G	A->G	12378	5.15027178057697e-09	31453274	927	1017	820	1069	806	852	641	720	568	571	545	476	590	370	250	286	217	388	123	214	165	100	663
TAG->C	A->C	2527	1.0514410073936e-09	31453274	196	206	173	239	165	164	121	118	125	133	107	109	116	51	36	66	47	70	38	48	36	18	145
GAG->T	A->T	3298	1.09525083131502e-09	39407836	232	264	220	267	211	183	176	140	148	160	181	134	165	87	73	103	76	106	40	71	38	36	187
GAG->G	A->G	9170	3.04531537997535e-09	39407836	727	765	560	675	607	546	479	500	455	428	422	403	398	262	189	232	200	274	149	223	113	78	485
GAG->C	A->C	3567	1.18458451040044e-09	39407836	261	302	202	268	258	227	208	173	155	179	155	160	164	93	79	107	62	109	56	86	34	43	186
GAA->C	A->C	4235	1.148934524971e-09	48239596	279	383	308	355	328	282	207	210	199	178	207	188	180	108	70	98	79	126	56	95	51	33	215
GAA->G	A->G	11017	2.98885753520791e-09	48239596	768	941	686	885	788	771	561	573	468	481	577	437	549	292	176	258	192	344	138	225	171	79	657
GAA->T	A->T	3665	9.94296348056367e-10	48239596	283	279	239	292	284	237	172	203	167	157	193	125	171	95	72	92	74	114	43	82	53	16	222
GAC->C	A->C	1639	9.6258931540099e-10	22283502	125	128	123	133	106	100	80	77	79	77	74	77	64	57	38	43	40	42	18	38	18	17	85
GAC->G	A->G	7851	4.61091440830578e-09	22283502	582	635	507	643	554	507	346	429	342	409	355	316	324	211	129	224	173	211	115	197	117	71	454
GAC->T	A->T	3724	2.18711568673172e-09	22283502	265	320	220	321	238	208	209	202	169	174	173	136	169	100	63	96	77	110	51	92	45	50	236
GCA->A	C->A	9366	3.60863207174793e-09	33966991	703	755	601	771	623	657	453	503	389	454	452	351	385	264	187	242	159	273	119	209	130	86	600
GCA->G	C->G	4035	1.55464770547757e-09	33966991	310	351	244	286	236	235	214	249	195	233	195	157	192	105	87	121	69	107	57	87	48	43	214
GCA->T	C->T	18604	7.16794694242991e-09	33966991	1385	1628	1076	1356	1252	1238	954	1047	828	866	912	720	827	529	379	476	394	548	267	447	202	190	1083
GCC->A	C->A	8354	4.12922298311002e-09	26477176	659	742	530	605	563	516	412	435	371	410	435	309	351	221	168	253	172	214	133	212	116	94	433
GCC->G	C->G	4437	2.19312453627713e-09	26477176	372	363	268	306	242	240	245	243	203	216	240	186	172	126	109	142	93	142	87	119	47	58	218
GCC->T	C->T	19942	9.85695053018673e-09	26477176	1517	1602	1216	1395	1255	1250	979	1124	877	1022	1016	816	787	535	393	600	463	528	337	513	262	275	1180
TCC->T	C->T	23795	8.56616627421229e-09	36353375	1829	2057	1413	1711	1594	1511	1162	1301	1026	1147	1194	934	991	744	534	652	525	694	347	563	258	263	1345
TCC->G	C->G	6585	2.37059066676562e-09	36353375	453	560	418	462	436	400	366	393	365	316	287	248	243	170	156	237	134	177	112	161	71	74	346
TCC->A	C->A	7453	2.68306943650785e-09	36353375	546	663	453	594	459	468	363	391	372	370	392	307	324	219	156	200	144	230	89	167	85	67	394
TAC->T	A->T	2434	1.16279439353058e-09	27394487	207	185	145	210	178	172	133	125	111	115	121	99	111	80	36	60	29	63	13	54	34	16	137
TAC->G	A->G	13458	6.42928798197807e-09	27394487	953	1109	898	1166	937	949	681	742	647	585	626	547	645	355	235	295	229	418	133	243	186	90	789
TAC->C	A->C	2049	9.78868410987744e-10	27394487	129	184	137	194	128	117	100	120	104	94	122	72	79	70	45	52	34	55	17	35	31	12	118
TAA->C	A->C	4881	1.2418805063672e-09	51436869	316	439	347	436	357	339	283	240	252	198	231	187	256	123	101	97	68	130	32	71	62	31	285
TAA->G	A->G	16427	4.17954744480515e-09	51436869	1203	1387	1087	1456	1183	1110	876	858	789	752	741	652	851	442	274	329	252	518	158	301	218	122	868
TAA->T	A->T	6328	1.61004299206958e-09	51436869	425	571	407	545	442	437	334	328	270	286	317	240	338	181	120	128	113	204	55	89	93	39	366
TCA->A	C->A	7468	2.05499468380885e-09	47559703	500	643	508	639	551	463	418	386	344	312	327	310	353	206	156	204	115	197	70	135	109	48	474
TCA->G	C->G	7301	2.00904073198827e-09	47559703	485	614	459	567	514	451	375	460	402	314	355	289	291	227	165	194	129	193	83	153	103	61	417
TCA->T	C->T	21567	5.93466394559527e-09	47559703	1571	1754	1402	1601	1441	1422	1098	1221	1016	1018	1055	895	1010	612	429	597	418	687	273	447	256	157	1187
