Context	X1mer	Count	Rate	context_in_genome	chr1	chr2	chr3	chr4	chr5	chr6	chr7	chr8	chr9	chr10	chr11	chr12	chr13	chr14	chr15	chr16	chr17	chr18	chr19	chr20	chr21	chr22	chrX
AAA->C	A->C	9544	1.63576671845341e-09	94426158	691	788	614	768	672	611	522	465	490	442	390	391	467	295	196	217	188	271	129	172	112	68	585
AAA->G	A->G	16209	2.77809542533647e-09	94426158	1151	1364	1086	1272	1186	1097	886	825	740	738	695	683	806	477	318	404	287	480	218	322	182	121	871
AAA->T	A->T	5725	9.81220082056346e-10	94426158	380	477	421	470	402	391	319	302	231	267	256	218	292	151	112	134	87	172	64	106	81	39	353
AAC->C	A->C	3487	1.59472841626668e-09	35387385	248	305	227	269	233	214	143	194	172	176	143	139	181	78	85	104	56	108	52	72	41	33	214
AAC->G	A->G	12176	5.56851539904303e-09	35387385	817	1033	756	1005	875	819	603	630	555	572	491	518	573	360	213	321	222	370	161	295	155	92	740
AAC->T	A->T	3708	1.69579953183735e-09	35387385	281	302	231	334	292	240	169	208	148	171	160	163	161	109	61	82	52	91	42	76	42	29	264
AAG->C	A->C	4300	1.43907317670391e-09	48358056	316	354	289	314	340	288	245	231	206	190	180	176	224	138	80	123	85	130	48	77	51	21	194
AAG->G	A->G	11658	3.90156164977075e-09	48358056	844	1000	748	921	839	832	599	648	556	554	475	468	526	342	229	283	225	354	127	231	141	85	631
AAG->T	A->T	2809	9.40082919386348e-10	48358056	189	216	207	257	183	191	156	165	117	130	131	119	109	84	48	70	44	91	36	50	27	18	171
AAT->C	A->C	4618	1.19420978941463e-09	62583026	321	363	326	422	313	311	252	231	218	202	197	151	249	150	97	106	83	177	35	71	74	28	241
AAT->G	A->G	29557	7.64340813030063e-09	62583026	2118	2558	2017	2493	2081	1972	1546	1533	1463	1334	1291	1207	1475	843	568	704	484	876	256	566	388	207	1577
AAT->T	A->T	6289	1.6263285763596e-09	62583026	440	532	419	561	468	442	328	323	267	305	251	241	329	189	102	129	93	193	62	110	77	32	396
ACA->A	C->A	9001	2.96875253443266e-09	49068188	632	705	610	737	638	628	455	470	440	402	419	341	436	261	167	216	127	264	84	160	124	54	631
ACA->G	C->G	6578	2.16958717603578e-09	49068188	453	539	430	546	419	444	347	334	351	330	309	240	273	199	132	215	112	172	76	121	75	59	402
ACA->T	C->T	26426	8.71594872513250e-09	49068188	1984	2215	1736	2078	1797	1747	1390	1362	1238	1247	1149	1081	1212	808	523	641	502	821	341	596	284	226	1448
ACC->A	C->A	11011	6.54358207105374e-09	27232936	759	952	730	817	750	741	522	615	437	534	510	461	509	338	225	306	216	300	168	268	121	113	619
ACC->G	C->G	4136	2.45792892978642e-09	27232936	283	344	256	292	278	240	240	257	189	215	192	177	167	107	85	145	68	130	72	86	43	54	216
ACC->T	C->T	15808	9.39432797922237e-09	27232936	1250	1269	969	1181	1068	1075	813	777	767	794	722	639	638	484	341	394	355	466	251	373	171	177	834
ACG->A	C->A	1984	5.87350978851299e-09	5466725	136	154	118	135	112	127	129	112	83	127	74	100	77	65	42	63	36	63	33	43	29	17	109
ACG->G	C->G	1264	3.74199413945586e-09	5466725	85	109	78	88	78	73	60	74	55	60	55	57	53	44	25	46	35	30	26	25	17	15	76
ACG->T	C->T	43211	1.27923503765844e-07	5466725	3142	3705	2563	3058	2789	2757	2320	2288	1822	2192	1850	1794	1863	1254	902	1311	978	1353	760	1106	579	561	2264
ACT->A	C->A	5263	2.21110901854128e-09	38521791	374	451	374	436	389	346	287	267	264	235	230	213	242	144	96	117	80	147	60	103	62	32	314
ACT->G	C->G	6682	2.80726400567981e-09	38521791	470	573	430	533	461	409	379	394	371	285	285	249	297	194	144	214	122	180	74	116	82	37	383
ACT->T	C->T	18638	7.83025838639035e-09	38521791	1393	1527	1210	1440	1376	1289	1011	993	853	873	801	803	853	541	328	427	345	535	224	396	208	166	1046
TCT->T	C->T	17968	5.39483787429545e-09	53901965	1371	1427	1105	1422	1165	1219	939	1002	845	861	786	724	771	540	343	464	351	526	232	412	240	134	1089
TCT->G	C->G	10746	3.22645412940666e-09	53901965	709	941	710	843	749	664	563	645	624	474	475	403	444	330	233	321	181	286	128	208	114	90	611
TCT->A	C->A	9431	2.83162934063226e-09	53901965	666	823	648	860	671	605	493	496	422	387	439	397	478	229	156	217	136	279	108	176	118	63	564
GCT->T	C->T	18612	9.26657166851654e-09	32505527	1372	1530	1157	1377	1295	1219	923	965	847	870	867	736	782	546	390	519	374	590	256	445	223	188	1141
GCT->G	C->G	4292	2.13690767253777e-09	32505527	287	389	242	309	269	256	218	259	230	225	206	171	161	122	103	150	82	98	69	112	42	44	248
GCT->A	C->A	4223	2.10255384462419e-09	32505527	301	356	278	346	303	282	188	235	200	211	184	174	180	114	74	92	93	138	63	84	46	36	245
CCT->T	C->T	22907	8.99584765805017e-09	41210642	1806	1924	1388	1721	1470	1490	1125	1152	933	1090	1077	972	933	665	508	689	525	706	367	557	252	263	1294
CCT->G	C->G	6434	2.52670728737481e-09	41210642	445	560	376	432	438	404	340	369	363	305	281	235	249	197	163	226	136	198	92	167	59	79	320
CCT->A	C->A	4642	1.82296786260396e-09	41210642	364	373	275	377	319	302	237	248	226	240	241	198	200	131	91	141	74	121	51	98	38	46	251
TAT->T	A->T	6314	1.95267811706753e-09	52330776	444	546	464	557	431	441	323	294	272	282	258	228	317	173	117	142	91	215	60	126	90	38	405
TAT->G	A->G	34037	1.05263390989274e-08	52330776	2449	2840	2349	2995	2477	2302	1807	1788	1630	1465	1444	1372	1733	996	608	746	557	1048	275	594	446	187	1929
TAT->C	A->C	3561	1.10128076890679e-09	52330776	246	290	242	338	261	236	189	174	166	142	163	138	165	108	56	82	48	135	40	78	45	21	198
GAT->T	A->T	7169	3.55466843857263e-09	32639443	531	584	458	638	499	506	350	358	301	317	331	287	331	219	141	172	123	202	75	165	68	46	467
GAT->G	A->G	10887	5.39819713917425e-09	32639443	847	933	680	918	757	726	574	544	552	474	472	435	477	328	201	285	162	330	134	222	131	89	616
GAT->C	A->C	2158	1.07002015489465e-09	32639443	151	205	153	148	168	148	95	87	108	109	103	88	102	77	30	58	39	50	20	60	27	20	112
CAT->T	A->T	7181	2.57150465930415e-09	45194009	530	581	477	542	509	479	361	444	340	350	329	288	317	206	124	199	120	218	82	149	86	49	401
CAT->G	A->G	31448	1.12614786973676e-08	45194009	2395	2739	2001	2529	2253	2060	1614	1641	1453	1469	1406	1289	1518	949	607	779	560	1006	360	658	355	250	1557
CAT->C	A->C	5578	1.99747291318737e-09	45194009	365	451	381	448	398	340	278	312	275	269	266	233	276	159	114	143	102	173	45	130	71	55	294
CAA->C	A->C	5494	1.90590334403169e-09	46652083	416	474	366	436	385	371	276	295	299	257	249	201	258	140	102	142	118	148	74	100	61	34	292
CAA->G	A->G	11266	3.90824664613415e-09	46652083	868	931	758	881	772	779	557	576	516	549	484	504	523	316	237	263	219	321	137	237	118	98	622
CAA->T	A->T	2837	9.84173241175447e-10	46652083	171	244	203	240	221	210	130	153	141	124	126	114	123	72	47	63	57	83	32	57	33	23	170
CAC->C	A->C	4472	2.05472172263566e-09	35223462	373	427	274	299	269	268	226	220	225	220	194	175	194	121	109	136	88	126	66	108	46	53	255
CAC->G	A->G	11305	5.19423727066103e-09	35223462	841	915	691	879	716	705	619	595	523	529	476	476	485	370	259	309	237	352	193	309	127	118	581
CAC->T	A->T	3463	1.59112283664742e-09	35223462	279	276	193	267	208	205	181	197	173	161	154	164	154	118	90	100	64	95	67	69	38	39	171
CAG->C	A->C	4723	1.62907489620935e-09	46920232	371	375	304	336	288	296	270	231	232	255	221	190	200	159	96	149	105	131	84	113	44	47	226
CAG->G	A->G	15461	5.33286618045580e-09	46920232	1231	1304	934	1099	1032	1038	800	774	672	717	669	700	701	458	347	427	324	488	273	401	175	171	726
CAG->T	A->T	3475	1.19861004961412e-09	46920232	241	298	223	281	219	215	187	182	157	159	141	141	152	111	73	110	66	108	47	90	39	44	191
CCA->A	C->A	6227	2.32227085718932e-09	43395955	468	492	380	479	419	401	337	312	257	274	279	277	263	173	137	169	126	198	97	172	64	64	389
CCA->G	C->G	4676	1.74384752340088e-09	43395955	370	408	302	312	288	269	215	232	275	233	216	179	186	147	110	141	112	121	71	129	63	64	233
CCA->T	C->T	17861	6.66100526421367e-09	43395955	1362	1541	1150	1270	1158	1174	916	937	896	854	768	753	705	519	383	543	358	507	288	441	190	190	958
CCC->A	C->A	5731	3.13383553063189e-09	29596303	426	501	317	429	363	352	282	308	276	278	263	227	221	162	117	177	96	178	115	155	69	87	332
CCC->G	C->G	5915	3.23445073524474e-09	29596303	494	498	343	377	371	363	330	298	309	285	274	222	203	194	150	188	137	174	107	158	62	83	295
CCC->T	C->T	15878	8.68243597197227e-09	29596303	1293	1346	895	1056	1046	1060	803	795	728	817	771	645	533	442	355	483	359	474	309	422	167	228	851
CCG->A	C->A	1609	4.77205546015030e-09	5456747	138	105	79	112	100	111	101	70	72	84	57	64	63	49	31	57	51	42	51	39	22	17	94
CCG->G	C->G	1588	4.70977257347338e-09	5456747	136	150	99	94	85	93	79	91	74	98	65	66	59	35	30	71	39	31	38	47	22	20	66
CCG->T	C->T	36655	1.08713295768682e-07	5456747	2916	3007	2040	2292	2203	2244	2045	1759	1626	1953	1586	1507	1345	1134	852	1290	1100	999	867	1066	469	633	1722
TCG->T	C->T	26587	9.04789871645976e-08	4755595	2132	2243	1594	1758	1657	1745	1425	1351	1129	1440	1169	1088	1077	798	550	841	696	794	489	644	311	350	1306
TCG->G	C->G	1366	4.64867403117465e-09	4755595	112	105	79	82	97	86	88	63	76	67	48	57	41	40	36	63	28	33	31	33	19	14	68
TCG->A	C->A	1398	4.75757415489177e-09	4755595	115	116	78	100	74	87	68	75	51	78	63	64	67	41	30	50	34	45	21	37	17	10	77
GCG->T	C->T	30455	1.06457796399606e-07	4629823	2487	2556	1673	1968	1841	1817	1668	1581	1374	1577	1370	1236	1096	901	683	974	856	872	699	832	389	475	1530
GCG->G	C->G	959	3.3522583072475e-09	4629823	80	69	48	55	57	67	55	47	48	53	30	33	41	33	23	31	30	26	27	25	19	16	46
GCG->A	C->A	2284	7.98389778285014e-09	4629823	174	188	109	182	139	139	115	105	123	116	87	92	102	72	47	77	48	63	46	63	38	35	124
TAG->T	A->T	2097	1.07898604751603e-09	31453274	144	200	150	173	164	140	117	119	91	83	80	81	90	47	44	47	19	54	20	41	32	15	146
TAG->G	A->G	9753	5.01828846992077e-09	31453274	730	801	641	797	710	631	520	519	460	424	413	393	454	288	193	247	187	311	103	187	125	75	544
TAG->C	A->C	2139	1.10059664074239e-09	31453274	149	182	158	178	161	137	103	130	99	99	98	92	106	55	32	40	31	65	20	43	23	20	118
GAG->T	A->T	2770	1.13757604599598e-09	39407836	204	226	162	207	189	177	141	159	126	148	129	96	106	77	59	68	50	89	52	77	30	28	170
GAG->G	A->G	7522	3.08911444692483e-09	39407836	556	636	511	520	494	479	399	419	340	361	322	300	338	231	158	208	160	200	123	184	111	85	387
GAG->C	A->C	2885	1.1848039323821e-09	39407836	236	211	189	208	190	204	161	149	150	151	121	96	115	92	68	76	65	94	41	66	38	26	138
GAA->C	A->C	3374	1.13194329904378e-09	48239596	240	275	228	248	248	237	192	179	180	143	166	153	157	92	67	87	58	93	38	66	43	22	162
GAA->G	A->G	9224	3.09455986673972e-09	48239596	623	788	597	786	638	654	488	501	439	402	431	368	389	276	183	215	152	281	108	189	117	52	547
GAA->T	A->T	3025	1.01485728500517e-09	48239596	218	259	198	262	209	193	177	171	142	134	137	138	140	73	37	65	46	106	42	42	35	13	188
GAC->C	A->C	1543	1.12063901549546e-09	22283502	103	124	88	129	99	85	65	87	96	77	52	77	72	44	42	47	35	62	18	34	23	18	66
GAC->G	A->G	6320	4.59004444454395e-09	22283502	471	559	401	516	403	437	271	335	294	285	267	281	261	177	120	155	115	192	85	158	87	66	384
GAC->T	A->T	3215	2.33496722930519e-09	22283502	246	271	192	274	219	205	164	176	159	148	146	113	113	98	52	87	55	99	44	79	40	27	208
GCA->A	C->A	7462	3.55534234258278e-09	33966991	556	591	460	607	524	507	386	384	345	370	368	310	311	190	129	189	157	218	83	170	93	52	462
GCA->G	C->G	3308	1.57612871472311e-09	33966991	219	268	222	217	199	212	209	208	153	167	141	131	142	106	86	98	62	98	53	71	33	34	179
GCA->T	C->T	14899	7.09877319246059e-09	33966991	1118	1230	917	1118	972	908	784	814	737	758	636	589	650	412	322	444	301	427	235	358	181	141	847
GCC->A	C->A	6792	4.15154042851284e-09	26477176	564	553	392	501	436	431	322	351	298	357	314	284	257	187	149	193	181	201	116	190	73	69	373
GCC->G	C->G	3725	2.27686809425947e-09	26477176	283	320	239	246	236	222	201	195	197	203	170	152	137	95	68	126	99	99	57	89	50	61	180
GCC->T	C->T	16113	9.84890620209472e-09	26477176	1199	1264	912	1127	1015	1010	865	901	755	827	720	611	670	479	345	483	403	450	311	461	192	222	891
TCC->T	C->T	16402	7.30189069866582e-09	36353375	1277	1400	1056	1199	1085	1008	872	925	760	772	714	647	678	453	337	435	362	480	262	425	176	194	885
TCC->G	C->G	5410	2.40843974392038e-09	36353375	380	484	321	375	367	336	296	294	303	281	232	197	235	149	120	168	117	154	69	141	64	56	271
TCC->A	C->A	6133	2.7303070146883e-09	36353375	454	476	380	440	388	415	331	330	293	293	293	257	274	172	131	195	118	183	81	166	77	69	317
TAC->T	A->T	2194	1.29615430830534e-09	27394487	158	172	168	215	143	148	119	117	105	114	90	85	101	56	40	39	43	68	31	28	29	12	113
TAC->G	A->G	11205	6.61960301939897e-09	27394487	814	930	778	980	777	790	616	567	467	521	431	474	543	342	208	236	183	351	103	231	144	82	637
TAC->C	A->C	2096	1.23825862817137e-09	27394487	140	208	151	153	126	125	113	116	120	110	104	83	96	59	44	48	33	68	25	35	26	12	101
TAA->C	A->C	4125	1.29787445477288e-09	51436869	270	363	300	340	316	287	222	241	170	198	162	146	208	135	79	101	53	150	35	59	41	24	225
TAA->G	A->G	13232	4.16326661467995e-09	51436869	984	1108	932	1100	913	913	714	676	566	592	535	534	680	390	261	272	213	452	122	253	191	70	761
TAA->T	A->T	5334	1.67826965860813e-09	51436869	415	440	327	479	354	399	281	226	253	237	240	214	264	158	104	132	96	169	59	81	82	26	298
TCA->A	C->A	5970	2.03150761145398e-09	47559703	437	494	391	532	403	391	308	322	278	241	262	222	273	182	122	157	114	178	55	115	83	49	361
TCA->G	C->G	5764	1.9614086888477e-09	47559703	398	522	365	432	445	363	299	312	300	257	236	251	282	135	103	176	102	165	65	123	81	51	301
TCA->T	C->T	16409	5.58375350022586e-09	47559703	1226	1346	1046	1291	1174	1094	911	888	732	779	733	626	723	495	331	448	306	467	206	357	191	140	899
