Context	X1mer	Count	Rate	context_in_genome	chr1	chr2	chr3	chr4	chr5	chr6	chr7	chr8	chr9	chr10	chr11	chr12	chr13	chr14	chr15	chr16	chr17	chr18	chr19	chr20	chr21	chr22	chrX
AAA->C	A->C	8740	1.61447207293502e-09	94426158	384	401	458	452	651	420	537	525	525	485	448	447	567	354	203	222	203	313	141	173	136	62	633
AAA->G	A->G	14961	2.76362891111909e-09	94426158	645	693	754	692	1066	765	1003	966	859	838	806	783	908	518	377	471	313	547	231	357	233	126	1010
AAA->T	A->T	5259	9.7145407683813e-10	94426158	227	255	273	253	394	238	332	344	278	297	303	285	321	179	118	151	100	207	85	98	80	35	406
AAC->C	A->C	2715	1.33823624067281e-09	35387385	101	132	143	131	186	117	148	175	167	149	142	133	161	100	65	89	63	86	42	81	49	28	227
AAC->G	A->G	11492	5.66446072847587e-09	35387385	507	504	553	596	826	545	762	797	614	637	553	589	653	408	281	373	251	402	157	290	178	81	935
AAC->T	A->T	3489	1.71974447282042e-09	35387385	149	168	160	194	244	171	202	220	189	204	204	183	184	134	76	90	84	126	51	92	45	34	285
AAG->C	A->C	4021	1.45036283687314e-09	48358056	189	205	215	202	297	187	269	246	222	217	214	187	270	142	115	120	93	154	55	98	55	24	245
AAG->G	A->G	10723	3.8677544640116e-09	48358056	483	500	525	536	723	490	719	715	612	646	599	522	604	384	256	349	263	402	138	266	165	96	730
AAG->T	A->T	2689	9.69914366662986e-10	48358056	107	109	146	155	171	139	187	184	142	160	164	129	141	112	51	79	49	108	32	58	32	27	207
AAT->C	A->C	4098	1.14215966661226e-09	62583026	170	173	194	218	284	197	272	246	264	212	218	186	258	162	98	114	89	176	52	103	78	36	298
AAT->G	A->G	27309	7.61133195107714e-09	62583026	1202	1379	1404	1352	1906	1249	1790	1738	1687	1626	1465	1385	1657	957	662	807	569	972	318	621	452	216	1895
AAT->T	A->T	5735	1.59841036798958e-09	62583026	233	226	302	317	453	276	355	374	308	328	295	274	375	201	125	159	113	206	85	126	91	35	478
ACA->A	C->A	8175	2.90602378577314e-09	49068188	351	349	448	419	516	390	547	512	515	452	463	396	521	274	183	231	141	297	106	177	143	75	669
ACA->G	C->G	6280	2.23239503053887e-09	49068188	275	315	338	318	400	296	426	441	365	357	350	294	310	216	153	235	127	189	106	133	89	69	478
ACA->T	C->T	24404	8.67505865052081e-09	49068188	1184	1152	1145	1179	1583	1132	1576	1571	1436	1447	1325	1238	1348	895	568	737	573	942	352	630	356	268	1767
ACC->A	C->A	10406	6.66500961145355e-09	27232936	458	466	492	515	653	510	650	695	545	634	627	513	531	394	242	328	253	366	171	315	158	125	765
ACC->G	C->G	3839	2.45886718223815e-09	27232936	182	172	175	170	239	181	258	270	223	233	206	179	189	134	99	157	87	150	63	83	55	68	266
ACC->T	C->T	14670	9.39608793004262e-09	27232936	764	654	675	704	888	661	910	920	815	922	825	756	751	526	365	460	396	521	283	397	218	187	1072
ACG->A	C->A	1833	5.84852918338792e-09	5466725	73	82	68	83	106	93	128	128	107	111	83	99	92	67	44	70	42	69	48	55	33	26	126
ACG->G	C->G	1185	3.78096403836044e-09	5466725	41	49	51	48	59	70	75	82	70	66	54	51	67	48	32	55	31	43	27	30	22	20	94
ACG->T	C->T	40284	1.28533633182542e-07	5466725	1975	1931	1743	1775	2367	1758	2603	2544	2182	2580	2177	2038	2067	1398	1022	1478	1141	1492	820	1254	680	631	2628
ACT->A	C->A	4951	2.24180523812085e-09	38521791	236	228	270	267	324	216	338	313	283	271	279	264	283	165	126	148	102	178	50	125	78	35	372
ACT->G	C->G	6420	2.90696619445281e-09	38521791	256	318	326	304	401	282	437	458	452	355	344	284	365	230	173	233	129	239	91	131	105	56	451
ACT->T	C->T	17334	7.84880872502260e-09	38521791	778	748	852	848	1166	901	1130	1075	938	1001	945	901	999	609	385	502	434	653	279	484	255	185	1266
TCT->T	C->T	16552	5.35620639706901e-09	53901965	813	754	763	791	1050	819	1064	1071	945	979	921	887	906	578	370	519	390	590	250	424	250	154	1264
TCT->G	C->G	10299	3.33274345598198e-09	53901965	397	557	526	494	702	456	698	762	714	527	554	460	513	400	272	420	210	319	142	235	146	101	694
TCT->A	C->A	8746	2.83019460782779e-09	53901965	388	410	467	474	564	413	562	553	517	438	505	466	535	278	179	236	179	346	103	187	141	69	736
GCT->T	C->T	16920	9.07934609209632e-09	32505527	857	815	749	829	1097	758	1024	1095	1003	976	949	884	816	534	392	545	408	624	291	440	268	218	1348
GCT->G	C->G	4093	2.19632172310581e-09	32505527	203	226	178	184	232	185	274	303	263	246	202	185	183	146	108	166	96	132	73	121	59	53	275
GCT->A	C->A	4023	2.15875941657822e-09	32505527	169	192	200	227	240	169	237	298	245	249	204	209	208	123	92	128	89	157	76	109	50	41	311
CCT->T	C->T	21308	9.01871642786041e-09	41210642	1074	998	948	1033	1287	1048	1296	1292	1069	1240	1234	1110	1042	743	535	762	531	789	436	608	300	278	1655
CCT->G	C->G	6197	2.62291091155674e-09	41210642	276	318	279	244	355	283	415	449	415	376	351	299	283	220	192	259	155	194	113	172	84	75	390
CCT->A	C->A	4514	1.91057283439844e-09	41210642	227	229	205	242	270	217	277	308	241	279	268	220	240	159	107	161	92	155	71	118	59	55	314
TAT->T	A->T	5371	1.79023235313164e-09	52330776	224	261	305	274	372	272	365	368	298	268	285	246	315	186	118	147	90	222	56	107	109	39	444
TAT->G	A->G	31466	1.04880750742209e-08	52330776	1363	1416	1696	1604	2303	1534	2025	2042	1928	1652	1694	1634	2010	1128	686	838	666	1246	337	682	523	233	2226
TAT->C	A->C	3238	1.07927245567683e-09	52330776	133	158	145	175	254	160	212	200	173	156	170	155	188	119	78	77	74	148	36	73	49	28	277
GAT->T	A->T	6805	3.63661072023678e-09	32639443	305	300	336	352	489	336	410	412	368	367	400	341	392	249	163	218	124	259	98	173	89	70	554
GAT->G	A->G	9978	5.33227064901141e-09	32639443	465	460	479	560	689	497	640	619	571	551	595	510	540	352	200	334	188	354	165	265	138	99	707
GAT->C	A->C	1957	1.04582618361549e-09	32639443	73	100	101	90	131	89	126	118	103	117	104	101	119	86	50	66	36	75	27	55	30	20	140
CAT->T	A->T	6624	2.55652992070361e-09	45194009	315	306	333	321	457	318	424	466	365	382	382	315	357	232	136	240	123	249	81	151	112	55	504
CAT->G	A->G	29227	1.12801479457132e-08	45194009	1394	1429	1406	1394	1872	1424	1797	1912	1753	1715	1658	1477	1748	1070	712	874	635	1091	441	782	410	301	1932
CAT->C	A->C	5217	2.01349888229328e-09	45194009	217	229	270	247	356	257	342	338	300	304	287	280	307	186	110	163	119	203	67	138	82	64	351
CAA->C	A->C	5108	1.90981488054489e-09	46652083	223	221	285	246	341	243	320	327	317	294	279	253	301	166	101	167	134	203	76	124	73	36	378
CAA->G	A->G	10517	3.93216975307178e-09	46652083	501	471	525	514	738	539	658	643	615	626	547	535	584	359	267	331	245	387	157	293	157	110	715
CAA->T	A->T	2596	9.70610694967608e-10	46652083	103	101	122	151	204	141	148	190	162	134	146	127	140	72	49	85	61	93	42	58	43	30	194
CAC->C	A->C	3713	1.83867230263071e-09	35223462	185	207	152	167	236	140	243	228	208	226	212	181	207	112	111	132	101	125	80	119	60	42	239
CAC->G	A->G	10591	5.24464808972849e-09	35223462	504	498	464	537	582	504	698	641	617	644	550	554	537	389	284	365	280	401	211	347	163	140	681
CAC->T	A->T	3316	1.64207846903405e-09	35223462	154	142	133	174	209	144	216	235	186	203	191	178	154	131	91	104	82	116	64	91	52	47	219
CAG->C	A->C	4489	1.66878688686151e-09	46920232	235	218	241	192	232	193	311	295	271	264	265	251	234	168	113	169	109	139	73	151	54	48	263
CAG->G	A->G	14483	5.38405891789156e-09	46920232	737	695	628	615	892	677	948	875	827	836	795	729	765	537	391	491	421	514	305	483	184	209	929
CAG->T	A->T	3205	1.19145956168214e-09	46920232	149	165	165	141	207	144	222	191	170	174	159	183	151	109	80	111	92	116	62	94	49	48	223
CCA->A	C->A	5661	2.27538729397778e-09	43395955	266	249	297	296	362	273	374	359	314	332	313	298	296	169	139	171	123	181	95	161	79	66	448
CCA->G	C->G	4408	1.77175537746936e-09	43395955	226	229	221	172	231	210	264	288	290	246	252	193	186	164	132	182	120	143	77	126	75	73	308
CCA->T	C->T	16767	6.73934265291034e-09	43395955	810	835	775	761	967	769	1076	1006	984	1025	968	851	821	619	405	573	455	557	312	523	238	244	1193
CCC->A	C->A	5405	3.18544167276783e-09	29596303	272	266	221	266	313	235	330	347	343	317	301	254	259	173	136	214	140	165	141	162	67	90	393
CCC->G	C->G	5429	3.19958609462656e-09	29596303	311	252	230	210	337	231	345	332	317	338	307	263	249	200	143	220	159	176	123	180	74	97	335
CCC->T	C->T	14946	8.80843871252321e-09	29596303	774	728	622	649	841	722	920	897	835	907	866	747	641	530	390	575	452	519	344	470	241	244	1032
CCG->A	C->A	1481	4.7340480763952e-09	5456747	78	56	47	65	90	57	100	80	87	99	70	77	78	54	36	50	59	46	49	43	29	19	112
CCG->G	C->G	1501	4.79797850281512e-09	5456747	81	61	63	50	62	64	101	85	90	96	88	75	60	49	47	86	56	47	56	56	20	24	84
CCG->T	C->T	34157	1.09183578761263e-07	5456747	1917	1597	1337	1283	1664	1382	2304	1973	1936	2166	1853	1702	1534	1242	894	1473	1185	1114	971	1287	545	690	2108
TCG->T	C->T	24523	8.99456491021852e-08	4755595	1260	1156	1014	1003	1402	1144	1627	1559	1289	1621	1319	1295	1194	830	610	941	785	858	590	729	357	373	1567
TCG->G	C->G	1319	4.83783840336754e-09	4755595	67	54	55	47	85	58	95	78	88	85	54	53	66	42	37	58	38	52	44	46	17	18	82
TCG->A	C->A	1304	4.78282128733228e-09	4755595	65	61	52	67	70	56	90	98	59	92	69	71	63	44	36	52	33	45	27	38	23	12	81
GCG->T	C->T	28350	1.06807094018703e-07	4629823	1527	1296	1150	1113	1447	1190	1834	1746	1551	1749	1541	1405	1238	1027	806	1099	1051	975	777	982	475	542	1829
GCG->G	C->G	850	3.20232909756252e-09	4629823	43	35	32	38	34	45	56	47	42	53	45	42	51	34	19	35	37	38	23	21	21	16	43
GCG->A	C->A	2099	7.90786914798086e-09	4629823	105	115	78	113	109	84	128	110	131	141	105	91	92	86	60	76	63	66	62	85	38	29	132
TAG->T	A->T	1882	1.04367476970336e-09	31453274	73	101	114	100	144	88	133	119	105	87	81	98	130	59	39	42	27	69	23	42	29	17	162
TAG->G	A->G	9034	5.00986071705639e-09	31453274	430	405	477	445	641	443	609	543	481	507	503	431	551	322	230	240	214	355	112	207	145	72	671
TAG->C	A->C	1991	1.10412139557884e-09	31453274	74	92	128	104	156	90	126	133	118	124	100	97	114	58	46	50	31	69	28	51	28	26	148
GAG->T	A->T	2683	1.18754345225961e-09	39407836	131	128	118	113	171	138	168	172	139	144	143	141	133	93	70	79	88	103	47	81	40	33	210
GAG->G	A->G	7001	3.09876694344746e-09	39407836	328	324	317	301	445	295	461	476	409	419	383	344	377	242	195	247	178	254	127	215	119	93	452
GAG->C	A->C	2681	1.18665821673798e-09	39407836	140	129	110	109	148	125	203	170	145	170	162	140	131	104	76	83	65	95	49	72	51	33	171
GAA->C	A->C	3157	1.1415168954268e-09	48239596	148	142	145	137	203	165	209	205	192	190	164	153	182	88	102	93	73	116	36	91	56	40	227
GAA->G	A->G	8494	3.07128429197187e-09	48239596	373	338	406	385	606	456	563	526	466	489	497	457	472	303	217	260	167	331	120	205	153	68	636
GAA->T	A->T	2801	1.01279341909739e-09	48239596	125	132	120	165	188	136	194	191	165	151	163	156	145	96	60	82	47	109	37	62	37	19	221
GAC->C	A->C	1217	9.52617505665266e-10	22283502	50	49	63	55	78	54	63	76	65	77	62	64	68	52	34	44	37	42	28	41	14	16	85
GAC->G	A->G	5822	4.55722195397139e-09	22283502	304	277	296	268	350	278	320	334	351	324	312	322	300	197	157	165	135	203	86	173	112	61	497
GAC->T	A->T	3028	2.37019376101432e-09	22283502	158	129	132	145	192	119	196	224	188	155	173	141	149	117	65	92	81	114	53	87	42	38	238
GCA->A	C->A	7010	3.59975020992462e-09	33966991	310	304	358	372	463	337	452	437	387	411	423	348	362	230	153	217	186	247	88	197	84	65	579
GCA->G	C->G	3191	1.63863094434657e-09	33966991	121	168	148	110	203	129	243	233	187	177	174	160	143	112	101	130	72	111	65	89	46	43	226
GCA->T	C->T	13911	7.1435271284253e-09	33966991	628	677	639	673	865	647	863	920	786	837	770	671	710	471	356	493	354	478	264	406	198	182	1023
GCC->A	C->A	6391	4.21025673399014e-09	26477176	346	299	245	323	365	297	373	403	363	422	359	317	318	237	150	236	198	226	117	213	84	68	432
GCC->G	C->G	3410	2.24643646736135e-09	26477176	166	165	176	140	206	169	220	204	212	222	187	155	165	125	93	141	99	110	53	98	46	62	196
GCC->T	C->T	14892	9.81053720584902e-09	26477176	725	706	598	683	835	673	935	974	814	914	834	746	701	478	415	571	438	516	340	497	238	216	1045
TCC->T	C->T	15342	7.36120082143032e-09	36353375	718	708	729	720	897	744	1006	1010	899	920	848	706	811	519	390	546	398	532	290	467	207	213	1064
TCC->G	C->G	5099	2.44653650035675e-09	36353375	223	297	224	218	323	242	369	317	316	308	265	234	234	185	119	199	155	178	98	148	72	69	306
TCC->A	C->A	5824	2.79439666171361e-09	36353375	249	265	271	272	370	285	343	387	329	349	329	294	305	218	155	214	129	219	95	197	75	75	399
TAC->T	A->T	2005	1.27662289489877e-09	27394487	89	95	98	113	143	79	131	140	118	114	111	100	109	63	50	42	44	82	29	42	33	15	165
TAC->G	A->G	10182	6.48307945928144e-09	27394487	429	463	539	549	701	494	645	627	554	595	518	542	614	365	224	286	239	395	118	267	174	74	770
TAC->C	A->C	1609	1.02448191416066e-09	27394487	68	90	88	81	109	68	97	94	120	97	110	91	93	51	42	47	28	51	26	20	15	7	116
TAA->C	A->C	3717	1.26046113760697e-09	51436869	146	164	194	181	284	179	257	254	226	218	201	176	216	131	94	113	65	168	37	67	56	27	263
TAA->G	A->G	12277	4.16321802163054e-09	51436869	522	556	636	599	871	650	820	775	660	700	620	592	793	450	315	351	230	499	125	310	205	82	916
TAA->T	A->T	4860	1.64806056733114e-09	51436869	190	213	231	282	330	257	341	279	253	259	260	236	315	188	125	167	98	171	66	112	81	27	379
TCA->A	C->A	5625	2.06297904602969e-09	47559703	243	249	270	300	365	260	340	368	330	319	311	262	322	208	121	179	130	227	59	129	104	47	482
TCA->G	C->G	5480	2.00980003062093e-09	47559703	213	285	284	236	408	236	339	370	347	286	279	288	338	186	112	192	128	196	89	137	71	62	398
TCA->T	C->T	15204	5.57609482948185e-09	47559703	740	748	693	761	1011	719	993	1062	849	903	786	717	861	539	381	492	362	507	250	395	223	164	1048
