Context	X1mer	Count	Rate	context_in_genome	chr1	chr2	chr3	chr4	chr5	chr6	chr7	chr8	chr9	chr10	chr11	chr12	chr13	chr14	chr15	chr16	chr17	chr18	chr19	chr20	chr21	chr22	chrX
AAA->C	A->C	46320	1.66183487934302e-09	94426158	3617	2086	2660	2879	3448	2391	2799	2824	2432	2339	2302	2169	2371	1450	1008	1238	883	1611	661	986	686	356	3124
AAA->G	A->G	79340	2.8465021443669e-09	94426158	6442	3664	4438	4794	5689	4167	4751	4765	4092	4048	4102	3785	4011	2694	1783	2038	1696	2796	1014	1747	1176	644	5004
AAA->T	A->T	28140	1.00958621555942e-09	94426158	2278	1223	1562	1852	2093	1451	1709	1761	1442	1428	1433	1341	1452	862	552	723	546	950	395	544	409	213	1921
AAC->C	A->C	15836	1.51603302067069e-09	35387385	1272	739	844	964	1046	804	946	934	838	823	830	757	808	533	350	407	328	528	233	368	238	162	1084
AAC->G	A->G	59332	5.68004996100236e-09	35387385	4978	2571	3227	3726	4216	3096	3553	3523	2922	2976	3067	2770	3034	1841	1296	1460	1236	2084	687	1450	907	525	4187
AAC->T	A->T	16069	1.5383388866606e-09	35387385	1259	711	870	1068	1199	834	942	996	775	819	797	742	795	522	316	433	312	563	175	328	211	124	1278
AAG->C	A->C	20425	1.43088545822334e-09	48358056	1605	958	1130	1299	1533	1108	1181	1258	1027	1035	1097	957	966	662	472	588	404	697	244	442	293	194	1275
AAG->G	A->G	57128	4.00213583634677e-09	48358056	4882	2680	3184	3463	4029	2835	3333	3407	2950	2950	2916	2616	2774	1800	1289	1579	1260	1957	821	1378	837	547	3641
AAG->T	A->T	14101	9.87853897008925e-10	48358056	1174	622	759	878	975	741	808	858	703	753	761	658	739	452	306	339	274	480	166	289	243	122	1001
AAT->C	A->C	23508	1.27253800761185e-09	62583026	1928	1066	1272	1559	1702	1227	1387	1438	1249	1213	1199	1077	1259	707	491	525	445	830	281	510	381	187	1575
AAT->G	A->G	140980	7.63154706113319e-09	62583026	11296	6580	7993	8582	10565	7367	8512	8550	7656	7096	7196	6486	7310	4709	3106	3492	2714	5097	1529	3140	2061	1124	8819
AAT->T	A->T	28859	1.56219901147143e-09	62583026	2225	1256	1680	1934	2262	1435	1747	1787	1386	1384	1459	1341	1555	882	578	699	521	1001	323	598	459	194	2153
ACA->A	C->A	42105	2.90700172735799e-09	49068188	3311	1956	2267	2692	2998	2184	2524	2649	2118	2083	2329	1898	2099	1326	828	1108	751	1409	542	901	649	343	3140
ACA->G	C->G	34426	2.37683034000775e-09	49068188	2607	1696	1896	1928	2373	1612	2123	2340	2043	1706	1771	1517	1556	1090	809	1167	696	1139	478	759	479	344	2297
ACA->T	C->T	136842	9.44780739520537e-09	49068188	11350	6171	7401	8226	9928	6974	8103	8327	6922	7064	7187	6391	6909	4473	3041	3560	2850	4878	1766	3224	1978	1330	8789
ACC->A	C->A	45543	5.66550736251388e-09	27232936	3776	2044	2426	2727	3172	2328	2616	2810	2206	2393	2401	2175	2061	1447	1017	1349	964	1538	792	1170	654	483	2994
ACC->G	C->G	19937	2.48014448513359e-09	27232936	1609	931	1039	1058	1267	965	1197	1378	1201	1015	1050	885	798	643	519	765	459	578	355	509	268	235	1213
ACC->T	C->T	81342	1.0118870076227e-08	27232936	7038	3630	4186	4511	5339	4099	4651	4896	3937	4476	4134	3822	3745	2754	1913	2445	2000	2717	1395	2214	1109	997	5334
ACG->A	C->A	10518	6.51804834937858e-09	5466725	860	493	480	611	602	505	656	673	492	585	516	477	499	322	217	370	265	383	213	300	159	144	696
ACG->G	C->G	7380	4.5734166969399e-09	5466725	642	337	339	395	391	355	477	431	401	408	397	329	334	256	184	266	185	256	163	180	94	105	455
ACG->T	C->T	199219	1.23456842946839e-07	5466725	16952	9446	9720	10529	12730	9336	12061	12052	9588	11362	10091	9496	9182	6541	4534	6036	5125	7215	3576	5651	2993	2779	12224
ACT->A	C->A	25385	2.2324530584672e-09	38521791	1984	1160	1450	1684	1849	1226	1519	1571	1341	1232	1359	1183	1182	818	619	698	479	858	285	539	368	216	1765
ACT->G	C->G	34770	3.05780550887944e-09	38521791	2589	1783	1848	2027	2493	1637	2143	2373	2245	1674	1736	1534	1574	1069	880	1240	633	1004	445	713	492	319	2319
ACT->T	C->T	95095	8.36301452018667e-09	38521791	8070	4239	5196	5752	6760	4910	5573	5751	4647	4909	4998	4449	4844	3126	1994	2408	1998	3378	1282	2194	1387	848	6382
TCT->T	C->T	86993	5.46753219442555e-09	53901965	7395	3845	4638	5375	6080	4518	5074	5209	4321	4647	4561	4053	4210	2698	1849	2312	1844	2951	1167	2165	1289	814	5978
TCT->G	C->G	54456	3.42257346199852e-09	53901965	4182	2724	2949	3015	3724	2680	3188	3717	3597	2700	2735	2368	2283	1761	1366	1976	1082	1674	750	1303	747	558	3377
TCT->A	C->A	43669	2.74460776612336e-09	53901965	3522	1940	2384	2861	3223	2249	2514	2685	2149	2170	2279	2003	2229	1425	835	1088	788	1515	485	1010	654	355	3306
GCT->T	C->T	83142	8.66512624688084e-09	32505527	7100	3687	4386	4987	5578	4190	4678	4857	3957	4501	4466	3943	3903	2678	1757	2347	1943	2865	1235	2301	1232	942	5609
GCT->G	C->G	21213	2.21083595625656e-09	32505527	1697	1059	1067	1087	1321	1045	1300	1532	1343	1118	1018	913	861	647	528	865	497	668	353	529	269	260	1236
GCT->A	C->A	20947	2.18311322187839e-09	32505527	1677	1020	1097	1261	1403	1091	1210	1329	1047	1098	1113	970	941	657	473	594	467	721	296	565	322	239	1356
CCT->T	C->T	108534	8.92212015472913e-09	41210642	9395	5012	5525	6215	6973	5307	6287	6514	5182	5912	5683	5045	4940	3423	2390	3213	2645	3675	1828	3003	1637	1428	7302
CCT->G	C->G	30623	2.51738704459681e-09	41210642	2427	1570	1578	1564	1916	1350	1857	2035	1974	1587	1587	1384	1218	940	765	1281	717	962	542	774	390	422	1783
CCT->A	C->A	23235	1.91005087617826e-09	41210642	1901	1028	1224	1440	1590	1162	1423	1448	1169	1208	1240	1065	1038	720	513	694	536	754	374	593	309	246	1560
TAT->T	A->T	28350	1.83530195446541e-09	52330776	2212	1264	1623	1904	2206	1532	1666	1716	1506	1312	1465	1308	1577	898	512	645	501	973	284	578	430	180	2058
TAT->G	A->G	161380	1.04473026247488e-08	52330776	12734	7436	9299	10556	12227	8453	9748	9755	8641	7827	8328	7246	8873	5464	3447	3745	2958	5788	1508	3293	2499	1038	10517
TAT->C	A->C	18886	1.22262831435745e-09	52330776	1455	890	1038	1228	1418	1002	1175	1189	973	906	956	889	1046	598	365	433	337	632	175	382	302	126	1371
GAT->T	A->T	28161	2.92292029314599e-09	32639443	2266	1247	1616	1866	2079	1462	1656	1747	1344	1445	1513	1289	1351	917	529	717	534	947	342	671	413	244	1966
GAT->G	A->G	51512	5.34659529635084e-09	32639443	4202	2302	2847	3097	3662	2570	3131	3139	2656	2582	2644	2475	2578	1708	1124	1463	971	1788	659	1245	771	478	3420
GAT->C	A->C	10955	1.13705450131083e-09	32639443	955	494	579	632	772	556	666	665	542	586	583	492	503	356	260	272	233	381	170	263	160	121	714
CAT->T	A->T	32637	2.44647624077447e-09	45194009	2678	1532	1810	2123	2336	1634	1959	2028	1628	1681	1746	1474	1633	1008	682	869	618	1106	386	805	519	279	2103
CAT->G	A->G	149064	1.11738681360053e-08	45194009	12366	7002	8170	8764	10581	7417	8804	8931	7740	7885	7645	6988	7605	4913	3387	3997	3086	5312	1960	3673	2190	1423	9225
CAT->C	A->C	26213	1.96493187791222e-09	45194009	2096	1250	1427	1597	1923	1353	1529	1619	1377	1427	1359	1291	1246	855	591	692	500	926	310	624	376	237	1608
CAA->C	A->C	26112	1.89618512854847e-09	46652083	2082	1273	1451	1601	1838	1321	1571	1623	1331	1347	1355	1242	1301	815	606	708	539	909	363	584	365	244	1643
CAA->G	A->G	56273	4.08639804453156e-09	46652083	4835	2568	3089	3315	3890	2862	3349	3373	2833	2928	2909	2651	2826	1817	1243	1450	1232	2009	815	1397	757	500	3625
CAA->T	A->T	13220	9.60001815234787e-10	46652083	1072	558	724	812	972	670	817	785	695	677	696	595	646	463	263	358	272	437	152	320	219	114	903
CAC->C	A->C	18351	1.76497815608093e-09	35223462	1494	835	939	977	1181	863	1166	1155	989	990	896	877	837	563	424	653	417	595	351	500	277	242	1130
CAC->G	A->G	57619	5.54172940849146e-09	35223462	4975	2656	2914	3052	3780	2784	3518	3341	2841	3109	2957	2732	2691	1808	1373	1738	1526	2025	1070	1613	845	746	3525
CAC->T	A->T	15296	1.47115175605764e-09	35223462	1298	747	819	844	999	700	912	952	761	857	784	733	684	456	333	476	364	489	250	442	252	205	939
CAG->C	A->C	21980	1.58700821902035e-09	46920232	1828	1050	1135	1175	1459	1064	1365	1358	1165	1204	1182	999	1000	680	548	693	534	746	399	594	321	300	1181
CAG->G	A->G	77232	5.57633388404822e-09	46920232	6684	3608	3969	3943	4879	3563	4610	4634	3906	4296	4039	3584	3556	2627	1868	2413	2048	2656	1477	2149	1146	1058	4519
CAG->T	A->T	17060	1.23177253032244e-09	46920232	1360	811	862	978	1141	835	1016	1066	858	925	940	786	746	518	393	500	415	590	269	480	246	224	1101
CCA->A	C->A	29496	2.30263718166834e-09	43395955	2532	1363	1512	1692	1888	1463	1801	1751	1512	1594	1549	1382	1309	947	656	895	634	998	445	724	449	334	2066
CCA->G	C->G	21678	1.69231654543688e-09	43395955	1748	1042	1166	1134	1343	1035	1268	1435	1265	1196	1161	934	927	658	538	781	520	651	384	541	291	308	1352
CCA->T	C->T	90563	7.06989866705416e-09	43395955	7630	4194	4613	5012	5953	4454	5324	5420	4554	4936	4694	4248	4113	2918	2233	2800	2246	3018	1571	2579	1267	1139	5647
CCC->A	C->A	25613	2.93180190924595e-09	29596303	2147	1175	1306	1376	1640	1250	1481	1519	1373	1388	1366	1141	1016	846	642	879	610	822	473	769	361	407	1626
CCC->G	C->G	25439	2.91188493223394e-09	29596303	2180	1347	1210	1188	1527	1147	1568	1603	1439	1376	1319	1150	999	829	671	981	703	800	515	788	325	431	1343
CCC->T	C->T	80783	9.24685720667692e-09	29596303	7285	3692	3980	4140	5016	3894	4656	4982	3926	4457	4164	3741	3336	2650	1963	2677	2174	2536	1586	2474	1108	1243	5103
CCG->A	C->A	8518	5.28829235079496e-09	5456747	758	375	359	433	457	338	546	502	369	515	402	399	394	268	222	323	259	320	227	254	135	158	505
CCG->G	C->G	7622	4.73202210586513e-09	5456747	666	334	327	348	389	283	484	450	408	423	398	344	311	281	208	334	261	204	252	230	128	169	390
CCG->T	C->T	170789	1.06032186229152e-07	5456747	15458	7777	7610	7959	9797	7460	10609	9671	8448	10123	8627	8171	6856	5595	4275	6011	5564	5655	4454	5361	2606	3300	9402
TCG->T	C->T	120978	8.61813270933178e-08	4755595	10585	5336	5748	6175	7616	5820	7495	7003	5752	7034	6137	5817	5408	3871	2917	3785	3486	3976	2543	3540	1806	1814	7314
TCG->G	C->G	7327	5.21954887345418e-09	4755595	621	327	338	364	393	343	437	425	364	407	364	333	338	247	200	295	225	239	156	208	85	122	496
TCG->A	C->A	6981	4.97306819784136e-09	4755595	538	332	314	433	421	316	441	461	335	415	332	336	288	219	142	237	177	268	136	203	106	92	439
GCG->T	C->T	139206	1.01860359609143e-07	4629823	12438	6382	6322	6649	8214	6245	8611	8041	6783	8035	6977	6659	5720	4480	3511	4725	4354	4451	3599	4349	2044	2491	8126
GCG->G	C->G	5389	3.94326018945788e-09	4629823	442	259	242	245	292	226	318	311	296	291	270	236	250	175	150	210	181	159	162	166	92	98	318
GCG->A	C->A	11418	8.35482368588423e-09	4629823	996	541	486	597	624	523	650	701	575	673	569	507	492	387	272	424	361	386	291	341	179	230	613
TAG->T	A->T	9966	1.07341253685213e-09	31453274	842	421	557	642	748	526	561	597	531	503	538	430	521	296	178	246	182	340	116	238	150	76	727
TAG->G	A->G	47648	5.13204500862233e-09	31453274	3997	2166	2595	2831	3337	2430	2827	2771	2474	2418	2506	2288	2436	1606	1066	1260	951	1674	564	1083	655	408	3305
TAG->C	A->C	10055	1.08299850070722e-09	31453274	807	455	521	631	701	515	599	593	541	547	520	445	510	344	205	276	191	352	115	256	160	91	680
GAG->T	A->T	12817	1.10183213864709e-09	39407836	1105	636	636	689	882	616	746	757	662	699	684	595	584	448	298	430	276	423	205	321	155	156	814
GAG->G	A->G	37712	3.24196720080042e-09	39407836	3243	1780	1895	2068	2542	1780	2235	2258	1913	2026	2002	1803	1680	1244	871	1103	940	1220	665	1045	498	548	2353
GAG->C	A->C	14529	1.24900672094902e-09	39407836	1249	667	777	790	899	672	884	885	756	788	750	689	645	475	358	484	389	481	264	427	216	178	806
GAA->C	A->C	17247	1.2112158352098e-09	48239596	1371	844	974	1021	1187	828	1033	1057	947	949	915	832	906	564	393	448	337	593	203	404	235	137	1069
GAA->G	A->G	44851	3.14977917463876e-09	48239596	3762	2040	2471	2676	3297	2331	2604	2766	2194	2325	2360	2085	2263	1478	1003	1146	910	1586	543	1067	609	423	2912
GAA->T	A->T	13246	9.30235110638895e-10	48239596	1065	631	724	846	965	692	779	827	675	661	679	616	642	445	307	332	265	442	134	289	208	106	916
GAC->C	A->C	7236	1.10008629131649e-09	22283502	629	353	369	426	451	421	417	418	372	382	403	308	299	233	177	226	172	242	125	183	92	82	456
GAC->G	A->G	31354	4.76673653647557e-09	22283502	2624	1409	1663	1849	2116	1490	1790	1907	1571	1672	1652	1474	1464	977	708	879	687	1092	498	865	453	359	2155
GAC->T	A->T	12967	1.97136801264524e-09	22283502	1039	616	698	763	904	650	781	802	608	674	645	590	572	396	284	397	255	436	197	365	199	137	959
GCA->A	C->A	36624	3.65275326713038e-09	33966991	3096	1720	1974	2274	2437	1788	2134	2365	1712	2005	1944	1744	1683	1138	810	968	765	1197	522	959	525	351	2513
GCA->G	C->G	16799	1.67547515657829e-09	33966991	1406	874	852	934	1072	810	1023	1119	958	893	786	766	775	552	393	552	426	564	254	406	208	196	980
GCA->T	C->T	70678	7.04918347024467e-09	33966991	5755	3326	3664	3991	4718	3467	4223	4342	3606	3822	3750	3287	3238	2261	1636	2180	1539	2350	1091	1928	1040	888	4576
GCC->A	C->A	29723	3.80305510191956e-09	26477176	2553	1423	1466	1570	1831	1489	1720	1877	1497	1663	1520	1424	1245	917	683	975	772	958	588	875	440	442	1795
GCC->G	C->G	18333	2.34570565499752e-09	26477176	1556	868	906	988	1160	820	1082	1138	993	983	923	861	775	636	476	748	496	548	343	521	250	273	989
GCC->T	C->T	75167	9.61761070033266e-09	26477176	6499	3513	3661	4054	4786	3502	4345	4450	3642	4214	4098	3301	3201	2471	1799	2545	1990	2486	1462	2195	1060	1089	4804
TCC->T	C->T	77949	7.26402700964122e-09	36353375	6706	3535	4010	4310	5104	3890	4531	4654	3882	4198	4103	3677	3552	2522	1845	2342	1961	2602	1278	2215	1096	1026	4910
TCC->G	C->G	25685	2.39357187061585e-09	36353375	2065	1320	1333	1364	1649	1198	1616	1684	1527	1306	1234	1157	1113	848	639	1033	607	832	421	650	333	347	1409
TCC->A	C->A	27003	2.51639560919758e-09	36353375	2185	1245	1427	1518	1868	1339	1595	1651	1398	1480	1487	1224	1194	891	584	840	565	892	422	692	375	343	1788
TAC->T	A->T	9757	1.20660403030766e-09	27394487	748	467	547	662	755	478	585	609	493	485	463	424	500	302	200	241	163	372	110	223	143	71	716
TAC->G	A->G	51825	6.40896319265085e-09	27394487	4295	2349	2921	3340	3747	2672	2940	3112	2553	2562	2630	2424	2827	1654	1132	1220	1036	1851	641	1173	779	416	3551
TAC->C	A->C	8596	1.06302841493539e-09	27394487	670	378	487	496	611	433	512	560	484	398	384	422	414	297	222	246	158	296	119	195	116	83	615
TAA->C	A->C	20054	1.32080323637659e-09	51436869	1509	931	1172	1254	1498	1045	1170	1276	1111	986	1099	902	1036	683	468	479	341	688	212	407	275	142	1370
TAA->G	A->G	60743	4.00067572490391e-09	51436869	4866	2872	3438	3974	4563	3246	3651	3677	3083	2927	3034	2827	3378	1922	1285	1406	1141	2194	676	1331	954	441	3857
TAA->T	A->T	27376	1.8030472423978e-09	51436869	2212	1217	1519	1683	2018	1440	1624	1558	1392	1464	1260	1265	1565	920	569	609	591	1009	394	555	409	215	1888
TCA->A	C->A	28555	2.03401742598858e-09	47559703	2242	1282	1534	1921	2066	1473	1715	1718	1435	1434	1466	1361	1466	901	620	737	505	1057	346	623	404	228	2021
TCA->G	C->G	28800	2.05146916016358e-09	47559703	2182	1462	1561	1669	2044	1369	1796	1885	1808	1383	1488	1297	1284	882	717	1016	553	881	408	619	379	306	1811
TCA->T	C->T	79903	5.69161598279689e-09	47559703	6587	3707	4327	4920	5592	4116	4744	4885	4052	4206	4122	3778	3941	2549	1811	2206	1710	2764	1176	1902	1097	808	4903
