Context	X1mer	Count	Rate	context_in_genome	chr1	chr2	chr3	chr4	chr5	chr6	chr7	chr8	chr9	chr10	chr11	chr12	chr13	chr14	chr15	chr16	chr17	chr18	chr19	chr20	chr21	chr22	chrX
AAA->C	A->C	46375	1.66008654403951e-09	94898647	3612	2082	2589	2934	3490	2429	2789	2801	2442	2335	2382	2182	2403	1484	1013	1250	905	1542	676	982	691	369	2993
AAA->G	A->G	79536	2.84715133944423e-09	94898647	6375	3598	4553	4906	5743	4234	4876	4704	4118	4050	4121	3763	4154	2634	1827	2042	1696	2740	1029	1749	1166	637	4821
AAA->T	A->T	28314	1.01355666647837e-09	94898647	2210	1209	1569	1935	2099	1488	1746	1758	1468	1429	1497	1335	1492	843	629	700	541	940	399	556	419	218	1834
AAC->C	A->C	15617	1.49175490722222e-09	35563702	1235	719	860	950	1049	821	936	901	809	808	822	727	781	531	366	431	349	542	231	366	221	150	1012
AAC->G	A->G	59300	5.66440840099106e-09	35563702	4924	2619	3225	3775	4196	3186	3506	3502	3045	2998	3032	2759	3084	1868	1271	1533	1216	2057	732	1445	918	493	3916
AAC->T	A->T	16018	1.53005891681408e-09	35563702	1227	670	889	1117	1192	830	950	967	815	825	821	738	809	500	312	445	310	520	195	343	222	125	1196
AAG->C	A->C	20400	1.42591497597783e-09	48600794	1678	958	1107	1314	1506	1129	1153	1214	1057	1027	1074	939	1001	654	478	576	446	679	251	458	306	181	1214
AAG->G	A->G	57351	4.00870832290709e-09	48600794	4739	2671	3181	3544	4014	2884	3360	3377	2918	2992	3013	2621	2937	1866	1365	1601	1268	1912	815	1363	859	546	3505
AAG->T	A->T	14072	9.83601742252944e-10	48600794	1173	614	749	876	965	763	815	885	676	740	771	685	746	454	302	333	281	472	178	297	226	114	957
AAT->C	A->C	23761	1.28336190465619e-09	62895909	1935	1066	1252	1575	1748	1243	1453	1467	1265	1190	1231	1126	1311	727	480	533	451	810	271	519	377	184	1547
AAT->G	A->G	141133	7.62277327089944e-09	62895909	11095	6698	7987	8662	10613	7374	8583	8554	7710	7035	7366	6568	7575	4675	3145	3600	2746	4903	1526	3140	2077	1099	8402
AAT->T	A->T	28814	1.55628087709959e-09	62895909	2220	1310	1668	1928	2244	1444	1735	1805	1448	1378	1479	1365	1543	887	577	711	523	962	322	594	452	190	2029
ACA->A	C->A	41865	2.88396439104887e-09	49313750	3222	1916	2227	2742	3021	2206	2513	2651	2187	2110	2350	1854	2131	1343	837	1113	792	1342	519	892	647	335	2915
ACA->G	C->G	34588	2.38267193019463e-09	49313750	2564	1729	1885	1960	2393	1634	2077	2343	2048	1715	1794	1575	1641	1071	811	1183	718	1136	524	786	493	343	2165
ACA->T	C->T	136786	9.42281029963e-09	49313750	11153	6180	7335	8434	9793	7148	8150	8244	6915	7168	7198	6444	6997	4389	3110	3692	2901	4770	1810	3268	2010	1300	8377
ACC->A	C->A	46023	5.71249526690314e-09	27368809	3740	2134	2422	2783	3149	2407	2642	2789	2316	2402	2510	2179	2120	1436	1056	1389	967	1525	785	1222	677	499	2874
ACC->G	C->G	20099	2.49474050734386e-09	27368809	1562	950	1050	1084	1297	945	1245	1350	1210	1055	1055	895	833	616	525	793	473	584	362	503	284	242	1186
ACC->T	C->T	81492	1.01150004191485e-08	27368809	6919	3712	4235	4585	5314	4109	4775	4860	3968	4526	4078	3831	3804	2753	1930	2478	2021	2613	1391	2278	1099	989	5224
ACG->A	C->A	10504	6.49483766428577e-09	5494058	854	478	480	627	587	515	663	692	517	589	517	452	496	345	215	378	268	354	206	296	169	135	671
ACG->G	C->G	7476	4.62256344042273e-09	5494058	638	331	347	408	427	354	463	457	419	386	408	336	341	249	198	280	183	243	173	183	116	103	433
ACG->T	C->T	198803	1.22923953938786e-07	5494058	16767	9386	9616	10649	12720	9407	12131	11812	9718	11387	10178	9466	9375	6430	4551	6104	5266	7046	3660	5830	2935	2748	11621
ACT->A	C->A	25364	2.22562409591069e-09	38714420	1982	1158	1393	1626	1827	1227	1525	1557	1344	1273	1417	1182	1257	779	630	699	498	826	312	561	373	218	1700
ACT->G	C->G	34706	3.04535995397716e-09	38714420	2572	1766	1854	2011	2399	1670	2150	2381	2229	1712	1741	1559	1616	1067	897	1211	652	1031	463	704	495	313	2213
ACT->T	C->T	95114	8.34600261230286e-09	38714420	7957	4210	5159	5880	6672	4954	5635	5730	4738	4878	5092	4455	4935	3143	2063	2432	2008	3262	1314	2222	1405	822	6148
TCT->T	C->T	86240	5.40806157012755e-09	54171885	7291	3827	4553	5401	6112	4583	5054	5058	4269	4605	4529	4055	4356	2707	1846	2381	1803	2903	1165	2048	1266	810	5618
TCT->G	C->G	54519	3.41885562084629e-09	54171885	4129	2773	2926	3024	3649	2651	3249	3773	3603	2752	2808	2338	2359	1768	1344	2005	1111	1617	759	1245	731	549	3356
TCT->A	C->A	43957	2.75651858114676e-09	54171885	3466	1949	2437	2888	3220	2276	2612	2664	2169	2180	2335	2032	2316	1475	907	1092	824	1463	527	989	646	343	3147
GCT->T	C->T	83017	8.63293573173513e-09	32667459	7020	3670	4325	5004	5563	4296	4701	4982	4006	4504	4494	3957	3944	2645	1788	2430	1943	2738	1253	2333	1216	923	5282
GCT->G	C->G	21573	2.24337572473978e-09	32667459	1701	1053	1121	1136	1334	1033	1313	1541	1398	1131	1090	953	917	660	542	887	507	661	381	504	260	256	1194
GCT->A	C->A	21160	2.2004278651784e-09	32667459	1676	1009	1133	1229	1436	1119	1280	1324	1047	1089	1146	981	1007	667	474	639	482	684	305	562	326	251	1294
CCT->T	C->T	108869	8.92977633586034e-09	41416222	9435	5020	5503	6336	6931	5484	6339	6493	5272	5900	5621	5106	5054	3461	2458	3310	2697	3576	1858	3044	1611	1457	6903
CCT->G	C->G	30907	2.53508893452163e-09	41416222	2432	1534	1603	1618	1934	1394	1849	2063	1985	1567	1606	1344	1279	982	794	1356	736	929	561	779	395	419	1748
CCT->A	C->A	23412	1.92032556168572e-09	41416222	1951	1074	1254	1443	1566	1155	1413	1362	1150	1239	1281	1094	1096	721	512	736	568	760	390	592	322	259	1474
TAT->T	A->T	27592	1.78225002356198e-09	52592205	2131	1218	1575	1904	2126	1474	1691	1648	1448	1265	1444	1298	1589	878	545	622	497	962	278	543	406	176	1874
TAT->G	A->G	161629	1.04401018069839e-08	52592205	12699	7532	9217	10785	12231	8750	9745	9631	8659	7799	8503	7371	9082	5430	3434	3865	2928	5579	1559	3351	2454	1050	9975
TAT->C	A->C	18913	1.22164738676529e-09	52592205	1492	886	1027	1267	1440	1026	1152	1146	967	906	983	894	1088	602	354	444	328	606	177	390	305	133	1300
GAT->T	A->T	28264	2.92703556887568e-09	32802916	2184	1281	1632	1890	2047	1473	1699	1735	1390	1489	1511	1296	1404	937	551	735	494	962	330	659	438	231	1896
GAT->G	A->G	51821	5.36661159831258e-09	32802916	4167	2347	2842	3210	3639	2582	3174	3119	2707	2657	2809	2489	2664	1688	1129	1475	998	1721	711	1264	744	466	3219
GAT->C	A->C	11213	1.1612245200185e-09	32802916	994	488	608	682	774	556	673	675	554	600	616	522	539	342	260	289	230	392	190	245	158	114	712
CAT->T	A->T	32490	2.42994510421379e-09	45421354	2580	1509	1817	2083	2405	1691	1967	2013	1630	1696	1743	1467	1696	1006	668	879	626	1071	378	801	508	284	1972
CAT->G	A->G	149186	1.11577036108722e-08	45421354	12190	6934	8151	8835	10587	7544	8896	8928	7866	7836	7850	6962	7812	4872	3399	4131	3160	5160	2004	3693	2197	1445	8734
CAT->C	A->C	26163	1.95674526813005e-09	45421354	2048	1232	1425	1627	1859	1356	1596	1581	1388	1420	1394	1292	1252	858	620	717	492	910	326	601	390	242	1537
CAA->C	A->C	26065	1.8885509258252e-09	46885209	2030	1270	1435	1580	1864	1401	1572	1558	1354	1353	1404	1284	1336	793	599	721	552	907	348	590	343	230	1541
CAA->G	A->G	56457	4.09061652097883e-09	46885209	4715	2615	3142	3353	3913	2920	3355	3310	2906	2912	2983	2664	2934	1823	1244	1456	1245	1990	822	1366	772	531	3486
CAA->T	A->T	13100	9.49166204807599e-10	46885209	1035	588	714	817	983	649	815	772	671	660	698	590	672	453	275	349	281	439	148	322	213	108	848
CAC->C	A->C	18452	1.77075262099929e-09	35399113	1515	800	927	987	1191	862	1164	1184	962	994	911	833	854	611	448	681	413	609	364	506	287	264	1085
CAC->G	A->G	57796	5.54641331472333e-09	35399113	4908	2688	2818	3086	3780	2830	3587	3309	2959	3192	2925	2761	2790	1814	1364	1774	1546	1929	1102	1627	845	762	3400
CAC->T	A->T	15272	1.46558281096364e-09	35399113	1243	736	843	861	962	683	890	958	767	851	743	734	703	464	342	487	394	510	253	431	272	202	943
CAG->C	A->C	22013	1.58584236484134e-09	47154815	1846	1067	1160	1214	1439	1088	1345	1360	1175	1210	1200	994	1003	674	549	708	539	725	373	583	332	281	1148
CAG->G	A->G	77744	5.60076903703379e-09	47154815	6633	3655	3975	3994	4944	3674	4704	4579	3997	4293	4161	3587	3668	2616	1843	2407	2126	2629	1500	2205	1163	1074	4317
CAG->T	A->T	17093	1.23139978840835e-09	47154815	1353	848	860	1030	1115	864	1012	1064	869	922	936	804	769	530	385	517	426	540	269	471	252	216	1041
CCA->A	C->A	29469	2.29537904474356e-09	43613186	2456	1339	1490	1684	1990	1473	1809	1739	1520	1565	1575	1337	1335	967	647	913	652	993	463	756	426	324	2016
CCA->G	C->G	21939	1.70885747268753e-09	43613186	1738	1086	1140	1220	1400	1022	1291	1447	1312	1155	1134	932	977	675	551	822	537	688	416	531	286	291	1288
CCA->T	C->T	90755	7.06902593252915e-09	43613186	7634	4184	4733	5084	5992	4496	5302	5361	4628	4945	4770	4323	4238	2902	2196	2801	2338	2885	1586	2615	1230	1140	5372
CCC->A	C->A	25793	2.94585592868232e-09	29743850	2167	1198	1325	1431	1645	1233	1497	1483	1353	1411	1400	1171	1030	861	673	872	656	836	485	765	359	395	1547
CCC->G	C->G	25685	2.93352109208721e-09	29743850	2132	1379	1242	1234	1537	1175	1548	1587	1502	1424	1296	1169	1031	851	689	988	689	790	523	794	342	442	1321
CCC->T	C->T	80705	9.21743506859639e-09	29743850	7151	3662	3997	4190	5062	3950	4640	4984	4030	4407	4297	3734	3421	2642	1993	2690	2174	2529	1608	2501	1086	1231	4726
CCG->A	C->A	8618	5.33823461371469e-09	5484230	774	378	377	425	466	351	539	506	380	494	426	417	413	251	212	331	266	313	227	266	138	168	500
CCG->G	C->G	7887	4.88543239711856e-09	5484230	693	360	325	365	416	302	501	461	418	440	390	360	341	279	230	341	278	222	257	236	130	172	370
CCG->T	C->T	171111	1.05991026106676e-07	5484230	15375	7990	7561	8124	9693	7528	10624	9604	8580	10068	8808	8162	7091	5504	4268	6056	5616	5567	4495	5413	2609	3299	9076
TCG->T	C->T	121031	8.60275973145438e-08	4779315	10475	5419	5859	6231	7588	5805	7502	6906	5916	7114	6084	5839	5486	3870	2923	3843	3501	3904	2630	3579	1779	1803	6975
TCG->G	C->G	7432	5.28258961127058e-09	4779315	599	348	325	394	386	351	454	432	354	427	368	344	351	248	207	293	229	250	172	208	92	116	484
TCG->A	C->A	7076	5.02954845120434e-09	4779315	562	335	323	459	425	316	453	445	354	423	337	329	315	232	149	234	191	245	141	193	105	95	415
GCG->T	C->T	139465	1.01818257207422e-07	4653143	12350	6364	6290	6716	8183	6335	8685	7978	6869	8030	7026	6636	5965	4582	3563	4811	4393	4327	3610	4318	2066	2531	7837
GCG->G	C->G	5523	4.03213877715981e-09	4653143	452	261	242	256	275	239	320	307	316	297	295	256	259	177	165	214	186	179	178	158	84	98	309
GCG->A	C->A	11614	8.47895342348977e-09	4653143	985	525	518	598	637	555	655	731	599	685	612	495	518	372	280	412	377	399	292	341	183	247	598
TAG->T	A->T	10094	1.08478241597444e-09	31610218	803	419	559	665	762	551	563	619	516	507	576	452	551	311	189	248	187	336	111	240	140	69	720
TAG->G	A->G	47856	5.14299061807736e-09	31610218	3886	2155	2556	2922	3360	2496	2864	2775	2518	2484	2556	2282	2522	1590	1066	1268	973	1580	603	1133	654	406	3207
TAG->C	A->C	10134	1.08908113765455e-09	31610218	804	433	567	642	745	532	595	601	558	530	495	462	533	371	204	283	186	339	127	249	160	91	627
GAG->T	A->T	12835	1.10093899282566e-09	39604036	1112	637	644	666	870	634	746	735	685	723	702	585	606	389	299	446	275	431	237	330	162	152	769
GAG->G	A->G	37938	3.25418180832254e-09	39604036	3173	1828	1955	2101	2458	1817	2291	2276	1931	2095	2033	1824	1717	1250	908	1142	940	1177	672	1060	497	529	2264
GAG->C	A->C	14486	1.24255568757869e-09	39604036	1207	690	740	792	889	689	928	855	736	797	749	695	676	470	350	513	399	480	259	413	212	184	763
GAA->C	A->C	17288	1.21137996941816e-09	48480958	1337	834	963	1055	1175	848	1046	1045	948	948	919	845	951	557	408	480	357	582	191	401	233	153	1012
GAA->G	A->G	45144	3.16326569524604e-09	48480958	3732	2106	2451	2733	3292	2376	2711	2766	2207	2289	2433	2094	2381	1500	1033	1168	903	1478	560	1077	650	397	2807
GAA->T	A->T	13267	9.29626217854627e-10	48480958	1035	627	717	870	982	701	779	837	704	676	683	648	661	419	295	353	260	419	143	289	193	92	884
GAC->C	A->C	7184	1.08973130575299e-09	22395137	588	338	339	457	457	413	397	413	366	378	415	310	322	236	187	231	171	224	127	187	108	83	437
GAC->G	A->G	31658	4.80215947627063e-09	22395137	2659	1472	1661	1888	2111	1559	1811	1912	1580	1691	1685	1459	1498	1021	702	870	700	1074	524	858	459	360	2104
GAC->T	A->T	13078	1.98378424507762e-09	22395137	1027	620	688	797	914	668	788	818	618	698	643	601	615	393	292	395	250	448	202	372	194	137	900
GCA->A	C->A	37064	3.68839501500079e-09	34136712	3080	1749	1887	2367	2490	1828	2204	2390	1727	2014	1989	1763	1714	1169	819	1000	778	1190	553	987	546	365	2455
GCA->G	C->G	16977	1.68945289687212e-09	34136712	1367	858	874	958	1113	824	1042	1125	1028	917	839	750	800	552	375	555	446	550	253	394	212	190	955
GCA->T	C->T	70679	7.03356548848589e-09	34136712	5725	3369	3661	4016	4683	3485	4274	4321	3609	3798	3870	3319	3381	2207	1616	2205	1545	2258	1150	1911	1025	871	4380
GCC->A	C->A	30224	3.85853747860427e-09	26609459	2568	1449	1515	1630	1834	1465	1710	1931	1498	1742	1604	1445	1309	946	744	1034	797	915	593	890	432	407	1766
GCC->G	C->G	18492	2.36077537898194e-09	26609459	1603	890	904	992	1204	833	1086	1141	999	989	956	845	796	616	498	751	519	533	357	492	243	285	960
GCC->T	C->T	75188	9.59885243320864e-09	26609459	6468	3484	3681	4086	4740	3613	4455	4420	3742	4174	4143	3319	3293	2394	1773	2584	1992	2479	1529	2174	1030	1098	4517
TCC->T	C->T	78126	7.26442800354274e-09	36534317	6697	3572	3984	4331	5076	3972	4626	4667	3916	4271	4143	3713	3653	2549	1832	2392	1949	2505	1300	2202	1063	1005	4708
TCC->G	C->G	25855	2.40408808887691e-09	36534317	1996	1313	1372	1403	1602	1258	1674	1713	1538	1330	1291	1161	1152	799	670	1046	607	772	460	654	313	341	1390
TCC->A	C->A	27316	2.53993696521995e-09	36534317	2210	1307	1451	1562	1812	1369	1644	1655	1451	1506	1492	1279	1222	906	604	856	587	873	427	688	391	336	1688
TAC->T	A->T	9704	1.19733529446011e-09	27532258	746	447	586	639	752	508	589	574	494	470	477	417	498	300	196	250	165	374	117	213	157	68	667
TAC->G	A->G	52196	6.44024248038335e-09	27532258	4292	2306	2921	3345	3846	2720	3040	3098	2630	2646	2662	2466	2848	1660	1149	1256	1033	1883	637	1207	765	425	3361
TAC->C	A->C	8618	1.06333837259452e-09	27532258	680	375	490	519	587	460	539	541	493	431	404	426	435	301	211	241	150	265	112	180	108	85	585
TAA->C	A->C	20296	1.33375458347357e-09	51694145	1498	924	1201	1287	1536	1034	1229	1238	1118	1016	1158	927	1071	689	468	491	371	677	227	411	287	138	1300
TAA->G	A->G	60786	3.99456080562791e-09	51694145	4726	2851	3363	4046	4620	3356	3712	3642	3137	2952	3014	2816	3469	1955	1310	1440	1119	2171	690	1375	890	421	3711
TAA->T	A->T	27085	1.77989470306373e-09	51694145	2142	1238	1491	1711	2011	1490	1660	1574	1371	1407	1289	1247	1538	931	559	610	581	953	382	589	406	205	1700
TCA->A	C->A	28799	2.04681696462943e-09	47797505	2272	1282	1598	1915	2080	1546	1747	1730	1441	1425	1458	1393	1505	871	612	764	528	1023	367	656	423	226	1937
TCA->G	C->G	29191	2.07467738513482e-09	47797505	2228	1469	1609	1746	2051	1407	1839	1892	1789	1355	1542	1334	1342	901	730	1006	561	884	447	628	393	302	1736
TCA->T	C->T	80135	5.69539489081493e-09	47797505	6526	3724	4263	4943	5553	4109	4856	4848	4190	4224	4155	3837	4181	2516	1818	2287	1739	2705	1177	1943	1075	825	4641
