Context	X1mer	Count	Rate	context_in_genome	chr1	chr2	chr3	chr4	chr5	chr6	chr7	chr8	chr9	chr10	chr11	chr12	chr13	chr14	chr15	chr16	chr17	chr18	chr19	chr20	chr21	chr22	chrX
AAA->C	A->C	5686	1.71198748990797e-09	94426158	268	307	790	1327	483	487	153	203	175	137	150	162	148	120	58	78	50	120	42	71	39	27	291
AAA->G	A->G	9434	2.84046605342803e-09	94426158	442	495	1294	2165	772	834	289	322	272	241	263	292	252	190	119	125	107	218	75	110	76	47	434
AAA->T	A->T	3428	1.03213034038067e-09	94426158	171	185	502	789	293	262	91	139	85	76	82	115	103	70	38	39	33	69	24	44	21	17	180
AAC->C	A->C	2221	1.78437503523134e-09	35387385	108	92	344	572	201	243	51	59	52	59	56	54	60	33	21	22	14	41	10	16	19	10	84
AAC->G	A->G	7327	5.8865897717875e-09	35387385	356	393	975	1638	607	678	229	245	224	177	205	221	197	129	82	101	71	160	41	102	57	36	403
AAC->T	A->T	2128	1.70965784555259e-09	35387385	97	100	284	495	172	195	58	75	67	50	52	69	49	42	17	25	27	43	10	34	18	13	136
AAG->C	A->C	2320	1.36397120520203e-09	48358056	103	111	307	531	174	226	68	83	89	46	73	72	64	43	25	38	29	51	11	34	13	17	112
AAG->G	A->G	7269	4.27358047009205e-09	48358056	348	358	1026	1620	674	694	220	222	220	167	209	214	202	125	70	114	64	142	47	90	45	23	375
AAG->T	A->T	1876	1.10293533662026e-09	48358056	85	113	265	425	173	179	52	60	43	44	50	58	55	37	19	23	14	34	7	23	12	9	96
AAT->C	A->C	2823	1.28244979036669e-09	62583026	124	152	384	675	208	269	71	121	76	70	76	87	103	60	29	33	13	54	6	28	16	7	161
AAT->G	A->G	16151	7.33717554523994e-09	62583026	810	957	2181	3458	1384	1284	492	590	560	424	489	452	517	324	214	196	131	375	78	220	122	76	817
AAT->T	A->T	3492	1.58636722209014e-09	62583026	145	177	507	867	307	267	107	116	104	77	102	90	88	60	38	38	36	78	17	32	36	11	192
ACA->A	C->A	5226	3.02799696695807e-09	49068188	230	291	695	1235	425	486	159	191	146	97	132	148	149	119	61	67	31	112	40	58	41	26	287
ACA->G	C->G	4055	2.34950778817738e-09	49068188	174	207	559	874	369	351	109	154	149	87	132	118	83	95	41	71	47	77	32	46	31	24	225
ACA->T	C->T	16341	9.46813976981666e-09	49068188	812	893	2247	3802	1353	1397	497	608	443	375	461	493	455	297	184	212	160	357	113	231	117	87	747
ACC->A	C->A	5058	5.28044362730517e-09	27232936	288	291	631	975	395	388	144	221	147	130	171	178	146	114	72	87	61	120	54	73	42	28	302
ACC->G	C->G	2311	2.41263448452002e-09	27232936	130	119	310	406	175	224	78	99	90	80	83	61	58	42	39	41	20	57	22	39	14	14	110
ACC->T	C->T	8921	9.31333285867723e-09	27232936	466	491	1155	1726	762	802	272	317	265	244	323	258	243	157	120	157	126	202	80	149	66	64	476
ACG->A	C->A	1364	7.09370614157017e-09	5466725	80	56	189	345	88	140	36	45	41	35	24	33	37	14	19	21	12	28	13	14	8	8	78
ACG->G	C->G	1129	5.87155002480405e-09	5466725	42	54	166	282	109	119	27	22	27	18	38	22	30	13	14	22	15	19	11	10	9	9	51
ACG->T	C->T	24435	1.27078232822043e-07	5466725	1218	1393	3062	4753	2172	2388	795	914	701	707	774	682	647	500	320	455	320	532	250	378	197	204	1073
ACT->A	C->A	2943	2.17205012033721e-09	38521791	142	170	423	653	245	240	98	108	76	77	97	93	67	61	34	42	13	59	13	37	22	8	165
ACT->G	C->G	3951	2.91599389244048e-09	38521791	189	230	495	845	311	343	118	162	143	100	131	119	121	72	54	64	35	72	29	41	27	25	225
ACT->T	C->T	11736	8.6616310609166e-09	38521791	543	623	1651	2731	1027	1034	340	407	320	302	334	314	303	232	148	134	148	218	65	139	81	55	587
TCT->T	C->T	10138	5.3472900282063e-09	53901965	499	543	1336	2231	877	882	288	401	269	260	328	307	286	190	99	145	122	199	74	132	86	54	530
TCT->G	C->G	5968	3.14782273508929e-09	53901965	294	367	742	1169	493	473	189	260	236	158	194	178	141	135	94	128	46	140	33	75	54	41	328
TCT->A	C->A	4986	2.62986664831689e-09	53901965	254	281	680	1076	358	404	171	199	144	124	159	142	150	82	59	73	51	100	27	64	51	16	321
GCT->T	C->T	9485	8.2959509329254e-09	32505527	532	526	1166	1930	785	811	290	336	292	248	287	352	235	198	118	163	133	206	86	138	55	80	518
GCT->G	C->G	2323	2.03178640139016e-09	32505527	108	135	292	408	194	205	70	123	83	74	74	72	60	45	39	54	32	51	25	25	18	17	119
GCT->A	C->A	2189	1.91458477513692e-09	32505527	111	132	295	435	186	183	67	78	63	58	69	71	64	45	26	40	20	49	19	29	20	19	110
CCT->T	C->T	11683	8.05992586958739e-09	41210642	673	661	1444	2252	947	984	347	407	355	378	355	391	306	247	136	225	151	275	124	188	95	91	651
CCT->G	C->G	3156	2.17727690185892e-09	41210642	147	178	385	534	269	286	106	159	130	103	99	103	71	70	50	70	39	51	25	47	28	29	177
CCT->A	C->A	2709	1.86889832925723e-09	41210642	146	129	352	556	216	241	97	114	99	56	83	92	67	59	40	45	32	60	11	49	26	17	122
TAT->T	A->T	3457	1.87814126903877e-09	52330776	152	163	522	864	314	293	105	113	94	69	90	103	109	51	36	31	27	71	15	24	25	12	174
TAT->G	A->G	19242	1.0453917934291e-08	52330776	853	1087	2635	4359	1608	1617	583	736	656	457	588	538	572	432	211	228	169	414	99	229	162	72	937
TAT->C	A->C	2695	1.46415699162843e-09	52330776	104	128	430	677	243	237	82	107	78	52	68	62	70	46	26	19	20	45	16	17	15	6	147
GAT->T	A->T	3304	2.87795070484728e-09	32639443	174	183	418	687	307	260	107	128	99	92	108	99	105	55	34	40	23	73	25	37	35	19	196
GAT->G	A->G	6528	5.68621737325757e-09	32639443	301	337	918	1425	625	585	164	237	188	141	205	173	187	142	81	90	56	149	39	83	37	32	333
GAT->C	A->C	1389	1.20988908263707e-09	32639443	57	69	202	317	131	137	40	53	45	34	29	43	42	24	18	18	8	16	8	12	9	10	67
CAT->T	A->T	3515	2.21121266193739e-09	45194009	153	186	450	729	295	305	111	136	108	93	112	110	103	70	42	61	25	78	30	46	39	20	213
CAT->G	A->G	18954	1.19235632416391e-08	45194009	884	1008	2561	4230	1667	1870	530	646	567	451	566	545	527	355	252	248	202	394	101	257	145	88	860
CAT->C	A->C	3042	1.91365829804084e-09	45194009	135	182	437	574	257	284	97	124	96	76	104	86	85	57	36	47	23	82	27	42	18	19	154
CAA->C	A->C	3164	1.92819737011329e-09	46652083	148	169	454	673	252	292	95	114	106	81	84	88	90	64	36	50	41	62	18	32	27	20	168
CAA->G	A->G	7598	4.6303551258283e-09	46652083	357	366	1097	1703	714	739	203	252	215	168	197	210	165	155	77	92	68	195	52	82	60	39	392
CAA->T	A->T	1583	9.64708102683101e-10	46652083	85	102	190	363	126	131	42	70	44	37	45	50	45	32	21	20	13	37	6	18	12	13	81
CAC->C	A->C	2298	1.85482967819407e-09	35223462	120	112	297	517	205	223	84	94	59	47	54	49	48	50	35	45	24	54	23	25	14	13	106
CAC->G	A->G	8272	6.67674112185439e-09	35223462	362	400	1182	1831	857	929	206	283	199	187	215	207	212	149	101	128	81	145	63	118	43	49	325
CAC->T	A->T	1832	1.47869798540102e-09	35223462	98	92	230	380	146	193	57	68	49	50	58	58	40	41	23	28	19	34	22	31	17	13	85
CAG->C	A->C	2368	1.43485362145533e-09	46920232	120	149	262	455	204	203	80	71	95	67	98	66	60	62	31	57	37	63	25	41	13	22	87
CAG->G	A->G	10579	6.41018431645942e-09	46920232	458	493	1529	2309	1047	1149	279	325	267	238	274	303	251	214	135	154	140	209	82	145	73	65	440
CAG->T	A->T	1990	1.20581026465207e-09	46920232	78	106	229	415	185	176	75	79	58	64	63	64	52	45	21	29	29	40	12	27	13	15	115
CCA->A	C->A	3266	2.13970046570948e-09	43395955	166	174	450	682	256	305	83	126	89	87	98	93	83	63	48	56	33	85	31	46	25	23	164
CCA->G	C->G	2442	1.59986176891076e-09	43395955	139	141	307	452	196	214	75	111	95	60	75	74	63	47	34	52	20	61	23	35	13	24	131
CCA->T	C->T	9438	6.18324953930375e-09	43395955	512	503	1254	1814	836	792	292	357	268	256	280	292	267	196	141	179	129	187	87	174	85	72	465
CCC->A	C->A	2980	2.86262757344148e-09	29596303	182	165	362	568	263	278	87	102	102	84	83	74	59	61	47	67	40	57	39	59	15	26	160
CCC->G	C->G	2699	2.59269524185186e-09	29596303	133	171	293	413	237	251	104	128	109	82	90	82	64	69	59	58	53	48	35	45	21	32	122
CCC->T	C->T	8742	8.39768129094813e-09	29596303	496	511	1080	1565	793	791	278	310	232	257	310	260	216	212	118	184	107	184	91	161	70	99	417
CCG->A	C->A	1178	6.1375850469547e-09	5456747	52	63	166	251	113	142	26	38	29	29	22	24	34	15	13	20	24	28	13	14	6	9	47
CCG->G	C->G	1030	5.36647928553765e-09	5456747	39	60	136	169	77	129	33	42	26	29	33	30	30	25	11	19	22	20	17	14	13	17	39
CCG->T	C->T	20087	1.04656766416111e-07	5456747	1174	1131	2396	3377	1789	1973	707	730	590	646	655	565	495	448	314	406	339	430	280	397	160	259	826
TCG->T	C->T	14101	8.43006846561551e-08	4755595	740	776	1729	2620	1251	1229	461	546	406	476	473	463	400	248	180	292	216	316	175	233	119	139	613
TCG->G	C->G	1005	6.00823970494546e-09	4755595	31	43	153	209	81	116	30	29	29	34	29	28	18	17	15	20	22	18	11	10	4	7	51
TCG->A	C->A	861	5.1473575979682e-09	4755595	43	40	115	167	74	77	17	38	24	26	29	25	20	22	11	15	8	20	7	16	8	10	49
GCG->T	C->T	16634	1.02145293358117e-07	4629823	934	881	1973	2915	1503	1684	557	590	494	471	505	521	401	360	240	337	263	373	233	323	122	214	740
GCG->G	C->G	945	5.80301203699775e-09	4629823	43	26	148	203	73	143	18	20	30	30	18	23	20	18	11	8	13	11	14	14	11	13	37
GCG->A	C->A	1413	8.67688466484426e-09	4629823	60	78	177	290	123	152	39	46	35	40	46	46	47	21	16	23	23	33	15	18	12	21	52
TAG->T	A->T	1227	1.10908480545087e-09	31453274	54	65	191	285	110	104	34	33	37	22	38	36	28	30	14	21	12	23	1	11	10	7	61
TAG->G	A->G	6304	5.69818305913798e-09	31453274	314	321	906	1428	550	588	150	217	175	146	182	170	144	140	85	80	61	122	38	84	45	30	328
TAG->C	A->C	1156	1.04490793406781e-09	31453274	52	60	167	236	106	106	34	44	37	32	33	29	36	25	19	9	17	25	9	10	8	5	57
GAG->T	A->T	1576	1.1369979378037e-09	39407836	81	80	197	329	128	150	45	70	43	40	48	63	41	31	21	37	12	30	10	20	12	7	81
GAG->G	A->G	5010	3.61444141395718e-09	39407836	245	252	720	1073	490	507	131	164	142	119	151	150	110	79	54	77	59	95	40	56	42	41	213
GAG->C	A->C	1670	1.20481380465239e-09	39407836	85	95	250	328	150	140	49	66	48	51	52	44	38	34	25	16	13	42	13	30	12	13	76
GAA->C	A->C	2168	1.2777375761291e-09	48239596	96	114	311	558	183	174	69	69	66	43	60	64	58	48	26	24	17	31	6	27	19	4	101
GAA->G	A->G	5696	3.35700794909197e-09	48239596	266	311	750	1316	504	546	151	195	146	141	143	169	143	109	81	97	52	127	35	84	37	30	263
GAA->T	A->T	1532	9.02903121139202e-10	48239596	67	100	190	305	123	127	52	73	53	40	51	53	40	31	14	21	11	31	16	17	18	11	88
GAC->C	A->C	1114	1.42130668168671e-09	22283502	38	41	162	289	116	117	25	26	34	17	20	33	35	16	17	17	9	19	7	12	8	4	52
GAC->G	A->G	4354	5.55508913111664e-09	22283502	171	190	634	953	403	452	106	156	114	104	128	124	104	76	54	61	36	95	33	67	34	31	228
GAC->T	A->T	1534	1.95716736957577e-09	22283502	76	74	204	312	127	129	45	71	55	50	47	44	34	29	15	26	18	33	17	29	9	7	83
GCA->A	C->A	3915	3.27688153539965e-09	33966991	195	205	511	831	299	296	109	168	124	117	158	140	108	79	44	60	37	90	27	56	29	27	205
GCA->G	C->G	1980	1.65727342020212e-09	33966991	93	120	272	407	183	191	60	62	60	54	58	46	46	54	25	37	24	48	9	22	12	18	79
GCA->T	C->T	7963	6.66508497225732e-09	33966991	421	443	997	1582	691	705	234	297	239	231	252	270	235	158	129	117	76	181	71	102	50	54	428
GCC->A	C->A	3127	3.35770293207753e-09	26477176	191	206	358	543	255	242	100	123	105	102	128	83	74	67	52	76	38	68	43	52	18	28	175
GCC->G	C->G	2141	2.29895809964119e-09	26477176	121	128	261	393	192	194	66	95	66	61	49	69	48	58	23	45	36	44	15	36	15	27	99
GCC->T	C->T	8238	8.84578086167404e-09	26477176	474	479	1000	1452	665	707	268	317	255	278	287	273	214	183	102	156	118	170	106	156	71	90	417
TCC->T	C->T	9336	7.30133302310708e-09	36353375	521	553	1145	1662	762	836	317	338	299	279	324	332	277	220	119	159	125	196	82	151	83	70	486
TCC->G	C->G	2837	2.21871055982806e-09	36353375	145	184	328	516	224	257	109	119	102	71	101	86	74	58	29	64	49	84	21	54	24	20	118
TCC->A	C->A	2883	2.254685422624e-09	36353375	163	175	318	547	260	254	105	108	91	85	89	83	79	67	36	71	36	65	26	35	21	24	145
TAC->T	A->T	1190	1.23500819754388e-09	27394487	52	69	173	260	98	108	34	36	33	24	36	36	41	26	11	13	15	30	9	6	10	10	60
TAC->G	A->G	6244	6.48016066005375e-09	27394487	322	301	812	1410	566	565	179	216	164	157	195	190	175	113	75	86	54	147	38	76	47	26	330
TAC->C	A->C	1261	1.30869356059061e-09	27394487	58	53	189	299	116	121	38	40	51	25	27	37	20	26	18	13	10	30	12	11	7	2	58
TAA->C	A->C	2590	1.43156571952634e-09	51436869	119	115	339	608	208	212	79	119	78	76	81	66	71	61	36	26	22	59	21	27	17	9	141
TAA->G	A->G	7614	4.20847157856121e-09	51436869	352	455	1063	1732	635	651	194	281	219	194	227	214	229	143	95	99	65	163	30	88	53	46	386
TAA->T	A->T	3484	1.92570462039759e-09	51436869	153	190	535	892	286	304	92	128	91	65	88	101	96	60	33	37	36	51	16	37	16	13	164
TCA->A	C->A	3181	1.90156242101968e-09	47559703	158	175	425	707	245	270	94	108	94	81	89	105	93	71	42	43	24	81	16	31	30	20	179
TCA->G	C->G	3216	1.92248498773948e-09	47559703	172	190	390	677	274	247	106	122	125	88	134	94	78	51	48	62	31	62	25	38	29	18	155
TCA->T	C->T	9075	5.42492265663426e-09	47559703	423	497	1213	2045	748	796	281	352	263	262	282	251	225	187	104	127	90	195	69	129	58	62	416
