Context	X1mer	Count	Rate	context_in_genome	chr1	chr2	chr3	chr4	chr5	chr6	chr7	chr8	chr9	chr10	chr11	chr12	chr13	chr14	chr15	chr16	chr17	chr18	chr19	chr20	chr21	chr22	chrX
AAA->C	A->C	18711	1.6642317799608e-09	94426158	1154	1308	1703	2467	1464	1257	868	922	785	741	718	697	770	432	313	398	276	520	213	300	234	105	1066
AAA->G	A->G	32109	2.85590391869817e-09	94426158	2145	2353	2846	4215	2423	2219	1540	1521	1251	1337	1222	1200	1295	759	516	650	532	943	339	513	390	202	1698
AAA->T	A->T	11465	1.01974332516972e-09	94426158	740	797	1027	1588	876	780	541	643	438	449	424	441	491	258	168	212	155	319	113	190	111	59	645
AAC->C	A->C	6905	1.6387939184677e-09	35387385	424	476	645	988	525	530	335	289	257	290	263	232	255	142	101	140	113	178	84	122	92	50	374
AAC->G	A->G	24164	5.73494804429449e-09	35387385	1631	1661	2063	3203	1889	1708	1130	1164	909	952	960	851	948	552	361	489	380	699	215	507	282	169	1441
AAC->T	A->T	6785	1.61031379244074e-09	35387385	426	467	605	929	555	482	312	341	225	261	254	241	284	133	99	138	87	189	72	110	75	47	453
AAG->C	A->C	8057	1.39930910995043e-09	48358056	577	603	671	1026	616	590	384	412	296	322	374	273	271	178	126	162	128	211	80	141	112	65	439
AAG->G	A->G	24056	4.17795456732873e-09	48358056	1604	1674	2166	3068	1916	1709	1136	1153	966	976	914	857	912	525	407	539	400	689	265	438	298	173	1271
AAG->T	A->T	6043	1.04952525151178e-09	48358056	382	441	541	812	482	451	276	316	232	251	232	223	233	112	106	113	81	143	57	96	80	41	342
AAT->C	A->C	9680	1.29905617253992e-09	62583026	636	730	864	1311	645	683	483	485	365	401	357	358	437	214	151	157	150	264	83	167	148	51	540
AAT->G	A->G	55767	7.48393239401174e-09	62583026	3708	4062	4893	7015	4321	3855	2644	2839	2261	2266	2148	2150	2322	1258	925	1101	868	1661	460	975	681	342	3012
AAT->T	A->T	11763	1.57859480966809e-09	62583026	728	801	1088	1641	977	762	542	602	453	441	444	416	496	259	164	217	152	336	95	191	178	59	721
ACA->A	C->A	17072	2.92208949698105e-09	49068188	1050	1234	1556	2312	1284	1248	760	874	619	650	731	623	637	371	251	349	213	468	140	270	220	106	1106
ACA->G	C->G	13940	2.38600794212253e-09	49068188	870	994	1219	1725	1025	921	687	795	630	547	572	494	530	310	233	359	205	380	177	225	171	99	772
ACA->T	C->T	55327	9.46991832236825e-09	49068188	3635	3972	4887	7176	4298	3884	2638	2851	2036	2250	2170	2004	2211	1234	885	1139	826	1591	536	1045	666	431	2962
ACC->A	C->A	17901	5.52067217458267e-09	27232936	1270	1284	1452	2071	1293	1211	851	955	652	786	755	691	672	430	312	417	319	521	228	363	220	136	1012
ACC->G	C->G	7752	2.39071843457711e-09	27232936	513	542	663	847	542	551	382	454	363	317	318	283	253	167	129	228	127	200	121	160	78	67	447
ACC->T	C->T	33215	1.02435130036737e-08	27232936	2391	2333	2730	3647	2445	2318	1557	1703	1283	1493	1286	1228	1260	817	549	816	648	943	455	688	402	304	1919
ACG->A	C->A	4390	6.74444821509162e-09	5466725	309	271	373	596	259	332	223	218	155	214	133	138	167	88	64	108	82	132	62	110	47	53	256
ACG->G	C->G	3360	5.16203781382866e-09	5466725	255	231	299	458	244	251	149	143	134	121	129	109	130	70	59	80	60	93	57	51	32	37	168
ACG->T	C->T	80459	1.23610833471083e-07	5466725	5506	5739	6583	9427	6049	5862	3919	4010	2911	3676	3073	2903	2938	1885	1299	1926	1601	2323	1071	1670	1000	836	4252
ACT->A	C->A	10171	2.21751371931371e-09	38521791	664	707	870	1303	817	666	503	554	439	401	418	349	354	233	186	223	141	249	99	174	135	61	625
ACT->G	C->G	13567	2.95792042374684e-09	38521791	866	1013	1094	1604	1045	872	693	781	673	539	509	509	500	300	250	344	194	349	128	240	166	94	804
ACT->T	C->T	39663	8.64745321493853e-09	38521791	2660	2739	3556	5319	3021	2778	1868	1996	1459	1631	1522	1495	1652	909	581	719	618	1063	417	715	465	227	2253
TCT->T	C->T	35591	5.54555126698236e-09	53901965	2473	2525	3011	4449	2748	2492	1677	1817	1309	1481	1421	1326	1416	837	524	779	596	965	366	668	414	243	2054
TCT->G	C->G	20739	3.23141209086418e-09	53901965	1331	1602	1716	2302	1532	1425	975	1198	1072	866	854	764	698	511	370	568	307	564	201	339	257	164	1123
TCT->A	C->A	16924	2.6369843399289e-09	53901965	1123	1146	1525	2151	1229	1173	776	925	631	668	672	608	733	417	242	328	239	504	164	287	204	91	1088
GCT->T	C->T	32875	8.49410610554369e-09	32505527	2262	2285	2735	3897	2465	2265	1551	1637	1242	1475	1391	1318	1249	733	502	698	601	928	378	712	393	269	1889
GCT->G	C->G	8066	2.08405961512746e-09	32505527	549	580	666	822	585	549	376	521	377	357	303	308	288	172	150	267	165	216	99	155	86	65	410
GCT->A	C->A	7931	2.04917887522637e-09	32505527	537	589	684	899	617	554	396	430	306	323	335	273	306	179	113	197	121	206	100	165	102	76	423
CCT->T	C->T	41530	8.46372770148353e-09	41210642	2992	2943	3288	4684	3007	2761	1946	2101	1486	1834	1692	1656	1542	949	686	1029	847	1206	560	893	548	438	2442
CCT->G	C->G	11398	2.32288871518202e-09	41210642	772	828	902	1131	840	764	578	628	583	510	453	419	372	282	251	362	233	280	169	241	120	115	565
CCT->A	C->A	9189	1.87269910544022e-09	41210642	609	576	786	1129	680	608	440	501	349	408	398	343	357	191	159	224	173	249	112	202	128	77	490
TAT->T	A->T	11194	1.7965415233561e-09	52330776	727	752	1064	1612	912	794	539	561	393	403	394	396	488	234	151	187	154	301	85	155	150	44	698
TAT->G	A->G	65413	1.04982285748877e-08	52330776	4169	4771	5870	8794	5187	4481	3122	3259	2641	2573	2569	2372	2810	1514	1014	1175	891	1870	485	1070	796	316	3664
TAT->C	A->C	8157	1.30912892674787e-09	52330776	520	554	831	1251	644	564	394	366	316	267	292	296	321	175	105	157	106	211	55	123	117	29	463
GAT->T	A->T	11318	2.9122998143942e-09	32639443	767	824	996	1400	867	761	560	589	393	454	437	410	457	286	144	248	172	318	119	214	149	69	684
GAT->G	A->G	21413	5.50990244969278e-09	32639443	1389	1516	1878	2719	1763	1438	1040	1080	878	875	838	813	847	485	341	437	305	609	219	388	229	136	1190
GAT->C	A->C	4744	1.22070598334388e-09	32639443	330	318	422	623	365	321	205	236	180	205	195	190	181	114	102	105	64	110	53	82	55	35	253
CAT->T	A->T	12740	2.36754199938133e-09	45194009	847	942	1059	1560	955	847	614	717	475	514	489	484	515	294	204	282	178	372	117	239	206	84	746
CAT->G	A->G	62365	1.15896198423404e-08	45194009	4154	4462	5544	7857	4965	4559	2858	3105	2498	2589	2372	2281	2436	1458	1027	1253	996	1771	561	1195	763	436	3225
CAT->C	A->C	10392	1.93120066385956e-09	45194009	651	752	896	1300	782	755	511	546	394	448	367	429	412	246	175	207	151	329	100	211	116	76	538
CAA->C	A->C	10466	1.8841645244527e-09	46652083	683	726	995	1290	786	735	504	528	417	444	390	399	421	231	159	218	159	300	102	169	135	70	605
CAA->G	A->G	23955	4.31255123096354e-09	46652083	1631	1599	2237	3149	1896	1772	1055	1158	897	928	922	852	960	528	399	460	381	721	270	437	265	178	1260
CAA->T	A->T	5206	9.37221528215245e-10	46652083	341	373	432	712	397	337	218	273	216	224	203	171	204	114	82	96	84	154	48	100	70	34	323
CAC->C	A->C	7443	1.77470066322854e-09	35223462	493	504	622	945	581	495	384	367	279	326	259	259	280	179	119	216	126	204	117	169	91	66	362
CAC->G	A->G	25321	6.0375111505589e-09	35223462	1652	1667	2232	3242	2020	1965	1185	1155	894	1095	944	905	944	563	393	596	511	674	322	536	319	241	1266
CAC->T	A->T	6142	1.46449166647181e-09	35223462	428	456	521	694	473	456	303	322	226	269	221	251	223	121	101	129	142	145	72	129	89	59	312
CAG->C	A->C	8536	1.5279297509728e-09	46920232	567	618	656	900	669	631	420	466	355	388	373	307	308	187	154	207	172	241	130	192	108	95	392
CAG->G	A->G	33671	6.02705279346357e-09	46920232	2242	2281	3074	4080	2627	2486	1490	1576	1217	1482	1339	1214	1239	799	588	823	704	907	484	714	399	323	1583
CAG->T	A->T	6775	1.21271369058584e-09	46920232	426	495	505	824	535	484	325	348	252	314	257	231	241	147	126	166	129	183	98	150	73	67	399
CCA->A	C->A	11519	2.22933153735124e-09	43395955	845	817	981	1374	823	798	549	600	383	523	455	431	433	279	178	258	219	312	144	202	147	103	665
CCA->G	C->G	8226	1.59202024709188e-09	43395955	554	584	645	890	597	558	362	470	385	367	340	300	288	179	157	250	152	228	111	169	88	79	473
CCA->T	C->T	34537	6.68412390880283e-09	43395955	2469	2354	2770	3821	2536	2344	1663	1749	1316	1593	1349	1290	1326	850	656	840	664	1008	474	781	434	316	1934
CCC->A	C->A	9976	2.83092332884004e-09	29596303	714	686	788	1125	757	714	440	482	398	459	400	362	328	225	205	280	195	269	162	229	91	113	554
CCC->G	C->G	9529	2.70407662394915e-09	29596303	686	751	693	870	657	654	470	496	467	456	347	344	315	243	200	306	212	245	168	237	113	128	471
CCC->T	C->T	31798	9.02342622398311e-09	29596303	2426	2196	2445	3297	2409	2117	1410	1666	1184	1412	1331	1209	1097	794	567	890	692	891	483	825	367	393	1697
CCG->A	C->A	3594	5.53163334816568e-09	5456747	261	256	305	479	234	263	170	165	109	163	113	123	139	86	48	108	80	103	52	67	34	54	182
CCG->G	C->G	3175	4.88673786322371e-09	5456747	243	229	262	345	219	233	153	142	120	138	115	116	105	70	72	119	77	57	82	65	41	43	129
CCG->T	C->T	66823	1.02849286372976e-07	5456747	5063	4592	5141	6879	4845	4695	3231	3163	2514	3256	2602	2531	2181	1621	1215	1830	1737	1792	1383	1677	847	981	3047
TCG->T	C->T	47567	8.4005946956819e-08	4755595	3453	3326	3796	5284	3544	3263	2281	2334	1695	2282	1886	1844	1706	1120	790	1114	1076	1293	782	1088	591	562	2457
TCG->G	C->G	3219	5.68493163861501e-09	4755595	196	204	313	403	218	229	151	145	116	144	123	108	113	64	66	91	79	87	51	64	39	37	178
TCG->A	C->A	2844	5.02266094446135e-09	4755595	170	183	251	359	192	196	135	149	103	141	104	94	109	61	39	72	50	77	58	62	46	29	164
GCG->T	C->T	55184	1.00105495741055e-07	4629823	3971	3820	4284	5884	4190	3958	2656	2585	2079	2562	2071	2054	1894	1255	1030	1504	1362	1436	1134	1327	705	747	2676
GCG->G	C->G	2575	4.67113024668773e-09	4629823	183	166	239	321	181	225	86	104	106	97	96	96	86	58	46	70	55	61	64	62	29	25	119
GCG->A	C->A	4679	8.48785181524346e-09	4629823	310	313	373	554	335	368	221	222	165	210	173	186	160	100	77	123	101	139	106	95	62	88	198
TAG->T	A->T	4060	1.08409990677265e-09	31453274	272	282	377	566	326	269	176	193	131	154	170	143	185	85	51	79	62	119	27	73	51	16	253
TAG->G	A->G	20233	5.4026092152047e-09	31453274	1335	1482	1844	2640	1537	1417	957	955	732	788	831	776	810	476	317	398	313	570	178	344	246	123	1164
TAG->C	A->C	3942	1.05259158435906e-09	31453274	242	285	375	501	311	284	175	213	167	164	129	140	153	99	53	76	54	105	45	84	46	29	212
GAG->T	A->T	5167	1.10119696597146e-09	39407836	352	367	427	587	373	368	248	254	210	223	210	214	202	115	85	126	85	140	78	126	59	56	262
GAG->G	A->G	15836	3.37498648212195e-09	39407836	1093	1076	1398	1932	1290	1152	727	749	596	658	640	603	548	337	258	379	298	418	226	327	165	167	799
GAG->C	A->C	5754	1.22629907919485e-09	39407836	389	410	509	652	439	383	301	286	224	265	235	201	219	132	110	141	90	158	76	126	66	49	293
GAA->C	A->C	7184	1.25075369168903e-09	48239596	446	541	614	1012	535	455	372	348	289	305	275	272	283	187	102	141	105	213	58	123	86	35	387
GAA->G	A->G	18949	3.29907178505225e-09	48239596	1249	1378	1674	2525	1498	1415	873	907	650	761	728	686	735	405	288	409	300	552	183	365	227	108	1033
GAA->T	A->T	5172	9.00459088727123e-10	48239596	334	380	459	604	401	381	226	275	206	214	215	197	215	136	71	101	85	129	49	92	63	34	305
GAC->C	A->C	3273	1.23359242227695e-09	22283502	218	252	290	473	295	249	141	137	132	114	131	105	108	68	54	74	52	75	36	47	25	35	162
GAC->G	A->G	13477	5.07947603881042e-09	22283502	908	930	1243	1761	1050	1000	545	697	470	583	507	468	500	300	193	278	243	353	152	269	151	101	775
GAC->T	A->T	5193	1.95723967274189e-09	22283502	327	368	428	634	395	360	236	270	213	225	201	186	225	128	79	118	77	148	59	105	60	33	318
GCA->A	C->A	13906	3.43838323520036e-09	33966991	931	1061	1158	1724	962	936	642	766	488	598	611	543	540	298	209	296	229	370	147	295	166	101	835
GCA->G	C->G	6565	1.62325513728537e-09	33966991	426	482	546	779	512	424	325	351	288	274	231	247	258	167	106	174	127	197	76	109	82	67	317
GCA->T	C->T	28009	6.92547648746778e-09	33966991	1924	2106	2313	3248	2073	1897	1325	1435	1056	1217	1144	1055	1000	630	466	667	485	788	375	582	350	262	1611
GCC->A	C->A	11197	3.5517234905664e-09	26477176	830	814	833	1146	801	736	536	606	446	564	475	412	377	249	195	316	250	292	161	275	137	117	629
GCC->G	C->G	7071	2.24294335998884e-09	26477176	532	495	545	741	521	488	332	368	277	326	272	270	247	177	146	238	176	163	104	160	85	86	322
GCC->T	C->T	29490	9.35432041946978e-09	26477176	2096	2100	2279	3147	2140	1940	1418	1525	1118	1445	1193	1110	1071	689	526	800	630	773	462	655	382	335	1656
TCC->T	C->T	34168	7.89376064858617e-09	36353375	2412	2423	2808	3697	2547	2374	1608	1760	1335	1546	1385	1282	1305	811	584	781	679	971	488	754	425	318	1875
TCC->G	C->G	9763	2.25552520522556e-09	36353375	654	753	800	1064	696	645	509	531	449	407	365	343	349	232	181	327	159	259	109	199	117	96	519
TCC->A	C->A	10255	2.36919092282988e-09	36353375	691	757	815	1129	782	718	493	545	399	447	420	368	393	256	165	261	198	293	128	180	107	94	616
TAC->T	A->T	3902	1.19628105409499e-09	27394487	265	244	356	518	314	278	186	206	140	165	154	138	154	86	62	74	58	117	34	61	41	15	236
TAC->G	A->G	21009	6.4409709547621e-09	27394487	1444	1458	1805	2828	1675	1466	1003	1000	801	847	781	740	904	439	325	402	303	566	183	409	270	119	1241
TAC->C	A->C	3802	1.16562290304182e-09	27394487	209	257	390	519	316	271	187	175	158	133	106	134	143	111	77	87	49	100	44	68	33	15	220
TAA->C	A->C	8442	1.3784148862969e-09	51436869	572	614	790	1156	631	609	395	458	327	339	348	280	346	231	122	147	97	220	62	114	103	38	443
TAA->G	A->G	25789	4.21084358004156e-09	51436869	1591	1925	2401	3440	2012	1789	1209	1373	970	998	948	946	1074	614	403	455	385	730	179	464	328	141	1414
TAA->T	A->T	11348	1.85290833092837e-09	51436869	706	768	1094	1664	881	812	515	546	416	460	386	374	483	254	187	214	164	299	122	184	129	67	623
TCA->A	C->A	11209	1.97941504558002e-09	47559703	726	767	1012	1453	837	805	539	580	429	454	414	430	456	235	153	231	151	302	106	214	144	75	696
TCA->G	C->G	11260	1.98842121627541e-09	47559703	742	838	903	1319	826	715	589	618	527	442	459	432	439	265	191	308	165	295	109	210	139	107	622
TCA->T	C->T	32119	5.67194503068826e-09	47559703	2095	2249	2742	4015	2411	2261	1594	1656	1291	1402	1289	1215	1262	762	564	679	501	930	360	588	344	230	1679
