Context	X1mer	Count	Rate	context_in_genome	chr1	chr2	chr3	chr4	chr5	chr6	chr7	chr8	chr9	chr10	chr11	chr12	chr13	chr14	chr15	chr16	chr17	chr18	chr19	chr20	chr21	chr22	chrX
AAA->C	A->C	11649	1.5868424412845e-09	94426158	821	978	748	996	779	748	615	628	535	560	528	461	609	333	202	266	211	357	130	221	160	83	680
AAA->G	A->G	19846	2.70344880159089e-09	94426158	1422	1610	1317	1609	1365	1317	1055	1062	1012	910	889	841	947	571	396	451	392	571	212	372	244	147	1134
AAA->T	A->T	6862	9.34750865490107e-10	94426158	477	555	442	557	472	483	336	384	328	310	348	260	344	182	126	157	128	211	62	127	85	38	450
AAC->C	A->C	3514	1.27729369343515e-09	35387385	242	302	209	323	224	259	186	170	162	153	179	163	142	125	66	87	55	95	34	61	49	26	202
AAC->G	A->G	15053	5.47157141925993e-09	35387385	1106	1218	978	1255	1017	1026	701	766	678	717	690	625	701	439	281	366	261	469	159	329	225	123	923
AAC->T	A->T	4329	1.57353568550961e-09	35387385	299	347	290	361	285	290	195	243	187	198	218	181	241	113	60	94	85	138	49	76	53	22	304
AAG->C	A->C	5255	1.39778819480287e-09	48358056	373	441	327	411	348	331	275	298	245	226	247	230	276	137	99	122	121	165	61	119	71	31	301
AAG->G	A->G	14282	3.79889838214551e-09	48358056	1100	1194	967	1128	966	956	699	755	694	660	656	628	636	403	308	357	264	399	160	296	184	99	773
AAG->T	A->T	3504	9.32036124565037e-10	48358056	250	289	230	283	258	215	205	184	171	142	196	153	169	88	70	84	54	105	40	58	43	24	193
AAT->C	A->C	5719	1.17544150072949e-09	62583026	390	478	358	463	412	375	314	309	293	256	245	211	297	150	118	112	104	208	68	109	73	34	342
AAT->G	A->G	36822	7.56812501134138e-09	62583026	2534	3088	2482	3059	2594	2488	1977	1926	1815	1699	1712	1488	1821	1093	649	869	632	1064	294	743	498	222	2075
AAT->T	A->T	7479	1.53717904947646e-09	62583026	528	588	512	633	547	481	379	409	358	315	344	286	396	195	126	176	113	231	76	114	87	54	531
ACA->A	C->A	10918	2.8620719750907e-09	49068188	746	945	728	927	765	740	532	601	473	500	539	434	474	304	200	239	181	299	127	203	150	72	739
ACA->G	C->G	8503	2.22899780217954e-09	49068188	583	725	516	671	571	578	462	525	460	368	420	319	362	265	142	238	167	219	102	160	105	60	485
ACA->T	C->T	34893	9.14693876413625e-09	49068188	2525	2871	2229	2735	2343	2330	1797	1903	1660	1642	1666	1462	1632	1016	657	858	619	1082	378	750	459	306	1973
ACC->A	C->A	13500	6.3764180841809e-09	27232936	964	1117	862	1052	876	888	693	740	599	661	638	575	597	379	229	367	278	377	219	309	157	117	806
ACC->G	C->G	4987	2.35549607302297e-09	27232936	335	393	292	392	312	305	273	307	291	216	239	197	220	155	94	155	95	124	76	120	66	46	284
ACC->T	C->T	22800	1.07690616532833e-08	27232936	1693	1882	1490	1662	1465	1481	1172	1161	1042	1124	1103	945	994	664	429	600	508	624	329	529	304	244	1355
ACG->A	C->A	2534	5.96234174194426e-09	5466725	193	208	149	190	157	164	116	128	92	144	100	101	104	81	52	92	48	90	42	63	46	29	145
ACG->G	C->G	1703	4.00705129697359e-09	5466725	127	151	97	116	85	125	97	83	94	86	70	53	65	47	45	55	38	51	40	37	26	21	94
ACG->T	C->T	54330	1.27835054001512e-07	5466725	4062	4660	3282	3884	3423	3348	2861	2787	2384	2893	2472	2326	2370	1525	1071	1568	1226	1699	835	1355	735	670	2894
ACT->A	C->A	6799	2.27026237822878e-09	38521791	449	560	456	573	436	434	353	391	317	306	371	266	325	193	135	182	122	170	78	119	79	42	442
ACT->G	C->G	8757	2.92406054510214e-09	38521791	624	727	552	664	630	522	478	516	508	388	406	340	369	240	191	273	153	264	87	155	92	62	516
ACT->T	C->T	25115	8.38618026610029e-09	38521791	1867	2037	1670	1965	1669	1723	1319	1385	1138	1182	1263	1006	1145	656	523	592	461	706	289	537	323	215	1444
TCT->T	C->T	24261	5.78950697999294e-09	53901965	1798	1945	1603	1919	1632	1582	1237	1280	1086	1113	1099	970	1091	709	427	608	469	698	284	582	333	225	1571
TCT->G	C->G	13535	3.2299153775279e-09	53901965	888	1208	934	1036	912	839	759	762	785	574	619	502	542	390	298	429	236	379	167	263	176	121	716
TCT->A	C->A	11654	2.78104424157445e-09	53901965	824	951	812	977	810	787	576	605	518	507	589	491	536	315	199	261	202	305	111	235	148	76	819
GCT->T	C->T	22770	9.01038401986683e-09	32505527	1703	1867	1375	1723	1492	1507	1126	1240	1011	1100	1125	987	961	634	405	550	423	719	278	563	317	199	1465
GCT->G	C->G	5251	2.07788873466494e-09	32505527	356	421	305	380	329	324	281	339	248	244	264	205	229	157	127	193	111	138	85	123	64	55	273
GCT->A	C->A	5505	2.17839982561998e-09	32505527	394	428	363	419	358	357	267	320	254	256	286	249	227	160	90	161	99	147	76	142	61	55	336
CCT->T	C->T	28584	8.92177167655018e-09	41210642	2228	2340	1823	2143	1842	1790	1480	1486	1279	1378	1344	1211	1147	807	565	752	604	851	442	698	364	300	1710
CCT->G	C->G	8011	2.50043076199424e-09	41210642	601	666	490	566	572	485	393	491	452	370	364	283	297	250	194	275	160	214	126	182	85	85	410
CCT->A	C->A	5966	1.86213580402667e-09	41210642	473	498	360	446	369	373	305	342	307	261	326	229	213	183	129	165	125	161	78	140	80	56	347
TAT->T	A->T	6964	1.71174500548239e-09	52330776	487	579	503	628	460	464	356	355	324	283	317	298	347	195	118	163	102	204	66	113	94	41	467
TAT->G	A->G	42912	1.05477314295319e-08	52330776	2916	3664	2896	3801	3109	2861	2215	2239	2052	1820	2033	1704	2215	1274	735	940	679	1375	325	779	596	232	2452
TAT->C	A->C	4492	1.10412960434045e-09	52330776	288	403	294	376	318	305	216	235	230	178	211	190	231	111	76	112	74	121	39	72	66	26	320
GAT->T	A->T	8612	3.39389782944184e-09	32639443	657	726	563	756	566	554	437	435	376	397	408	330	401	269	148	192	133	264	103	176	114	60	547
GAT->G	A->G	13398	5.28000965151669e-09	32639443	901	1108	905	1106	895	938	729	741	626	668	639	578	626	360	235	312	261	401	130	269	164	93	713
GAT->C	A->C	2740	1.07980492947871e-09	32639443	191	226	194	225	191	178	163	148	125	131	115	105	109	84	48	83	59	87	27	66	29	22	134
CAT->T	A->T	8894	2.53135898526092e-09	45194009	603	735	601	739	664	559	432	483	422	416	416	366	444	253	152	202	141	288	86	195	119	67	511
CAT->G	A->G	38919	1.10769013208196e-08	45194009	2707	3297	2536	3181	2675	2619	1986	2105	1801	1819	1782	1632	1870	1110	780	977	755	1205	419	825	490	300	2048
CAT->C	A->C	6865	1.95387670719768e-09	45194009	462	574	433	536	486	446	366	403	334	316	304	257	314	197	120	189	138	235	77	156	85	51	386
CAA->C	A->C	6648	1.83297884603048e-09	46652083	467	549	456	516	445	469	364	338	344	324	294	251	281	178	140	170	140	189	70	134	97	54	378
CAA->G	A->G	13688	3.77403947720596e-09	46652083	1035	1184	851	1041	911	922	729	735	658	620	652	576	641	387	263	334	239	428	140	283	181	90	788
CAA->T	A->T	3379	9.316539591963e-10	46652083	222	267	198	292	238	231	173	213	157	153	164	144	158	94	54	74	60	118	30	62	29	25	223
CAC->C	A->C	4769	1.74153723784929e-09	35223462	343	376	292	364	290	335	272	258	240	241	208	184	186	113	123	166	83	145	64	101	69	44	272
CAC->G	A->G	13720	5.0102518144878e-09	35223462	1073	1076	870	1001	874	921	721	732	668	676	624	554	612	374	274	383	319	435	193	300	183	144	713
CAC->T	A->T	3886	1.41908444249997e-09	35223462	299	304	234	262	254	255	206	230	170	214	191	151	155	109	83	117	79	113	38	95	43	39	245
CAG->C	A->C	5758	1.57851601141127e-09	46920232	428	497	361	423	370	377	313	310	295	270	300	230	234	193	126	168	119	147	74	119	62	56	286
CAG->G	A->G	18954	5.19610845437466e-09	46920232	1469	1565	1156	1402	1277	1216	1046	973	864	987	878	760	825	544	431	513	424	487	318	462	208	216	933
CAG->T	A->T	4247	1.16428577639175e-09	46920232	322	338	234	312	262	288	242	219	198	225	228	173	149	108	92	106	93	126	56	105	70	51	250
CCA->A	C->A	7749	2.2968566570768e-09	43395955	602	587	477	562	500	526	387	455	351	378	379	300	351	212	134	207	153	207	99	207	98	75	502
CCA->G	C->G	5774	1.71145313433494e-09	43395955	436	487	352	375	386	350	287	332	307	305	279	218	227	158	114	210	131	141	89	139	78	73	300
CCA->T	C->T	23061	6.83543829769624e-09	43395955	1817	1901	1462	1601	1508	1406	1136	1246	1062	1183	1127	939	906	663	499	639	552	682	352	554	292	253	1281
CCC->A	C->A	7278	3.16309377976678e-09	29596303	553	576	416	496	454	421	367	421	339	403	345	309	275	208	162	224	199	226	123	174	81	92	414
CCC->G	C->G	7192	3.12571729377338e-09	29596303	582	588	428	474	421	450	349	407	385	352	316	302	262	216	157	239	199	208	121	192	85	113	346
CCC->T	C->T	21634	9.40235927885058e-09	29596303	1685	1754	1229	1440	1371	1344	1062	1160	1006	1157	1037	828	879	602	478	653	539	632	388	552	281	290	1267
CCG->A	C->A	1941	4.57540137946837e-09	5456747	148	151	121	132	104	111	115	99	75	113	88	69	79	64	37	73	63	44	43	49	28	33	102
CCG->G	C->G	2035	4.7969818687368e-09	5456747	160	172	101	118	113	120	99	106	100	97	93	85	65	61	55	79	55	75	63	60	23	41	94
CCG->T	C->T	46427	1.09439546545378e-07	5456747	3770	3950	2609	2897	2710	2797	2551	2306	2136	2415	2106	1907	1727	1319	1036	1525	1368	1293	1021	1289	625	733	2337
TCG->T	C->T	33618	9.09294350565959e-08	4755595	2570	2825	1998	2344	2073	2104	1826	1716	1556	1875	1542	1404	1343	994	698	1012	782	959	608	823	397	439	1730
TCG->G	C->G	1758	4.75501061423926e-09	4755595	144	144	101	107	110	101	99	97	75	84	71	71	66	61	40	64	42	47	37	46	20	36	95
TCG->A	C->A	1826	4.93893593947719e-09	4755595	123	126	108	142	117	118	95	97	86	102	90	72	73	72	35	61	44	52	34	46	22	14	97
GCG->T	C->T	37763	1.04915482495759e-07	4629823	2900	3048	2142	2384	2338	2288	2061	1928	1693	1970	1713	1580	1502	1089	837	1208	1074	1070	810	1020	528	601	1979
GCG->G	C->G	1154	3.20611357148811e-09	4629823	84	91	68	86	71	79	80	51	47	52	49	55	50	23	31	38	24	41	20	30	14	10	60
GCG->A	C->A	2832	7.8680360783833e-09	4629823	210	247	146	207	149	184	138	138	125	140	121	129	140	78	55	89	74	84	75	89	39	48	127
TAG->T	A->T	2540	1.03873637473746e-09	31453274	173	237	172	222	167	186	121	137	132	109	120	82	107	74	50	51	38	67	24	42	43	11	175
TAG->G	A->G	12630	5.1650552806827e-09	31453274	917	984	847	1101	832	850	615	713	624	597	601	488	620	363	258	300	202	405	126	228	168	88	703
TAG->C	A->C	2615	1.06940772438522e-09	31453274	212	225	183	235	173	158	126	122	120	134	111	120	120	52	45	56	43	77	36	57	32	25	153
GAG->T	A->T	3414	1.11434177376383e-09	39407836	265	278	220	255	224	209	156	159	175	154	186	146	158	91	70	113	75	96	48	96	41	27	172
GAG->G	A->G	9457	3.08679852211029e-09	39407836	759	769	581	686	621	588	484	509	445	452	456	441	400	293	186	238	205	245	150	234	130	91	494
GAG->C	A->C	3652	1.19202582243278e-09	39407836	272	298	214	270	249	209	235	165	168	192	163	170	158	101	82	113	66	107	62	81	32	40	205
GAA->C	A->C	4289	1.1436413934038e-09	48239596	307	382	313	331	329	290	225	195	205	196	228	192	181	98	74	97	81	116	48	86	54	34	227
GAA->G	A->G	11288	3.00989136132948e-09	48239596	788	923	692	929	802	779	582	593	503	509	553	436	576	317	211	273	195	336	124	218	197	81	671
GAA->T	A->T	3695	9.85254126515984e-10	48239596	262	309	229	298	272	234	169	211	188	160	188	135	177	102	81	94	64	108	42	72	50	20	230
GAC->C	A->C	1683	9.71489595199282e-10	22283502	128	145	115	142	112	104	74	87	78	74	87	72	71	57	34	42	36	34	24	36	23	19	89
GAC->G	A->G	7916	4.56940679476977e-09	22283502	590	607	502	660	522	512	388	387	356	414	380	325	346	227	140	210	181	230	110	200	131	66	432
GAC->T	A->T	3727	2.15136168823988e-09	22283502	249	336	243	296	234	217	184	221	172	168	162	141	170	120	59	103	82	116	53	78	46	42	235
GCA->A	C->A	9508	3.60055607198680e-09	33966991	710	770	611	802	622	612	487	504	408	456	467	394	386	268	172	241	199	262	115	218	125	90	589
GCA->G	C->G	4122	1.56094784694253e-09	33966991	313	365	235	289	262	243	215	245	204	241	180	151	183	120	94	127	73	105	59	99	53	41	225
GCA->T	C->T	18785	7.11363544512747e-09	33966991	1360	1577	1160	1368	1255	1225	959	1011	869	917	937	748	805	522	380	500	390	551	260	462	222	195	1112
GCC->A	C->A	8385	4.07351093418133e-09	26477176	673	720	518	573	557	523	433	443	380	426	412	333	337	235	190	260	182	226	131	211	100	87	435
GCC->G	C->G	4591	2.23035047093936e-09	26477176	402	378	289	296	251	252	234	252	229	229	218	199	159	132	110	166	104	135	98	122	55	54	227
GCC->T	C->T	20319	9.87115905445803e-09	26477176	1539	1641	1268	1385	1299	1252	1012	1134	888	1050	1004	846	820	553	407	590	485	552	356	532	241	254	1211
TCC->T	C->T	24169	8.55167971747178e-09	36353375	1877	2023	1428	1764	1606	1553	1221	1267	1099	1193	1138	1021	999	758	495	648	549	694	332	599	273	274	1358
TCC->G	C->G	6814	2.41098703276316e-09	36353375	465	599	456	489	448	399	380	404	354	330	322	250	269	191	154	241	131	179	108	156	67	78	344
TCC->A	C->A	7633	2.70077253024379e-09	36353375	557	669	470	607	482	490	368	438	365	335	414	320	333	232	152	214	148	209	91	164	90	63	422
TAC->T	A->T	2546	1.19545355813882e-09	27394487	206	195	147	211	178	184	129	126	121	111	130	125	124	89	40	70	28	61	17	51	33	17	153
TAC->G	A->G	13554	6.3641702776958e-09	27394487	989	1105	904	1225	941	947	687	714	620	613	585	559	681	358	261	285	250	409	136	262	179	92	752
TAC->C	A->C	2062	9.6819530121062e-10	27394487	136	171	145	161	129	120	105	107	105	104	123	79	87	65	44	56	30	56	11	38	38	17	135
TAA->C	A->C	4992	1.24835335711914e-09	51436869	318	424	364	432	348	352	274	243	271	223	241	186	270	131	98	93	78	140	32	88	66	31	289
TAA->G	A->G	16621	4.15642651215489e-09	51436869	1204	1349	1102	1439	1253	1114	884	889	811	776	774	670	857	462	264	326	245	521	144	298	237	108	894
TAA->T	A->T	6475	1.61920833079856e-09	51436869	426	560	395	541	446	475	347	332	292	286	325	238	346	186	134	142	113	194	70	101	100	45	381
TCA->A	C->A	7484	2.02410075418263e-09	47559703	516	607	499	651	548	500	408	393	347	337	321	299	349	215	143	188	118	227	84	135	91	54	454
TCA->G	C->G	7394	1.99975961737391e-09	47559703	507	616	484	551	481	451	363	456	435	323	346	285	325	231	154	222	125	190	84	170	102	58	435
TCA->T	C->T	21593	5.83997963456247e-09	47559703	1607	1767	1394	1634	1481	1429	1055	1137	999	1014	1106	911	1007	647	428	563	438	665	263	433	246	169	1200
