Context	Count	Count	Count	Count	Count	Count	Count	Count	Count	Count	Count	Count	Count	Count	Count	Count	Count	Count	Count	Count	Count	Count	Count	One_mer
AAA->C	1989	2418	1875	2462	2145	1946	1622	1552	1331	1349	1375	1291	1328	791	603	710	510	890	393	538	370	215	1735	A->C
AAA->G	3562	4273	3154	4122	3518	3419	2856	2576	2187	2197	2386	2160	2246	1494	1057	1106	945	1550	627	996	643	366	2827	A->G
AAA->T	1260	1446	1102	1593	1327	1169	1041	995	808	781	856	800	818	473	360	406	296	558	252	344	224	129	1078	A->T
AAC->C	739	832	619	838	668	646	545	508	463	476	517	444	450	308	190	249	192	306	141	216	155	88	629	A->C
AAC->G	2701	2929	2330	3125	2604	2507	2044	1986	1574	1672	1772	1567	1693	1058	746	843	693	1187	425	857	504	289	2328	A->G
AAC->T	684	782	662	908	756	678	545	564	429	470	498	432	462	289	185	248	181	314	117	200	124	74	732	A->T
AAG->C	908	1038	772	1107	922	891	662	683	554	558	613	500	501	386	260	317	233	377	146	254	159	115	678	A->C
AAG->G	2718	3064	2319	2939	2562	2324	1966	1911	1600	1661	1731	1570	1624	1040	744	895	666	1110	487	866	466	316	2072	A->G
AAG->T	650	761	542	757	625	612	494	499	348	435	457	413	417	249	176	191	154	275	105	187	132	61	576	A->T
AAT->C	1056	1256	927	1347	1073	1020	827	802	675	665	677	637	749	397	263	280	255	460	168	295	203	109	886	A->C
AAT->G	6116	7434	5717	7151	6493	5797	4992	4756	4034	3875	4136	3773	4080	2527	1817	1995	1482	2790	852	1883	1119	616	4950	A->G
AAT->T	1269	1428	1224	1609	1369	1185	1027	979	755	780	846	774	865	482	319	398	278	597	205	369	251	110	1249	A->T
ACA->A	1780	2117	1637	2221	1825	1715	1389	1462	1121	1126	1288	1045	1129	749	450	600	418	740	286	527	354	191	1668	C->A
ACA->G	1437	1764	1381	1637	1488	1350	1230	1308	1054	968	1013	861	895	625	487	627	368	670	303	447	267	189	1272	C->G
ACA->T	6150	7089	5372	6960	6113	5649	4728	4673	3607	3946	4022	3644	3848	2412	1744	1980	1628	2714	993	1844	1120	760	4833	C->T
ACC->A	2078	2273	1748	2196	1928	1890	1450	1518	1176	1300	1410	1195	1137	809	591	706	518	826	462	669	320	254	1628	C->A
ACC->G	881	987	744	893	816	760	652	736	647	584	592	528	437	347	284	423	261	346	212	267	142	126	687	C->G
ACC->T	3877	4070	3037	3695	3367	3267	2674	2688	2048	2460	2290	2129	2149	1545	1043	1326	1077	1485	786	1303	577	560	2984	C->T
ACG->A	529	522	356	551	382	400	368	378	278	326	304	260	296	194	139	202	151	218	108	183	82	85	392	C->A
ACG->G	376	376	257	374	247	308	269	254	236	234	246	185	203	155	115	155	97	145	89	103	53	58	255	C->G
ACG->T	9082	10235	6998	8897	8020	7773	6921	6425	5075	6225	5685	5250	5066	3599	2454	3282	2846	3903	2033	3208	1528	1583	6667	C->T
ACT->A	1057	1288	1018	1340	1146	1004	885	855	728	696	779	658	646	461	350	396	249	474	180	349	191	120	977	C->A
ACT->G	1401	1801	1277	1651	1536	1362	1275	1289	1200	942	954	895	868	571	494	659	380	562	245	406	275	168	1320	C->G
ACT->T	4420	4851	3757	5033	4193	3970	3288	3090	2514	2730	2893	2534	2818	1786	1138	1339	1124	1866	741	1262	728	474	3579	C->T
AGA->A	3960	4298	3207	4302	3705	3637	2866	2769	2243	2533	2591	2244	2303	1503	1002	1240	1025	1628	640	1220	668	472	3199	C->T
AGA->C	2223	2841	2028	2468	2213	2116	1781	2028	1903	1513	1582	1313	1253	997	727	1063	613	918	414	740	377	310	1929	C->G
AGA->T	1867	2141	1787	2337	1939	1823	1443	1459	1113	1176	1256	1163	1189	803	466	580	453	809	286	566	362	198	1800	C->A
AGC->A	3858	4124	3132	4007	3493	3372	2758	2747	2099	2555	2528	2235	2160	1503	969	1252	1053	1588	707	1331	617	519	3023	C->T
AGC->C	912	1041	756	902	800	802	728	824	712	642	605	513	452	356	291	468	293	371	201	278	150	153	672	C->G
AGC->T	892	1058	843	1010	897	876	720	736	559	593	642	544	514	348	243	341	265	370	176	304	178	128	739	C->A
AGG->A	5066	5462	3967	5022	4264	4305	3578	3478	2724	3300	3162	2892	2740	1923	1348	1776	1448	2045	1056	1737	844	800	4013	C->T
AGG->C	1319	1505	1130	1218	1188	1131	1027	1088	1032	861	864	767	629	527	432	742	407	532	326	459	187	238	962	C->G
AGG->T	1049	1099	870	1136	966	876	817	790	620	676	730	593	593	392	293	406	288	421	210	362	170	138	833	C->A
ATA->A	1222	1443	1173	1579	1303	1166	989	941	762	687	786	751	856	488	268	340	283	545	161	306	211	100	1109	A->T
ATA->C	6830	8568	6581	8942	7518	6880	5574	5300	4553	4392	4794	4149	4992	2946	1930	2074	1662	3181	907	1918	1335	592	5922	A->G
ATA->G	879	1035	771	1049	929	834	708	632	513	506	581	491	607	329	213	237	181	345	100	240	168	73	823	A->C
ATC->A	1196	1404	1171	1566	1289	1184	954	953	734	777	861	727	745	523	278	392	284	545	210	369	213	129	1078	A->T
ATC->C	2345	2668	2005	2669	2290	2106	1812	1747	1417	1422	1586	1411	1468	973	622	797	558	1013	385	736	393	278	1935	A->G
ATC->G	559	558	427	573	490	473	394	390	323	339	353	299	296	213	158	164	120	209	103	152	88	68	402	A->C
ATG->A	1429	1682	1298	1666	1443	1335	1146	1163	865	942	966	834	931	561	402	469	326	634	215	453	279	175	1156	A->T
ATG->C	6890	7970	5887	7382	6599	6246	5096	4980	4234	4402	4486	3966	4263	2730	1955	2208	1801	2939	1159	2155	1222	839	5221	A->G
ATG->G	1074	1358	1012	1333	1153	1110	904	901	758	767	780	732	673	494	336	374	267	530	191	362	220	157	915	A->C
CAA->C	1119	1368	1048	1320	1147	1104	911	894	710	760	806	699	728	460	329	396	294	515	192	323	199	138	942	A->C
CAA->G	2695	2916	2269	2864	2438	2310	1963	1902	1575	1631	1684	1575	1624	1078	714	830	678	1145	496	836	396	274	2071	A->G
CAA->T	564	652	521	682	577	546	461	427	373	370	369	330	345	248	151	185	152	258	86	198	103	64	498	A->T
CAC->C	818	902	660	860	795	673	678	626	521	553	500	495	457	313	254	382	220	341	209	296	146	129	573	A->C
CAC->G	2808	3120	2133	2616	2540	2370	2127	1900	1618	1843	1713	1650	1578	1050	811	1012	883	1149	667	948	472	466	2087	A->G
CAC->T	710	801	578	752	628	575	529	537	395	481	429	455	367	257	185	251	222	265	138	258	136	118	497	A->T
CAG->C	996	1100	837	988	893	855	777	725	628	676	638	532	527	388	296	369	292	449	228	326	176	169	628	A->C
CAG->G	3849	4108	2966	3452	3210	3047	2744	2573	2142	2460	2394	2071	2059	1506	1062	1326	1238	1514	888	1278	620	622	2531	A->G
CAG->T	742	888	608	846	735	681	586	595	442	510	550	445	433	310	215	263	240	321	152	292	133	138	623	A->T
CCA->A	1392	1443	1054	1369	1125	1153	1079	924	768	866	853	780	734	544	354	477	359	574	261	414	231	191	1110	C->A
CCA->G	923	1027	842	960	834	819	709	788	704	620	627	512	503	359	304	437	289	386	226	308	137	175	791	C->G
CCA->T	4234	4477	3373	4155	3651	3596	3032	2897	2372	2679	2612	2374	2268	1585	1267	1500	1205	1608	886	1508	679	655	3095	C->T
CCC->A	1177	1258	898	1145	1027	985	843	790	722	818	799	653	554	466	376	499	347	449	297	413	186	210	927	C->A
CCC->G	1148	1344	865	950	974	938	861	856	758	722	725	633	563	474	365	526	379	432	292	458	168	256	737	C->G
CCC->T	3970	3999	2833	3284	3152	3033	2657	2782	2096	2334	2415	2106	1882	1460	1129	1429	1196	1467	893	1430	615	723	2758	C->T
CCG->A	455	463	266	382	311	305	299	281	219	262	241	222	233	148	115	188	165	166	130	162	75	104	297	C->A
CCG->G	409	376	248	293	257	248	313	251	221	237	228	199	179	162	129	181	146	114	153	128	64	95	226	C->G
CCG->T	8381	8340	5630	6702	6172	6123	5897	5282	4296	5484	4830	4646	3752	3092	2360	3230	3080	3112	2554	3052	1346	1821	5197	C->T
CGA->A	5639	5965	4069	5204	4721	4716	4170	3799	3018	3817	3429	3263	3043	2114	1570	2023	1853	2192	1422	2019	961	1016	3921	C->T
CGA->C	340	384	254	334	264	301	262	253	190	236	215	200	198	139	129	170	128	160	103	122	45	77	315	C->G
CGA->T	287	339	232	369	281	272	265	257	180	233	190	172	161	141	80	132	97	131	89	120	50	49	242	C->A
CGC->A	6774	6878	4666	5536	5227	5228	4946	4337	3639	4253	4004	3714	3189	2514	1922	2563	2411	2408	2125	2430	1123	1407	4432	C->T
CGC->C	270	292	182	215	194	217	166	197	186	155	182	151	164	108	99	121	101	110	106	102	45	55	181	C->G
CGC->T	542	541	374	529	430	437	377	388	298	385	362	291	266	219	154	234	204	213	181	199	98	145	345	C->A
CTA->A	472	516	398	515	479	428	334	326	262	293	308	258	305	172	93	144	114	195	51	137	81	45	424	A->T
CTA->C	2220	2597	1874	2458	2116	2014	1711	1544	1401	1377	1512	1325	1411	904	624	735	541	949	341	626	356	264	1927	A->G
CTA->G	441	489	411	516	453	410	347	334	284	299	288	260	296	193	113	144	105	192	77	156	75	57	367	A->C
CTC->A	600	689	425	578	548	491	428	415	384	393	391	335	336	220	164	229	148	230	138	181	82	98	450	A->T
CTC->C	1797	1966	1417	1760	1548	1442	1272	1243	1053	1152	1142	1027	949	686	505	641	529	666	385	641	286	314	1367	A->G
CTC->G	655	758	548	660	567	583	509	467	399	455	427	392	354	274	183	272	236	298	150	247	130	101	469	A->C
GAA->C	747	938	693	895	748	654	643	579	509	529	538	484	552	327	219	254	193	353	113	246	138	82	625	A->C
GAA->G	2072	2413	1810	2315	2042	1978	1597	1501	1190	1324	1423	1194	1324	833	612	640	505	903	329	644	332	238	1634	A->G
GAA->T	591	678	459	677	600	547	451	449	349	374	360	356	360	233	177	190	142	262	84	157	111	61	503	A->T
GAC->C	334	418	268	355	289	345	246	217	216	220	259	179	187	134	108	134	91	132	70	110	51	50	254	A->C
GAC->G	1438	1686	1204	1598	1361	1228	1041	1073	859	980	974	870	857	569	411	513	432	621	304	502	262	209	1242	A->G
GAC->T	587	607	494	653	576	550	457	454	329	398	339	337	320	230	154	221	138	251	104	200	119	74	528	A->T
GCA->A	1643	1939	1336	1874	1480	1409	1261	1263	908	1083	1120	950	924	622	445	524	408	630	312	580	282	217	1377	C->A
GCA->G	763	922	618	798	670	609	579	627	533	505	468	429	418	311	201	304	257	315	144	218	128	113	531	C->G
GCA->T	3123	3705	2703	3375	2931	2763	2386	2354	1920	2055	2190	1862	1840	1234	911	1204	822	1281	641	1101	560	516	2561	C->T
GCC->A	1344	1473	1058	1280	1082	1122	961	1011	788	924	827	782	663	533	375	533	424	477	340	503	218	237	1019	C->A
GCC->G	900	901	659	770	721	648	618	623	517	532	516	490	432	374	276	383	280	297	193	291	142	159	549	C->G
GCC->T	3540	3708	2681	3300	2943	2834	2488	2471	1959	2318	2283	1900	1801	1314	992	1429	1039	1388	881	1270	587	610	2596	C->T
GGA->A	3613	4002	2856	3629	3149	3022	2598	2573	2021	2307	2325	2083	2034	1404	1015	1281	1089	1418	733	1266	607	552	2642	C->T
GGA->C	1135	1364	907	1101	987	964	948	919	797	674	700	638	591	447	345	563	352	444	253	377	191	199	791	C->G
GGA->T	1152	1365	977	1239	1139	1063	925	862	721	823	806	683	629	463	315	473	308	495	231	372	204	201	930	C->A
GTA->A	424	472	400	552	461	395	338	338	244	281	281	242	262	160	114	128	87	224	67	116	67	48	372	A->T
GTA->C	2399	2631	2118	2842	2387	2176	1757	1709	1397	1458	1490	1377	1533	899	593	668	620	1047	402	694	416	250	1971	A->G
GTA->G	374	448	363	459	395	362	317	290	264	239	234	258	245	175	131	140	92	162	71	114	69	54	341	A->C
TAA->C	867	1038	864	1085	939	872	724	720	599	581	655	530	580	394	281	264	198	363	133	257	151	68	778	A->C
TAA->G	2610	3478	2494	3365	2863	2744	2165	2116	1708	1682	1700	1634	1912	1103	756	799	647	1217	412	791	514	251	2207	A->G
TAA->T	1197	1419	1045	1438	1262	1134	970	838	727	816	757	733	846	525	328	347	312	543	229	342	220	121	1040	A->T
TCA->A	1226	1389	1144	1544	1250	1176	1009	928	709	761	808	741	808	482	321	381	280	570	202	360	213	118	1124	C->A
TCA->G	1241	1491	1084	1412	1224	1073	1020	1024	958	736	904	758	716	484	390	542	323	483	247	395	220	175	1008	C->G
TCA->T	3630	4037	3093	3948	3326	3230	2794	2599	2166	2334	2344	2149	2212	1420	979	1192	940	1548	674	1102	542	458	2681	C->T
