Context	Count	Count	Count	Count	Count	Count	Count	Count	Count	Count	Count	Count	Count	Count	Count	Count	Count	Count	Count	Count	Count	Count	Count	One_mer
AAA->C	279	274	240	279	260	239	191	191	165	211	138	152	153	117	68	91	61	135	70	63	45	17	270	A->C
AAA->G	462	541	398	458	405	400	328	268	283	343	231	288	273	189	91	149	122	207	108	137	93	44	370	A->G
AAA->T	165	177	144	163	161	166	110	120	99	128	78	84	101	59	35	47	44	70	45	42	30	11	160	A->T
AAC->C	110	90	85	92	78	101	69	47	54	83	42	57	55	40	19	35	28	50	16	28	21	8	73	A->C
AAC->G	380	417	309	322	346	316	264	204	206	250	189	182	158	126	63	102	86	188	75	109	51	35	340	A->G
AAC->T	112	98	89	115	94	109	69	78	59	69	53	68	45	45	19	33	23	45	11	32	17	17	120	A->T
AAG->C	108	123	111	139	115	97	79	90	83	92	75	70	57	50	21	40	32	41	25	26	23	7	82	A->C
AAG->G	372	358	281	357	357	339	265	210	202	262	179	203	207	126	70	103	78	150	70	91	50	31	316	A->G
AAG->T	81	93	64	83	90	71	68	47	36	75	42	54	47	32	17	24	23	39	21	25	14	7	79	A->T
AAT->C	131	158	134	146	130	115	94	89	80	97	74	89	82	65	34	27	14	69	25	34	26	6	126	A->C
AAT->G	877	924	742	733	912	735	618	518	516	577	430	499	488	325	187	236	180	396	142	247	177	69	659	A->G
AAT->T	161	196	144	207	181	147	129	109	84	107	77	86	95	75	37	48	30	91	27	46	31	9	167	A->T
ACA->A	235	269	194	240	243	217	187	152	124	162	130	144	122	113	51	77	43	116	46	56	50	22	212	C->A
ACA->G	160	222	157	168	177	198	145	132	139	131	113	121	107	92	56	68	51	101	40	52	33	17	160	C->G
ACA->T	800	897	651	748	742	689	537	498	457	552	441	479	424	317	183	224	170	357	146	251	130	84	660	C->T
ACC->A	286	293	256	215	264	227	197	200	174	199	162	152	144	104	54	87	64	109	68	77	40	33	241	C->A
ACC->G	109	139	98	105	122	85	77	88	74	90	68	55	49	37	30	42	23	55	39	40	18	15	106	C->G
ACC->T	509	512	424	400	451	444	349	289	278	366	290	317	245	195	113	159	138	232	134	174	83	68	430	C->T
ACG->A	68	56	43	63	34	50	56	44	40	58	27	34	31	13	15	25	16	25	15	18	7	10	67	C->A
ACG->G	48	57	33	33	40	39	35	26	26	28	24	15	29	16	13	19	13	25	23	6	6	12	43	C->G
ACG->T	1231	1303	875	1018	1063	1093	869	798	655	938	665	656	627	494	287	433	346	577	339	406	223	189	860	C->T
ACT->A	149	154	144	148	120	147	115	87	82	111	90	89	86	63	23	45	26	63	28	43	29	12	143	C->A
ACT->G	189	236	164	197	174	199	134	134	154	151	106	101	106	81	40	52	43	74	35	54	40	19	177	C->G
ACT->T	560	622	458	537	550	506	428	338	332	434	307	363	307	232	116	154	150	258	129	152	81	51	535	C->T
AGA->A	520	580	443	514	540	449	389	351	263	388	292	313	305	218	92	184	113	203	100	132	93	48	472	C->T
AGA->C	286	353	251	267	284	277	231	208	232	229	169	197	142	107	85	140	57	147	60	82	49	34	276	C->G
AGA->T	263	252	220	273	245	229	201	162	140	174	145	138	144	93	48	75	49	124	41	59	48	21	251	C->A
AGC->A	529	504	413	421	464	417	328	305	265	392	276	300	248	188	99	176	144	226	114	156	71	57	404	C->T
AGC->C	122	115	101	103	106	115	84	85	75	83	64	63	61	35	20	50	21	64	29	44	13	18	95	C->G
AGC->T	104	117	97	127	111	97	86	73	78	79	64	72	47	43	21	39	32	43	28	34	24	21	106	C->A
AGG->A	667	644	506	567	538	506	424	410	338	487	362	384	305	259	149	240	166	306	155	208	103	82	525	C->T
AGG->C	156	180	136	159	180	159	121	124	132	130	90	109	74	65	37	73	41	67	38	61	19	25	130	C->G
AGG->T	129	108	123	113	108	106	109	87	88	97	97	75	71	47	30	49	39	65	35	44	28	19	116	C->A
ATA->A	168	186	169	164	165	145	135	97	89	102	91	87	86	44	35	45	25	86	18	34	36	6	162	A->T
ATA->C	909	1090	859	1015	949	879	709	631	611	678	482	525	585	392	194	251	184	457	157	232	184	67	825	A->G
ATA->G	121	109	88	115	127	105	90	80	68	82	54	62	69	43	27	27	28	60	21	20	28	14	111	A->C
ATC->A	166	180	169	169	160	179	150	125	108	139	100	94	94	61	30	39	31	77	41	43	27	16	140	A->T
ATC->C	314	333	254	276	292	264	227	190	170	238	181	200	189	133	58	99	58	149	62	91	40	24	288	A->G
ATC->G	78	52	64	62	67	66	53	39	39	66	26	36	45	25	12	17	12	15	15	19	12	4	57	A->C
ATG->A	195	210	165	181	205	161	126	114	105	146	101	108	121	70	34	66	42	93	38	63	43	25	176	A->T
ATG->C	985	965	787	837	854	813	637	597	528	675	479	531	514	340	193	254	216	415	151	268	197	92	691	A->G
ATG->G	138	156	140	143	152	133	115	102	85	119	89	91	86	62	28	51	33	79	34	44	33	16	113	A->C
CAA->C	147	161	117	158	140	137	98	102	95	121	94	87	96	66	29	52	35	81	35	36	29	14	138	A->C
CAA->G	358	370	305	288	349	266	238	207	216	255	162	226	174	144	69	99	72	173	91	102	57	37	302	A->G
CAA->T	69	84	61	86	86	59	52	47	54	47	44	37	44	41	15	23	18	44	9	17	17	11	75	A->T
CAC->C	118	102	99	86	94	89	96	71	50	83	69	42	46	40	21	39	28	49	32	29	25	14	76	A->C
CAC->G	389	383	295	278	294	323	244	220	208	279	190	213	199	151	78	122	84	171	116	117	60	53	245	A->G
CAC->T	99	107	73	72	73	87	64	54	45	72	44	56	51	31	21	33	24	35	30	39	12	10	84	A->T
CAG->C	126	147	94	121	121	110	96	72	80	96	83	65	67	53	28	44	39	65	40	35	15	24	89	A->C
CAG->G	510	500	380	369	425	377	321	289	276	395	250	324	253	177	100	195	160	211	167	164	73	64	383	A->G
CAG->T	93	98	81	97	126	74	72	72	59	89	56	47	49	47	23	33	27	42	21	27	17	13	101	A->T
CCA->A	191	194	139	160	146	151	120	106	89	139	96	89	67	54	43	65	35	90	48	37	39	25	147	C->A
CCA->G	134	136	118	122	103	103	75	80	85	87	68	75	55	50	31	53	18	60	25	42	28	14	102	C->G
CCA->T	542	535	392	440	451	441	374	312	290	420	278	295	239	187	116	188	135	208	142	178	78	73	400	C->T
CCC->A	146	142	119	122	134	133	99	94	90	143	62	93	76	60	28	56	44	63	60	70	24	32	133	C->A
CCC->G	157	152	116	120	139	137	100	105	95	108	72	89	68	67	43	68	46	43	38	65	34	29	102	C->G
CCC->T	515	472	399	407	429	356	318	318	249	411	318	245	217	195	119	197	148	195	144	152	91	72	363	C->T
CCG->A	50	55	38	44	31	47	37	37	20	30	15	29	23	17	12	24	22	16	18	16	10	17	47	C->A
CCG->G	48	56	33	31	30	45	45	24	24	30	27	41	17	18	14	16	17	18	18	21	6	11	34	C->G
CCG->T	1186	1015	766	782	814	817	766	646	532	858	560	607	457	383	252	404	354	434	400	364	170	238	671	C->T
CGA->A	744	758	562	584	640	615	544	441	425	628	392	425	386	296	199	246	209	336	233	232	122	100	488	C->T
CGA->C	35	49	43	38	32	32	20	19	30	41	26	33	15	21	7	17	13	26	16	14	6	10	27	C->G
CGA->T	48	35	24	41	35	33	33	24	25	34	27	26	24	17	14	15	12	24	11	24	14	10	42	C->A
CGC->A	893	824	614	669	722	692	653	479	456	686	460	506	414	340	203	341	282	314	296	370	142	195	615	C->T
CGC->C	39	24	22	21	21	35	18	17	23	34	18	20	14	13	7	12	14	21	21	9	5	6	27	C->G
CGC->T	73	73	40	53	51	54	49	41	29	62	38	49	45	31	18	20	19	35	26	28	15	13	39	C->A
CTA->A	58	58	65	61	65	57	36	37	26	49	32	36	37	17	15	18	9	27	7	21	6	5	63	A->T
CTA->C	278	310	267	289	282	285	209	193	168	202	173	179	145	124	83	111	65	150	59	88	42	20	251	A->G
CTA->G	47	63	47	68	51	48	53	35	40	41	24	30	35	26	13	14	8	30	13	18	17	6	54	A->C
CTC->A	72	79	56	76	71	59	57	45	35	56	50	50	48	27	20	39	21	30	15	22	12	7	65	A->T
CTC->C	246	256	178	210	214	193	175	124	130	195	125	141	110	80	49	77	63	104	74	55	41	29	173	A->G
CTC->G	97	90	71	81	87	69	62	57	48	64	47	50	44	28	20	22	22	42	24	33	10	19	51	A->C
GAA->C	93	113	102	107	94	79	74	58	48	82	60	64	58	38	28	26	16	42	20	42	27	6	93	A->C
GAA->G	288	294	247	266	275	255	183	164	144	207	143	156	120	107	65	87	47	139	57	80	54	25	227	A->G
GAA->T	70	97	71	77	78	55	56	46	54	58	37	42	39	33	11	23	11	34	27	19	12	8	64	A->T
GAC->C	38	51	27	53	35	47	25	25	25	29	24	29	16	16	18	18	11	17	10	18	10	3	50	A->C
GAC->G	207	190	168	180	156	164	132	116	118	147	100	111	89	77	32	59	45	78	51	73	32	24	175	A->G
GAC->T	81	88	70	86	70	60	59	59	53	73	44	47	47	24	14	37	14	32	13	28	15	8	74	A->T
GCA->A	187	189	171	192	176	156	146	125	116	136	118	123	99	79	52	63	42	102	36	65	32	25	180	C->A
GCA->G	85	105	86	86	90	90	74	57	51	65	45	47	49	38	23	33	25	48	18	30	17	17	73	C->G
GCA->T	426	444	327	370	391	372	290	236	251	350	244	262	204	160	104	126	105	189	90	139	83	48	373	C->T
GCC->A	214	193	153	148	145	151	114	101	103	157	96	93	80	69	50	73	43	68	63	56	31	28	138	C->A
GCC->G	115	128	68	78	87	84	82	61	58	93	50	72	55	67	23	47	38	48	27	35	22	17	69	C->G
GCC->T	474	445	343	428	384	359	363	294	254	384	268	248	225	157	100	154	130	185	163	163	91	60	366	C->T
GGA->A	584	558	475	468	455	480	384	324	317	436	306	337	283	208	131	187	145	223	134	203	97	76	430	C->T
GGA->C	155	158	118	125	135	118	108	105	97	93	82	76	80	58	42	59	40	62	39	55	25	23	118	C->G
GGA->T	147	157	135	134	148	148	119	111	94	125	81	95	85	60	31	52	42	73	39	37	27	27	128	C->A
GTA->A	59	61	50	61	57	60	34	42	34	42	33	34	33	20	11	20	9	32	15	17	15	6	56	A->T
GTA->C	333	307	282	284	298	260	223	196	175	222	172	177	181	120	81	99	52	167	58	80	49	27	284	A->G
GTA->G	52	52	54	58	46	51	36	22	30	38	34	28	25	17	14	19	11	35	11	15	8	2	46	A->C
TAA->C	127	136	102	116	135	120	80	87	72	101	70	58	74	48	28	43	25	56	19	23	20	11	111	A->C
TAA->G	372	433	361	386	373	373	244	227	207	257	172	206	222	158	79	94	76	165	53	110	59	37	317	A->G
TAA->T	163	179	139	152	161	160	104	118	104	114	68	96	110	70	31	43	36	70	36	42	31	14	151	A->T
TCA->A	166	166	138	141	152	124	109	110	85	121	83	107	93	48	34	52	26	94	29	49	35	21	168	C->A
TCA->G	186	198	155	162	164	133	138	128	117	112	88	101	91	77	39	56	41	70	41	39	30	16	134	C->G
TCA->T	464	491	472	461	478	414	352	331	288	401	269	280	239	178	94	168	105	235	92	129	61	46	377	C->T
