Context	Count	Count	Count	Count	Count	Count	Count	Count	Count	Count	Count	Count	Count	Count	Count	Count	Count	Count	Count	Count	Count	Count	Count	One_mer
AAA->C	1154	1308	1061	1281	1127	959	868	922	785	741	718	697	770	432	313	398	276	520	213	300	234	105	1066	A->C
AAA->G	2145	2353	1829	2284	1884	1719	1540	1521	1251	1337	1222	1200	1295	759	516	650	532	943	339	513	390	202	1698	A->G
AAA->T	740	797	646	854	676	627	541	643	438	449	424	441	491	258	168	212	155	319	113	190	111	59	645	A->T
AAC->C	424	476	344	443	371	340	335	289	257	290	263	232	255	142	101	140	113	178	84	122	92	50	374	A->C
AAC->G	1631	1661	1349	1723	1472	1279	1130	1164	909	952	960	851	948	552	361	489	380	699	215	507	282	169	1441	A->G
AAC->T	426	467	383	498	434	358	312	341	225	261	254	241	284	133	99	138	87	189	72	110	75	47	453	A->T
AAG->C	577	603	452	578	497	457	384	412	296	322	374	273	271	178	126	162	128	211	80	141	112	65	439	A->C
AAG->G	1604	1674	1362	1604	1417	1245	1136	1153	966	976	914	857	912	525	407	539	400	689	265	438	298	173	1271	A->G
AAG->T	382	441	333	422	352	319	276	316	232	251	232	223	233	112	106	113	81	143	57	96	80	41	342	A->T
AAT->C	636	730	541	728	507	528	483	485	365	401	357	358	437	214	151	157	150	264	83	167	148	51	540	A->C
AAT->G	3708	4062	3280	3950	3476	3073	2644	2839	2261	2266	2148	2150	2322	1258	925	1101	868	1661	460	975	681	342	3012	A->G
AAT->T	728	801	717	901	764	614	542	602	453	441	444	416	496	259	164	217	152	336	95	191	178	59	721	A->T
ACA->A	1050	1234	966	1215	991	945	760	874	619	650	731	623	637	371	251	349	213	468	140	270	220	106	1106	C->A
ACA->G	870	994	785	919	763	685	687	795	630	547	572	494	530	310	233	359	205	380	177	225	171	99	772	C->G
ACA->T	3635	3972	3082	3718	3334	2958	2638	2851	2036	2250	2170	2004	2211	1234	885	1139	826	1591	536	1045	666	431	2962	C->T
ACC->A	1270	1284	1017	1233	1033	977	851	955	652	786	755	691	672	430	312	417	319	521	228	363	220	136	1012	C->A
ACC->G	513	542	430	491	415	392	382	454	363	317	318	283	253	167	129	228	127	200	121	160	78	67	447	C->G
ACC->T	2391	2333	1876	2081	1935	1804	1557	1703	1283	1493	1286	1228	1260	817	549	816	648	943	455	688	402	304	1919	C->T
ACG->A	309	271	211	295	197	231	223	218	155	214	133	138	167	88	64	108	82	132	62	110	47	53	256	C->A
ACG->G	255	231	149	187	159	156	149	143	134	121	129	109	130	70	59	80	60	93	57	51	32	37	168	C->G
ACG->T	5506	5739	4029	4848	4401	4078	3919	4010	2911	3676	3073	2903	2938	1885	1299	1926	1601	2323	1071	1670	1000	836	4252	C->T
ACT->A	664	707	549	719	630	517	503	554	439	401	418	349	354	233	186	223	141	249	99	174	135	61	625	C->A
ACT->G	866	1013	697	843	829	673	693	781	673	539	509	509	500	300	250	344	194	349	128	240	166	94	804	C->G
ACT->T	2660	2739	2246	2785	2280	2069	1868	1996	1459	1631	1522	1495	1652	909	581	719	618	1063	417	715	465	227	2253	C->T
AGA->A	2473	2525	1981	2452	2104	1921	1677	1817	1309	1481	1421	1326	1416	837	524	779	596	965	366	668	414	243	2054	C->T
AGA->C	1331	1602	1181	1272	1204	1123	975	1198	1072	866	854	764	698	511	370	568	307	564	201	339	257	164	1123	C->G
AGA->T	1123	1146	1016	1236	1013	949	776	925	631	668	672	608	733	417	242	328	239	504	164	287	204	91	1088	C->A
AGC->A	2262	2285	1865	2177	1920	1791	1551	1637	1242	1475	1391	1318	1249	733	502	698	601	928	378	712	393	269	1889	C->T
AGC->C	549	580	434	479	448	411	376	521	377	357	303	308	288	172	150	267	165	216	99	155	86	65	410	C->G
AGC->T	537	589	464	528	494	440	396	430	306	323	335	273	306	179	113	197	121	206	100	165	102	76	423	C->A
AGG->A	2992	2943	2267	2695	2342	2179	1946	2101	1486	1834	1692	1656	1542	949	686	1029	847	1206	560	893	548	438	2442	C->T
AGG->C	772	828	629	680	643	606	578	628	583	510	453	419	372	282	251	362	233	280	169	241	120	115	565	C->G
AGG->T	609	576	500	607	512	445	440	501	349	408	398	343	357	191	159	224	173	249	112	202	128	77	490	C->A
ATA->A	727	752	682	829	704	614	539	561	393	403	394	396	488	234	151	187	154	301	85	155	150	44	698	A->T
ATA->C	4169	4771	3860	4949	4172	3524	3122	3259	2641	2573	2569	2372	2810	1514	1014	1175	891	1870	485	1070	796	316	3664	A->G
ATA->G	520	554	457	581	483	395	394	366	316	267	292	296	321	175	105	157	106	211	55	123	117	29	463	A->C
ATC->A	767	824	703	847	694	625	560	589	393	454	437	410	457	286	144	248	172	318	119	214	149	69	684	A->T
ATC->C	1389	1516	1172	1424	1289	1055	1040	1080	878	875	838	813	847	485	341	437	305	609	219	388	229	136	1190	A->G
ATC->G	330	318	248	326	269	232	205	236	180	205	195	190	181	114	102	105	64	110	53	82	55	35	253	A->C
ATG->A	847	942	743	926	767	665	614	717	475	514	489	484	515	294	204	282	178	372	117	239	206	84	746	A->T
ATG->C	4154	4462	3553	4094	3729	3216	2858	3105	2498	2589	2372	2281	2436	1458	1027	1253	996	1771	561	1195	763	436	3225	A->G
ATG->G	651	752	568	767	609	563	511	546	394	448	367	429	412	246	175	207	151	329	100	211	116	76	538	A->C
CAA->C	683	726	641	719	605	555	504	528	417	444	390	399	421	231	159	218	159	300	102	169	135	70	605	A->C
CAA->G	1631	1599	1360	1591	1385	1206	1055	1158	897	928	922	852	960	528	399	460	381	721	270	437	265	178	1260	A->G
CAA->T	341	373	297	396	320	272	218	273	216	224	203	171	204	114	82	96	84	154	48	100	70	34	323	A->T
CAC->C	493	504	395	474	427	322	384	367	279	326	259	259	280	179	119	216	126	204	117	169	91	66	362	A->C
CAC->G	1652	1667	1228	1466	1308	1237	1185	1155	894	1095	944	905	944	563	393	596	511	674	322	536	319	241	1266	A->G
CAC->T	428	456	338	357	372	328	303	322	226	269	221	251	223	121	101	129	142	145	72	129	89	59	312	A->T
CAG->C	567	618	456	521	515	486	420	466	355	388	373	307	308	187	154	207	172	241	130	192	108	95	392	A->C
CAG->G	2242	2281	1780	1899	1793	1527	1490	1576	1217	1482	1339	1214	1239	799	588	823	704	907	484	714	399	323	1583	A->G
CAG->T	426	495	347	451	405	372	325	348	252	314	257	231	241	147	126	166	129	183	98	150	73	67	399	A->T
CCA->A	845	817	638	766	625	601	549	600	383	523	455	431	433	279	178	258	219	312	144	202	147	103	665	C->A
CCA->G	554	584	432	524	467	423	362	470	385	367	340	300	288	179	157	250	152	228	111	169	88	79	473	C->G
CCA->T	2469	2354	1862	2282	1947	1809	1663	1749	1316	1593	1349	1290	1326	850	656	840	664	1008	474	781	434	316	1934	C->T
CCC->A	714	686	528	600	581	511	440	482	398	459	400	362	328	225	205	280	195	269	162	229	91	113	554	C->A
CCC->G	686	751	495	522	507	499	470	496	467	456	347	344	315	243	200	306	212	245	168	237	113	128	471	C->G
CCC->T	2426	2196	1697	1891	1819	1587	1410	1666	1184	1412	1331	1209	1097	794	567	890	692	891	483	825	367	393	1697	C->T
CCG->A	261	256	165	218	155	153	170	165	109	163	113	123	139	86	48	108	80	103	52	67	34	54	182	C->A
CCG->G	243	229	153	173	145	130	153	142	120	138	115	116	105	70	72	119	77	57	82	65	41	43	129	C->G
CCG->T	5063	4592	3190	3703	3400	3200	3231	3163	2514	3256	2602	2531	2181	1621	1215	1830	1737	1792	1383	1677	847	981	3047	C->T
CGA->A	3453	3326	2440	2922	2610	2415	2281	2334	1695	2282	1886	1844	1706	1120	790	1114	1076	1293	782	1088	591	562	2457	C->T
CGA->C	196	204	173	191	148	128	151	145	116	144	123	108	113	64	66	91	79	87	51	64	39	37	178	C->G
CGA->T	170	183	147	197	140	135	135	149	103	141	104	94	109	61	39	72	50	77	58	62	46	29	164	C->A
CGC->A	3971	3820	2662	3078	3031	2764	2656	2585	2079	2562	2071	2054	1894	1255	1030	1504	1362	1436	1134	1327	705	747	2676	C->T
CGC->C	183	166	114	115	104	103	86	104	106	97	96	96	86	58	46	70	55	61	64	62	29	25	119	C->G
CGC->T	310	313	217	273	230	248	221	222	165	210	173	186	160	100	77	123	101	139	106	95	62	88	198	C->A
CTA->A	272	282	239	301	258	213	176	193	131	154	170	143	185	85	51	79	62	119	27	73	51	16	253	A->T
CTA->C	1335	1482	1136	1357	1158	1057	957	955	732	788	831	776	810	476	317	398	313	570	178	344	246	123	1164	A->G
CTA->G	242	285	243	297	246	209	175	213	167	164	129	140	153	99	53	76	54	105	45	84	46	29	212	A->C
CTC->A	352	367	255	300	278	257	248	254	210	223	210	214	202	115	85	126	85	140	78	126	59	56	262	A->T
CTC->C	1093	1076	821	963	930	765	727	749	596	658	640	603	548	337	258	379	298	418	226	327	165	167	799	A->G
CTC->G	389	410	326	345	327	278	301	286	224	265	235	201	219	132	110	141	90	158	76	126	66	49	293	A->C
GAA->C	446	541	374	500	400	325	372	348	289	305	275	272	283	187	102	141	105	213	58	123	86	35	387	A->C
GAA->G	1249	1378	1053	1292	1118	1030	873	907	650	761	728	686	735	405	288	409	300	552	183	365	227	108	1033	A->G
GAA->T	334	380	311	352	327	305	226	275	206	214	215	197	215	136	71	101	85	129	49	92	63	34	305	A->T
GAC->C	218	252	151	211	188	169	141	137	132	114	131	105	108	68	54	74	52	75	36	47	25	35	162	A->C
GAC->G	908	930	740	892	728	661	545	697	470	583	507	468	500	300	193	278	243	353	152	269	151	101	775	A->G
GAC->T	327	368	297	370	313	265	236	270	213	225	201	186	225	128	79	118	77	148	59	105	60	33	318	A->T
GCA->A	931	1061	770	1010	771	749	642	766	488	598	611	543	540	298	209	296	229	370	147	295	166	101	835	C->A
GCA->G	426	482	350	406	382	305	325	351	288	274	231	247	258	167	106	174	127	197	76	109	82	67	317	C->G
GCA->T	1924	2106	1557	1864	1599	1456	1325	1435	1056	1217	1144	1055	1000	630	466	667	485	788	375	582	350	262	1611	C->T
GCC->A	830	814	598	698	624	599	536	606	446	564	475	412	377	249	195	316	250	292	161	275	137	117	629	C->A
GCC->G	532	495	343	386	372	346	332	368	277	326	272	270	247	177	146	238	176	163	104	160	85	86	322	C->G
GCC->T	2096	2100	1540	1883	1662	1490	1418	1525	1118	1445	1193	1110	1071	689	526	800	630	773	462	655	382	335	1656	C->T
GGA->A	2412	2423	1931	2191	2003	1867	1608	1760	1335	1546	1385	1282	1305	811	584	781	679	971	488	754	425	318	1875	C->T
GGA->C	654	753	549	619	545	481	509	531	449	407	365	343	349	232	181	327	159	259	109	199	117	96	519	C->G
GGA->T	691	757	583	672	614	570	493	545	399	447	420	368	393	256	165	261	198	293	128	180	107	94	616	C->A
GTA->A	265	244	223	286	259	216	186	206	140	165	154	138	154	86	62	74	58	117	34	61	41	15	236	A->T
GTA->C	1444	1458	1186	1575	1285	1096	1003	1000	801	847	781	740	904	439	325	402	303	566	183	409	270	119	1241	A->G
GTA->G	209	257	230	257	227	187	187	175	158	133	106	134	143	111	77	87	49	100	44	68	33	15	220	A->C
TAA->C	572	614	519	595	501	478	395	458	327	339	348	280	346	231	122	147	97	220	62	114	103	38	443	A->C
TAA->G	1591	1925	1586	1866	1577	1393	1209	1373	970	998	948	946	1074	614	403	455	385	730	179	464	328	141	1414	A->G
TAA->T	706	768	629	801	679	626	515	546	416	460	386	374	483	254	187	214	164	299	122	184	129	67	623	A->T
TCA->A	726	767	704	821	681	636	539	580	429	454	414	430	456	235	153	231	151	302	106	214	144	75	696	C->A
TCA->G	742	838	616	749	659	566	589	618	527	442	459	432	439	265	191	308	165	295	109	210	139	107	622	C->G
TCA->T	2095	2249	1826	2228	1902	1750	1594	1656	1291	1402	1289	1215	1262	762	564	679	501	930	360	588	344	230	1679	C->T
