Context	Count	Count	Count	Count	Count	Count	Count	Count	Count	Count	Count	Count	Count	Count	Count	Count	Count	Count	Count	Count	Count	Count	Count	One_mer
AAA->C	621	491	395	423	409	335	468	517	442	399	406	374	482	257	176	207	181	251	103	158	127	59	530	A->C
AAA->G	1108	848	666	614	680	639	838	879	791	712	710	653	743	451	301	361	293	477	166	326	192	119	918	A->G
AAA->T	344	291	232	205	232	240	255	300	264	252	264	214	259	149	86	135	103	170	50	106	89	41	333	A->T
AAC->C	203	148	108	149	108	110	152	137	124	135	134	141	130	100	49	53	53	83	28	49	34	16	153	A->C
AAC->G	863	649	466	539	478	474	551	597	537	545	508	486	556	359	232	286	217	367	146	263	181	98	732	A->G
AAC->T	217	169	145	162	144	135	146	189	128	161	144	135	171	107	65	78	66	93	31	59	49	19	268	A->T
AAG->C	315	228	164	172	160	153	211	216	180	191	199	174	214	115	76	107	91	125	40	95	53	23	241	A->C
AAG->G	869	596	476	440	469	449	577	613	551	484	520	508	521	336	230	291	205	319	117	242	130	93	625	A->G
AAG->T	195	132	115	114	138	125	151	138	126	106	140	121	133	89	56	67	38	86	38	48	41	21	164	A->T
AAT->C	309	241	178	200	186	193	240	226	234	220	196	169	209	119	88	90	81	144	48	89	70	28	242	A->C
AAT->G	2018	1565	1249	1253	1212	1146	1546	1542	1438	1329	1348	1200	1410	863	506	629	470	858	237	572	378	192	1726	A->G
AAT->T	430	305	247	267	285	214	293	321	289	282	270	234	299	169	111	147	92	186	60	94	79	43	434	A->T
ACA->A	586	483	333	391	339	357	433	503	363	416	411	343	396	254	154	183	133	229	92	155	112	57	568	C->A
ACA->G	425	385	244	266	267	277	330	398	370	319	303	249	270	187	124	187	136	179	75	125	93	57	421	C->G
ACA->T	1958	1404	1149	1088	1158	1147	1367	1483	1296	1294	1338	1139	1294	799	539	685	471	816	310	564	365	255	1646	C->T
ACC->A	806	556	430	429	435	379	552	576	477	532	498	472	478	296	188	291	205	312	160	239	145	87	660	C->A
ACC->G	287	235	166	161	139	154	220	245	223	174	186	178	172	111	89	125	70	106	63	92	54	42	238	C->G
ACC->T	1375	934	708	721	671	720	905	946	817	909	864	726	792	521	342	449	409	479	266	414	221	203	1109	C->T
ACG->A	153	98	71	70	73	69	94	104	68	117	78	84	98	66	39	72	51	63	30	44	35	23	115	C->A
ACG->G	105	69	57	52	30	46	77	68	69	57	48	56	57	39	36	41	31	33	26	38	25	24	79	C->G
ACG->T	3284	2364	1616	1579	1608	1540	2261	2220	1872	2308	2069	1801	1829	1249	894	1227	1007	1346	674	1093	561	528	2359	C->T
ACT->A	373	310	218	258	193	211	284	291	224	250	289	216	271	154	104	139	90	127	54	96	64	28	337	C->A
ACT->G	466	386	293	287	274	259	372	411	388	292	292	276	274	190	136	200	114	195	68	133	63	47	402	C->G
ACT->T	1450	1031	805	859	831	806	1001	1071	914	912	985	813	916	519	367	479	344	593	240	383	238	175	1184	C->T
AGA->A	1412	1029	792	803	809	769	955	1030	827	919	927	772	871	559	338	486	366	565	221	459	242	189	1263	C->T
AGA->C	709	641	479	452	407	402	601	636	581	467	490	406	406	275	248	349	195	286	137	231	122	94	601	C->G
AGA->T	664	497	408	449	396	368	482	498	407	402	444	375	436	264	166	228	140	250	92	171	117	61	648	C->A
AGC->A	1391	986	692	763	697	739	911	950	803	908	855	789	770	483	299	457	351	554	237	419	257	172	1281	C->T
AGC->C	293	258	167	160	167	168	228	260	194	202	228	172	181	110	120	154	97	93	64	90	48	44	241	C->G
AGC->T	293	223	183	190	174	187	211	229	169	234	216	189	181	100	77	126	73	119	55	104	51	40	266	C->A
AGG->A	1721	1162	932	937	881	919	1163	1225	1014	1070	1059	936	898	609	433	581	519	643	362	570	302	240	1366	C->T
AGG->C	465	359	255	258	227	238	322	376	369	299	273	227	241	191	139	230	145	165	94	144	72	66	347	C->G
AGG->T	370	240	197	208	220	191	236	262	236	215	248	185	179	134	107	134	99	125	69	113	57	45	294	C->A
ATA->A	410	277	268	256	261	243	293	286	258	232	243	231	290	148	109	130	73	158	46	80	77	29	412	A->T
ATA->C	2377	1789	1482	1556	1450	1341	1794	1777	1619	1410	1576	1401	1773	969	586	691	531	1050	256	631	487	181	1989	A->G
ATA->G	242	203	151	153	139	114	177	189	185	161	163	148	177	90	69	84	62	94	31	54	56	25	233	A->C
ATC->A	498	328	277	330	255	279	337	370	266	323	320	266	317	186	107	154	111	220	76	133	92	49	443	A->T
ATC->C	730	559	459	475	438	448	562	575	524	510	491	436	478	298	197	245	192	339	107	191	118	84	596	A->G
ATC->G	153	100	82	79	76	84	127	129	90	102	84	83	84	59	37	68	54	66	25	37	24	16	117	A->C
ATG->A	476	335	274	311	323	254	326	411	319	345	325	273	348	191	124	190	119	230	60	150	86	52	414	A->T
ATG->C	2208	1608	1363	1293	1222	1195	1629	1621	1500	1421	1438	1292	1485	875	617	716	567	940	314	644	402	245	1645	A->G
ATG->G	368	280	206	209	209	217	305	292	283	242	234	205	252	146	89	137	106	174	62	114	83	50	299	A->C
CAA->C	374	260	221	234	225	213	276	268	275	238	230	197	216	148	118	132	121	145	63	94	55	46	299	A->C
CAA->G	837	582	430	388	434	429	554	582	521	479	523	443	487	310	209	277	214	335	126	226	144	78	658	A->G
CAA->T	206	133	135	117	110	115	140	148	137	120	137	104	102	66	43	61	46	86	23	57	28	29	179	A->T
CAC->C	312	205	157	140	138	170	222	219	192	180	165	151	155	94	92	123	68	97	58	93	47	42	196	A->C
CAC->G	879	582	419	373	407	430	545	603	571	521	482	455	469	301	194	307	222	318	180	230	135	121	567	A->G
CAC->T	227	156	130	124	111	93	145	198	148	164	159	122	123	96	72	112	64	93	32	80	31	29	197	A->T
CAG->C	336	261	172	180	158	210	244	238	238	203	230	188	211	132	96	133	89	125	69	102	60	40	251	A->C
CAG->G	1206	820	591	574	588	549	814	790	714	798	691	639	675	430	337	425	361	406	275	344	173	167	800	A->G
CAG->T	255	185	123	134	118	168	177	181	148	167	169	136	122	93	69	84	86	106	51	71	49	40	205	A->T
CCA->A	440	306	244	248	262	249	315	353	288	304	299	249	244	181	113	177	120	147	76	152	86	58	397	C->A
CCA->G	354	262	178	170	157	167	228	278	238	254	226	161	162	134	100	168	107	119	67	94	59	57	236	C->G
CCA->T	1376	943	725	679	686	725	930	955	821	949	877	730	766	534	426	519	422	528	293	455	224	217	1034	C->T
CCC->A	448	325	203	219	213	204	282	337	266	312	262	256	208	168	123	168	149	153	94	129	72	88	317	C->A
CCC->G	495	331	203	207	181	189	285	329	302	297	261	218	207	181	131	196	132	171	92	134	61	86	283	C->G
CCC->T	1372	965	656	629	607	645	858	901	764	950	798	689	673	483	377	568	453	492	297	443	217	241	1005	C->T
CCG->A	136	81	66	64	45	52	93	93	58	84	72	57	74	49	35	55	55	36	40	48	30	32	84	C->A
CCG->G	117	78	49	52	59	51	84	83	84	95	83	46	50	51	41	64	39	44	50	34	17	38	78	C->G
CCG->T	2924	2054	1260	1205	1261	1293	2046	1941	1673	1937	1610	1599	1373	1034	827	1200	1096	1028	805	1011	500	617	1864	C->T
CGA->A	2156	1437	969	961	953	1010	1484	1326	1182	1472	1269	1144	1063	738	575	865	697	747	481	673	354	372	1455	C->T
CGA->C	115	93	54	52	55	54	79	83	61	69	59	63	56	49	23	52	39	39	27	38	15	19	81	C->G
CGA->T	95	67	46	68	61	59	71	72	70	79	60	55	61	49	31	47	32	41	20	35	20	9	75	C->A
CGC->A	2441	1638	1043	1038	1023	1109	1631	1561	1350	1584	1371	1266	1110	920	639	993	870	838	697	796	421	503	1640	C->T
CGC->C	68	43	31	36	35	40	56	50	51	49	49	42	37	22	33	30	18	41	18	25	12	6	47	C->G
CGC->T	172	124	57	86	69	93	97	102	92	112	100	95	113	58	46	67	45	59	45	54	31	31	125	C->A
CTA->A	128	108	75	87	85	90	106	121	107	99	91	67	73	60	41	44	36	54	11	33	35	11	137	A->T
CTA->C	745	510	436	435	398	385	507	574	468	476	491	401	460	302	198	218	173	309	109	173	127	78	564	A->G
CTA->G	165	111	89	103	79	74	95	93	98	98	88	87	102	43	27	49	35	61	30	38	32	14	128	A->C
CTC->A	197	146	111	109	120	106	147	130	139	125	145	120	130	69	53	79	59	68	36	66	34	28	142	A->T
CTC->C	568	383	295	279	285	265	370	408	380	348	341	328	309	217	163	167	151	197	131	185	91	75	416	A->G
CTC->G	207	142	106	117	107	107	170	143	125	155	134	124	107	66	53	90	50	86	40	62	37	34	156	A->C
GAA->C	249	210	157	133	136	145	164	176	166	150	176	154	138	92	61	76	57	80	41	64	37	23	193	A->C
GAA->G	627	469	341	367	396	368	449	440	406	408	455	370	439	242	134	219	163	262	107	171	134	70	558	A->G
GAA->T	223	154	108	125	128	143	141	176	150	121	152	113	134	74	54	69	56	79	32	65	39	16	184	A->T
GAC->C	96	66	61	52	50	63	60	73	55	71	72	51	65	38	33	36	40	31	15	24	12	12	60	A->C
GAC->G	495	283	264	280	236	236	309	317	266	338	290	266	264	169	105	181	116	171	89	156	95	48	379	A->G
GAC->T	218	172	115	130	126	119	169	176	136	141	125	109	138	87	50	80	61	84	47	68	37	25	197	A->T
GCA->A	581	411	308	359	313	281	392	375	317	334	362	313	295	209	132	193	141	231	78	170	104	73	484	C->A
GCA->G	245	195	122	116	115	135	162	187	142	187	153	126	139	95	71	95	63	90	49	73	36	37	190	C->G
GCA->T	1179	874	558	575	569	616	781	779	646	759	738	609	646	421	284	386	311	436	208	369	179	170	898	C->T
GCC->A	543	357	262	270	221	247	322	357	308	354	333	286	278	184	148	185	122	187	125	153	94	73	365	C->A
GCC->G	313	179	130	124	125	127	195	197	167	165	166	146	131	96	85	124	88	119	81	82	35	43	167	C->G
GCC->T	1218	842	605	649	611	666	803	900	716	841	786	681	645	432	329	471	400	431	288	405	202	210	963	C->T
GGA->A	1566	1067	735	720	717	775	969	1073	838	916	943	802	800	592	379	546	424	533	273	456	224	196	1157	C->T
GGA->C	400	296	214	210	202	198	302	320	309	262	227	209	190	145	121	216	112	139	80	130	50	73	255	C->G
GGA->T	453	378	240	255	207	232	312	330	304	280	316	247	251	181	127	164	125	176	66	146	73	62	326	C->A
GTA->A	147	107	84	105	93	76	98	99	94	95	100	90	108	70	20	50	22	55	15	34	27	19	133	A->T
GTA->C	771	522	473	483	452	450	520	573	528	491	499	443	553	248	204	258	195	341	106	193	138	66	634	A->G
GTA->G	96	107	64	73	58	65	78	80	81	71	77	68	69	67	36	34	26	43	8	36	27	12	118	A->C
TAA->C	267	208	186	163	166	146	205	216	187	169	184	145	201	116	87	93	51	114	32	68	59	23	253	A->C
TAA->G	935	687	541	579	591	532	680	648	637	575	581	479	622	375	222	272	218	410	109	248	181	87	710	A->G
TAA->T	381	291	204	233	216	218	255	227	215	211	244	204	239	144	103	111	95	147	41	77	74	36	296	A->T
TCA->A	389	335	234	279	266	247	317	321	271	267	262	238	282	159	118	152	89	167	65	116	73	47	370	C->A
TCA->G	401	293	229	235	216	201	292	352	314	242	281	227	252	182	109	197	108	171	70	135	74	46	325	C->G
TCA->T	1302	931	682	689	722	657	865	932	792	842	887	748	785	494	343	462	333	514	215	344	212	165	970	C->T
