Context	Count	Count	Count	Count	Count	Count	Count	Count	Count	Count	Count	Count	Count	Count	Count	Count	Count	Count	Count	Count	Count	Count	Count	One_mer
AAA->C	704	873	1283	1968	1051	908	528	557	469	476	523	410	477	307	198	235	210	302	151	175	119	72	710	A->C
AAA->G	1198	1510	2182	3185	1816	1659	889	916	828	814	829	768	832	551	323	409	380	538	214	362	203	125	1117	A->G
AAA->T	423	518	778	1185	663	557	324	336	287	299	293	253	324	171	89	146	117	152	92	119	75	34	416	A->T
AAC->C	227	311	514	792	382	410	179	182	181	175	174	151	189	100	66	78	65	108	47	82	56	29	259	A->C
AAC->G	924	1156	1570	2445	1352	1286	663	674	574	582	698	496	573	386	241	287	249	406	176	317	166	93	957	A->G
AAC->T	240	290	459	732	410	391	179	206	155	150	186	158	167	111	52	91	68	112	43	73	43	27	301	A->T
AAG->C	281	376	526	760	435	424	221	239	188	208	219	173	175	122	74	116	110	112	62	102	61	48	258	A->C
AAG->G	905	1128	1686	2426	1430	1306	669	680	587	614	661	554	544	368	240	337	256	367	189	290	171	112	860	A->G
AAG->T	207	292	409	635	352	317	149	182	132	161	170	141	146	87	62	75	55	97	41	63	45	22	233	A->T
AAT->C	357	449	649	1010	476	525	274	271	211	242	238	217	260	145	79	113	92	167	60	94	75	44	344	A->C
AAT->G	2151	2715	3643	5163	3197	2775	1575	1698	1532	1357	1516	1290	1405	943	577	659	555	975	341	630	385	221	1912	A->G
AAT->T	442	537	814	1274	712	559	322	321	279	293	295	223	300	179	103	139	118	173	73	128	91	33	474	A->T
ACA->A	615	804	1168	1805	945	953	458	524	414	389	497	352	396	299	131	220	138	264	98	174	121	50	671	C->A
ACA->G	498	664	946	1292	766	721	395	433	406	307	391	299	302	240	128	217	141	201	117	159	102	63	495	C->G
ACA->T	2064	2623	3788	5566	3137	2874	1466	1667	1331	1364	1564	1243	1300	839	518	721	594	877	378	661	379	289	1952	C->T
ACC->A	762	846	1083	1527	949	863	462	577	417	467	540	415	396	291	206	262	203	284	168	227	131	102	682	C->A
ACC->G	311	358	526	633	392	420	219	261	221	221	230	152	155	123	91	163	80	120	90	95	50	39	282	C->G
ACC->T	1350	1615	2028	2770	1713	1716	907	1013	792	876	923	765	783	587	353	478	471	563	299	469	243	206	1193	C->T
ACG->A	190	178	289	501	202	245	150	114	110	126	99	98	104	71	46	83	55	72	41	68	33	23	179	C->A
ACG->G	132	153	268	376	188	204	103	79	95	71	85	74	75	53	31	65	33	58	42	35	19	21	114	C->G
ACG->T	3200	3823	5075	7206	4625	4563	2269	2420	1848	2180	2280	1838	1907	1348	773	1251	1072	1292	794	1151	621	568	2645	C->T
ACT->A	389	446	698	1001	590	512	274	310	282	228	306	205	234	163	106	151	87	148	56	110	70	29	374	C->A
ACT->G	472	681	828	1261	748	666	381	439	411	332	363	288	334	212	173	215	131	180	79	162	92	43	513	C->G
ACT->T	1472	1817	2750	4086	2298	2035	1081	1164	954	962	1075	886	1022	674	369	461	440	566	288	449	255	162	1425	C->T
AGA->A	1411	1657	2290	3467	2077	1834	1044	1103	804	967	1013	827	884	601	315	470	409	541	284	448	275	152	1283	C->T
AGA->C	737	1004	1240	1760	1144	1008	623	678	722	513	576	475	430	361	240	409	217	299	146	249	164	117	741	C->G
AGA->T	630	745	1126	1601	897	840	480	482	422	408	517	361	400	306	154	205	169	260	118	169	133	73	698	C->A
AGC->A	1288	1517	1992	2980	1734	1637	902	971	783	884	954	798	742	567	299	437	414	487	274	444	205	179	1215	C->T
AGC->C	287	356	523	624	423	395	224	252	241	200	223	181	166	121	93	169	109	117	79	101	47	47	270	C->G
AGC->T	299	399	522	643	465	407	228	235	193	211	243	192	189	134	83	134	106	121	74	122	60	46	272	C->A
AGG->A	1733	1974	2487	3617	2194	2092	1083	1230	978	1165	1173	998	929	699	437	673	555	711	385	604	312	260	1564	C->T
AGG->C	428	552	668	821	608	547	341	359	384	309	287	271	248	198	123	245	144	175	108	167	77	74	390	C->G
AGG->T	357	380	580	860	527	479	266	276	234	230	271	231	216	131	83	139	113	146	79	140	66	57	331	C->A
ATA->A	417	517	802	1259	662	549	310	344	244	227	294	243	284	181	101	112	108	186	55	117	84	27	440	A->T
ATA->C	2339	3108	4445	6699	3694	3248	1781	1943	1697	1514	1859	1377	1782	1078	608	732	612	1051	371	670	474	233	2366	A->G
ATA->G	319	363	646	981	487	424	215	223	196	209	211	184	217	136	74	93	79	126	55	86	60	29	317	A->C
ATC->A	426	524	702	1059	672	578	346	362	307	265	327	234	263	166	103	145	103	165	67	122	75	54	448	A->T
ATC->C	796	958	1431	2162	1284	1093	564	602	505	495	602	496	541	358	202	277	221	368	154	253	151	78	823	A->G
ATC->G	177	225	323	455	294	244	150	126	118	116	139	114	110	74	44	65	44	62	46	63	23	18	164	A->C
ATG->A	507	620	760	1173	695	607	360	401	346	311	355	292	346	185	132	179	119	206	80	162	123	53	497	A->T
ATG->C	2373	2974	4203	6081	3676	3500	1730	1819	1550	1484	1766	1319	1594	1024	648	827	752	982	427	801	461	260	2063	A->G
ATG->G	391	489	717	964	580	576	282	325	222	296	318	236	234	182	86	140	106	194	68	128	75	43	333	A->C
CAA->C	398	510	720	969	610	570	273	316	239	269	262	247	271	186	92	150	117	176	74	111	79	50	375	A->C
CAA->G	955	1087	1698	2422	1448	1414	626	658	579	588	667	547	617	405	228	316	255	414	201	288	139	133	838	A->G
CAA->T	209	254	304	530	303	260	146	151	136	115	142	123	130	94	48	69	52	85	28	62	51	21	194	A->T
CAC->C	262	368	455	710	436	420	228	222	181	194	183	153	173	125	83	154	94	100	85	112	57	37	224	A->C
CAC->G	958	1175	1797	2574	1581	1554	695	663	587	662	650	574	582	400	251	361	308	367	255	371	164	165	835	A->G
CAC->T	244	306	410	580	338	361	184	213	148	146	160	146	113	95	50	90	80	84	55	92	43	36	198	A->T
CAG->C	352	419	480	658	476	404	248	282	227	239	266	178	195	145	98	144	121	159	84	123	66	62	244	A->C
CAG->G	1272	1558	2427	3209	2053	1965	851	932	764	888	944	744	758	529	324	519	468	546	347	474	230	180	1037	A->G
CAG->T	237	314	400	621	393	341	175	213	150	195	184	159	169	126	73	97	86	101	61	92	44	49	264	A->T
CCA->A	482	552	776	1039	615	612	310	353	283	293	332	233	256	189	103	161	142	185	91	158	88	53	421	C->A
CCA->G	318	399	490	678	445	429	242	245	246	216	236	168	196	137	90	167	81	120	95	106	58	45	318	C->G
CCA->T	1373	1524	2094	2776	1878	1764	956	1016	839	917	936	770	796	553	382	507	461	549	363	538	249	209	1157	C->T
CCC->A	392	479	610	873	559	530	266	303	231	293	276	235	210	177	117	180	133	148	129	137	66	69	378	C->A
CCC->G	418	499	511	676	491	483	299	317	285	286	259	213	212	174	102	218	150	146	121	166	77	66	268	C->G
CCC->T	1364	1464	1849	2451	1822	1555	876	1013	740	849	980	740	661	577	303	582	442	498	363	548	213	258	1107	C->T
CCG->A	133	146	242	360	201	209	102	116	72	85	75	71	79	62	37	56	55	70	45	42	21	43	126	C->A
CCG->G	130	139	206	258	162	176	98	101	76	80	81	65	67	63	30	62	61	40	59	44	26	44	86	C->G
CCG->T	2871	3080	3996	5187	3642	3631	1975	1957	1590	1950	1877	1534	1314	1133	752	1229	1153	1014	988	1082	518	623	2035	C->T
CGA->A	1927	2197	2930	4058	2616	2457	1385	1400	1146	1428	1375	1150	1084	786	520	746	750	812	599	732	360	319	1561	C->T
CGA->C	120	131	244	317	163	204	93	75	74	98	82	74	62	52	29	64	45	42	46	42	20	27	128	C->G
CGA->T	89	136	177	267	140	139	93	84	58	70	59	67	59	54	23	60	33	43	33	42	22	28	101	C->A
CGC->A	2321	2564	3312	4462	3066	2990	1609	1598	1284	1525	1505	1328	1145	871	610	979	903	838	818	927	407	484	1714	C->T
CGC->C	103	108	201	264	148	191	52	66	64	63	70	47	54	47	45	36	39	38	49	42	25	24	84	C->G
CGC->T	182	219	291	409	260	264	128	138	86	126	109	97	109	73	43	78	73	74	63	85	37	59	134	C->A
CTA->A	154	178	290	426	236	190	99	107	106	123	109	88	107	62	30	45	36	60	19	42	17	14	169	A->T
CTA->C	804	990	1439	2043	1166	1057	511	579	448	496	604	512	516	362	209	271	216	319	135	238	129	79	788	A->G
CTA->G	149	176	288	373	231	209	116	119	95	99	122	80	91	62	34	47	41	79	26	52	36	25	153	A->C
CTC->A	233	243	335	469	301	279	137	143	147	132	151	139	111	76	52	84	66	82	60	82	44	34	168	A->T
CTC->C	624	722	1102	1514	923	895	416	416	358	413	447	361	343	245	174	230	206	244	177	210	106	116	479	A->G
CTC->G	223	270	369	515	307	276	158	155	123	135	159	126	120	98	57	92	71	79	75	88	34	31	158	A->C
GAA->C	248	368	505	784	401	330	233	218	164	171	201	176	183	124	71	84	64	119	43	75	55	27	258	A->C
GAA->G	709	908	1243	1918	1063	1035	518	514	430	486	545	405	454	307	191	272	190	275	130	241	124	71	620	A->G
GAA->T	205	246	326	476	296	268	133	176	132	137	129	111	160	89	37	65	42	88	38	56	39	18	195	A->T
GAC->C	108	138	250	373	211	204	76	64	83	76	106	71	79	45	38	55	33	44	29	43	14	17	101	A->C
GAC->G	524	616	974	1389	823	774	353	405	317	369	371	300	286	218	128	193	158	201	123	171	97	60	492	A->G
GAC->T	194	202	333	472	302	248	145	159	122	135	148	109	123	84	54	80	49	80	41	86	43	29	200	A->T
GCA->A	538	634	883	1248	701	680	361	426	313	381	391	326	314	255	157	182	156	208	120	216	92	73	536	C->A
GCA->G	271	317	434	627	379	369	180	215	186	177	191	137	155	124	68	102	80	118	52	81	37	39	221	C->G
GCA->T	1142	1379	1742	2414	1540	1356	739	865	663	729	810	700	634	459	332	425	324	429	256	356	224	160	1034	C->T
GCC->A	485	539	640	832	622	530	306	369	294	340	348	221	244	188	102	193	153	167	117	179	83	74	403	C->A
GCC->G	293	334	426	595	407	377	212	217	212	173	177	179	136	139	80	148	106	101	56	101	48	63	245	C->G
GCC->T	1264	1361	1740	2319	1551	1460	851	921	738	877	911	650	600	517	316	487	397	441	347	447	260	213	1058	C->T
GGA->A	1458	1668	2135	2843	1936	1735	1004	1052	868	988	1051	849	862	574	387	553	455	571	343	535	243	210	1274	C->T
GGA->C	361	446	575	795	469	493	321	308	254	212	283	196	201	177	103	220	115	158	103	155	67	71	328	C->G
GGA->T	394	509	573	868	584	515	309	365	262	311	299	190	239	166	120	168	132	177	96	126	73	68	378	C->A
GTA->A	148	164	282	379	232	189	104	122	95	99	114	77	101	65	30	55	37	62	25	40	24	13	139	A->T
GTA->C	819	992	1376	2130	1209	1103	557	604	530	514	564	495	537	327	204	256	236	334	142	258	141	86	825	A->G
GTA->G	133	174	272	401	237	205	106	100	103	82	83	67	91	68	43	45	35	60	33	40	16	15	125	A->C
TAA->C	322	393	578	884	463	436	224	278	204	215	264	188	224	141	92	87	80	151	49	75	54	24	306	A->C
TAA->G	909	1338	1753	2603	1553	1334	705	755	640	619	641	561	661	423	254	282	243	425	150	286	184	82	864	A->G
TAA->T	400	486	854	1279	648	554	282	315	278	294	254	245	303	184	100	125	97	171	82	139	63	33	401	A->T
TCA->A	394	521	753	1071	608	579	302	354	246	272	305	247	270	177	102	156	106	186	67	128	84	55	449	C->A
TCA->G	416	545	695	1017	598	527	347	346	339	262	333	268	242	160	120	203	112	173	101	112	84	58	403	C->G
TCA->T	1241	1498	2141	3020	1792	1626	935	1043	801	800	886	722	795	520	341	440	357	537	245	409	197	169	1105	C->T
