Context	Count	Count	Count	Count	Count	Count	Count	Count	Count	Count	Count	Count	Count	Count	Count	Count	Count	Count	Count	Count	Count	Count	Count	One_mer
AAA->C	3573	2133	2656	2968	3442	2471	2834	2856	2413	2361	2336	2210	2387	1485	993	1256	902	1571	638	992	681	373	3010	A->C
AAA->G	6369	3670	4570	4914	5750	4268	4892	4744	4008	4050	4058	3732	4072	2593	1823	2006	1694	2714	1018	1745	1151	643	4856	A->G
AAA->T	2255	1256	1559	1921	2098	1461	1718	1757	1465	1408	1487	1345	1470	863	623	734	551	964	398	553	431	215	1866	A->T
AAC->C	1259	730	859	968	1068	827	941	900	825	806	809	738	820	519	358	425	346	524	219	362	239	150	1029	A->C
AAC->G	4877	2652	3250	3822	4202	3184	3536	3573	2969	2956	3059	2780	3082	1884	1277	1488	1205	2065	738	1439	901	504	3988	A->G
AAC->T	1248	685	895	1062	1184	848	933	1002	802	824	819	757	804	510	325	456	312	557	184	341	226	114	1216	A->T
AAG->C	1682	973	1158	1339	1478	1141	1170	1224	1049	1024	1035	930	998	643	457	564	420	675	254	459	312	191	1218	A->C
AAG->G	4754	2738	3187	3578	4045	2950	3401	3422	2910	2957	2977	2614	2904	1887	1364	1577	1247	1909	819	1362	845	524	3519	A->G
AAG->T	1156	624	760	891	985	765	804	895	696	737	778	684	743	446	295	345	265	468	174	286	233	116	969	A->T
AAT->C	1912	1099	1264	1585	1686	1270	1452	1479	1235	1186	1213	1103	1306	738	482	525	458	812	279	532	377	179	1571	A->C
AAT->G	10986	6773	8124	8771	10568	7490	8703	8682	7612	7057	7226	6511	7534	4703	3154	3545	2734	4928	1505	3174	2069	1101	8563	A->G
AAT->T	2220	1307	1727	1972	2251	1499	1770	1821	1426	1382	1439	1380	1569	874	604	707	531	969	324	616	437	188	2087	A->T
ACA->A	3253	1956	2273	2792	3002	2248	2515	2673	2149	2152	2285	1848	2113	1329	850	1110	778	1353	512	911	631	338	2975	C->A
ACA->G	2601	1743	1902	1977	2355	1725	2068	2363	2052	1708	1778	1531	1659	1111	819	1173	684	1114	505	754	493	344	2193	C->G
ACA->T	11145	6279	7400	8466	9869	7221	8182	8439	6888	7183	7052	6502	6980	4347	3107	3697	2886	4827	1751	3287	1993	1304	8532	C->T
ACC->A	3677	2151	2474	2812	3151	2375	2708	2873	2258	2448	2431	2170	2139	1414	1062	1399	970	1533	757	1197	646	480	2907	C->A
ACC->G	1552	949	1068	1067	1296	999	1197	1397	1266	1080	1042	901	836	622	519	796	473	610	365	514	282	235	1178	C->G
ACC->T	6919	3663	4257	4684	5312	4169	4737	4920	3948	4466	4058	3891	3833	2765	1897	2402	2004	2656	1369	2268	1135	1004	5210	C->T
ACG->A	857	486	488	633	576	501	647	661	510	572	510	478	496	338	232	350	271	373	192	300	157	144	674	C->A
ACG->G	660	350	346	411	408	368	446	457	414	385	397	330	349	258	192	274	169	247	158	176	112	102	438	C->G
ACG->T	16708	9500	9847	10696	12748	9629	12306	12020	9571	11415	10038	9443	9317	6504	4589	6098	5219	7152	3618	5780	2964	2763	11835	C->T
ACT->A	1975	1179	1413	1658	1830	1248	1538	1553	1352	1250	1373	1158	1224	780	635	705	487	860	313	551	370	230	1669	C->A
ACT->G	2611	1796	1861	2084	2454	1721	2142	2376	2197	1705	1697	1555	1648	1077	934	1189	634	1036	465	713	478	333	2250	C->G
ACT->T	8012	4228	5177	6018	6676	4977	5684	5772	4700	4963	4949	4420	4909	3148	2083	2421	1959	3250	1283	2255	1422	822	6186	C->T
AGA->A	7281	3841	4573	5491	6116	4629	5046	5133	4232	4594	4490	4032	4303	2677	1878	2359	1856	2847	1152	2070	1275	803	5681	C->T
AGA->C	4128	2762	3028	3067	3640	2685	3294	3758	3561	2737	2759	2362	2377	1770	1339	1954	1059	1633	752	1271	743	541	3320	C->G
AGA->T	3477	1947	2474	2911	3221	2308	2607	2678	2138	2189	2265	2050	2300	1432	921	1065	828	1459	511	988	639	344	3193	C->A
AGC->A	7008	3805	4378	5063	5545	4323	4717	5021	3954	4476	4381	3967	3964	2571	1780	2418	1950	2788	1239	2309	1217	948	5393	C->T
AGC->C	1724	1103	1107	1133	1326	1043	1322	1557	1377	1123	1045	952	901	654	570	875	496	657	367	509	281	261	1190	C->G
AGC->T	1682	1030	1109	1248	1447	1104	1256	1370	1032	1111	1108	972	935	649	478	648	466	709	306	570	322	253	1301	C->A
AGG->A	9333	5069	5587	6374	6916	5538	6380	6576	5216	6025	5593	5114	5045	3381	2457	3299	2628	3587	1863	3018	1613	1463	7050	C->T
AGG->C	2443	1574	1630	1623	1965	1409	1910	2066	1986	1602	1588	1352	1231	992	782	1304	718	924	532	769	377	416	1776	C->G
AGG->T	1905	1080	1238	1453	1573	1186	1443	1363	1140	1228	1269	1110	1087	701	505	716	553	751	379	609	307	256	1485	C->A
ATA->A	2147	1253	1584	1956	2153	1520	1707	1665	1399	1253	1412	1291	1568	865	541	620	486	955	287	543	419	178	1900	A->T
ATA->C	12555	7634	9302	10912	12279	8757	9741	9680	8642	7780	8312	7435	9039	5397	3451	3818	2942	5644	1546	3369	2464	1077	10169	A->G
ATA->G	1515	881	1048	1248	1477	1011	1201	1150	992	936	967	915	1068	606	382	434	351	616	179	390	291	127	1343	A->C
ATC->A	2192	1268	1645	1902	2048	1538	1733	1763	1373	1480	1466	1295	1370	920	520	707	514	940	327	652	438	233	1918	A->T
ATC->C	4229	2369	2864	3167	3672	2615	3212	3152	2709	2675	2731	2473	2625	1680	1156	1444	987	1704	684	1223	732	470	3263	A->G
ATC->G	989	519	610	681	756	578	665	674	574	598	595	498	530	362	254	288	229	375	169	269	167	117	707	A->C
ATG->A	2566	1543	1826	2146	2350	1695	1970	2023	1642	1661	1668	1505	1738	1009	694	869	597	1110	388	810	514	274	2055	A->T
ATG->C	12171	7016	8270	8935	10537	7637	9016	8944	7806	7826	7747	6970	7743	4898	3395	4059	3172	5312	1948	3751	2179	1416	8839	A->G
ATG->G	2027	1227	1448	1668	1862	1367	1593	1589	1386	1402	1387	1291	1276	830	613	704	496	927	332	630	379	244	1549	A->C
CAA->C	2030	1289	1451	1622	1837	1419	1604	1559	1315	1367	1398	1253	1316	785	570	690	543	910	360	568	355	231	1565	A->C
CAA->G	4758	2628	3086	3350	3983	2985	3348	3317	2828	2874	2909	2616	2915	1848	1234	1496	1236	1981	841	1405	756	529	3492	A->G
CAA->T	1038	571	724	801	955	690	799	772	686	673	682	599	671	446	287	338	295	433	159	315	196	97	870	A->T
CAC->C	1496	837	916	980	1188	867	1187	1163	948	1013	917	850	842	601	432	674	401	627	353	493	290	260	1052	A->C
CAC->G	4852	2709	2938	3107	3737	2920	3547	3372	2884	3183	2922	2741	2801	1819	1401	1757	1564	1950	1088	1616	826	758	3420	A->G
CAC->T	1268	736	863	897	982	691	928	953	773	853	763	715	710	474	348	515	378	494	252	420	264	202	938	A->T
CAG->C	1809	1046	1144	1229	1447	1101	1367	1380	1139	1196	1175	1022	999	676	543	699	529	736	373	595	327	292	1132	A->C
CAG->G	6593	3692	4030	4106	4903	3698	4704	4657	3971	4303	4056	3551	3595	2607	1839	2367	2060	2670	1457	2155	1155	1105	4346	A->G
CAG->T	1358	857	862	1030	1146	864	1032	1082	832	911	911	798	803	526	373	506	431	558	272	483	252	208	1030	A->T
CCA->A	2476	1372	1549	1712	1974	1467	1809	1766	1503	1531	1590	1353	1341	939	662	893	649	984	452	737	423	332	1974	C->A
CCA->G	1718	1085	1159	1212	1384	1035	1304	1441	1281	1146	1121	943	951	670	550	801	505	668	392	560	293	286	1328	C->G
CCA->T	7617	4213	4690	5130	5957	4540	5362	5436	4553	4897	4610	4307	4237	2918	2184	2826	2252	2949	1575	2656	1270	1135	5397	C->T
CCC->A	2171	1190	1334	1416	1642	1275	1500	1528	1327	1410	1364	1154	1017	871	667	888	646	823	474	727	359	418	1582	C->A
CCC->G	2135	1384	1211	1250	1527	1171	1597	1574	1443	1446	1242	1139	994	884	712	985	703	783	512	811	335	441	1348	C->G
CCC->T	7177	3699	4066	4253	5063	3954	4734	5070	4000	4445	4270	3739	3422	2603	1986	2685	2174	2523	1610	2508	1098	1230	4884	C->T
CCG->A	769	392	372	447	454	354	538	508	393	519	411	410	424	267	204	340	286	311	229	261	130	176	514	C->A
CCG->G	702	355	331	361	411	315	502	461	406	435	400	344	333	282	234	333	270	210	274	219	133	172	377	C->G
CCG->T	15320	8007	7646	8212	9741	7589	10720	9737	8453	10058	8716	8066	7157	5547	4303	6077	5576	5554	4515	5499	2588	3343	9399	C->T
CGA->A	10559	5483	5841	6277	7578	5955	7573	7014	5872	7137	6143	5910	5511	3818	2883	3845	3445	3915	2575	3658	1785	1856	7101	C->T
CGA->C	616	359	331	375	382	346	438	446	367	406	368	344	333	244	213	282	229	254	182	231	82	117	486	C->G
CGA->T	557	317	345	440	423	336	442	468	338	429	333	328	308	223	156	227	180	244	155	197	97	87	414	C->A
CGC->A	12436	6511	6348	6736	8211	6444	8737	8070	6822	8008	6957	6724	5912	4530	3547	4831	4386	4434	3681	4447	2028	2532	7905	C->T
CGC->C	443	265	245	253	283	244	308	309	311	305	285	240	255	179	161	216	182	165	172	167	87	105	300	C->G
CGC->T	973	537	531	599	639	547	675	717	574	687	581	500	512	355	273	413	364	376	289	340	175	234	598	C->A
CTA->A	825	417	549	668	753	544	574	602	511	503	546	449	527	297	188	241	185	333	115	242	139	72	721	A->T
CTA->C	3881	2270	2605	2955	3442	2552	2912	2813	2487	2435	2539	2306	2523	1612	1077	1251	973	1587	580	1120	654	421	3246	A->G
CTA->G	811	446	562	641	746	557	594	600	544	531	504	458	528	352	203	283	174	334	123	245	156	84	639	A->C
CTC->A	1093	645	662	685	867	645	778	777	689	723	691	590	630	427	287	429	269	418	224	336	163	156	747	A->T
CTC->C	3189	1813	1915	2087	2466	1842	2212	2293	1886	2031	2010	1793	1711	1254	900	1147	922	1178	646	1058	518	532	2287	A->G
CTC->G	1215	718	759	799	910	691	933	851	735	779	750	688	673	463	373	514	394	492	249	424	223	180	780	A->C
GAA->C	1362	871	992	1059	1174	846	1042	1046	939	925	896	861	941	558	391	451	333	566	190	393	229	148	1039	A->C
GAA->G	3692	2094	2490	2752	3303	2426	2679	2767	2196	2320	2390	2052	2358	1508	1023	1156	913	1531	536	1095	630	405	2772	A->G
GAA->T	1041	650	724	870	977	697	795	840	693	694	665	615	628	436	305	341	260	413	143	285	185	106	867	A->T
GAC->C	609	345	363	456	459	407	417	414	378	367	381	315	310	235	173	225	174	241	136	186	106	74	441	A->C
GAC->G	2616	1463	1640	1928	2138	1521	1777	1938	1558	1657	1636	1456	1460	1005	721	876	722	1061	501	858	453	348	2116	A->G
GAC->T	1061	622	686	800	888	695	765	815	637	673	636	594	606	400	299	408	267	457	205	345	206	137	912	A->T
GCA->A	3060	1769	1916	2423	2532	1842	2205	2391	1723	1978	1945	1692	1684	1156	806	988	767	1205	545	989	552	369	2410	C->A
GCA->G	1399	843	900	973	1110	832	1011	1123	987	914	840	760	811	547	397	582	417	551	245	415	215	198	958	C->G
GCA->T	5735	3388	3737	4081	4647	3536	4252	4353	3607	3769	3833	3324	3359	2207	1621	2237	1536	2281	1139	1928	1026	878	4401	C->T
GCC->A	2534	1475	1485	1611	1825	1477	1726	1946	1510	1686	1614	1408	1280	943	701	1000	810	925	586	912	437	442	1760	C->A
GCC->G	1585	869	908	985	1175	829	1114	1147	978	982	928	850	804	618	504	734	513	531	374	523	253	287	949	C->G
GCC->T	6431	3463	3695	4172	4713	3635	4487	4522	3678	4201	4036	3319	3310	2430	1800	2582	1963	2460	1498	2195	1044	1118	4573	C->T
GGA->A	6626	3597	4093	4475	5059	3950	4589	4687	3885	4246	4105	3776	3615	2556	1846	2351	1935	2472	1276	2177	1089	1045	4711	C->T
GGA->C	2009	1306	1367	1378	1618	1258	1683	1707	1543	1338	1276	1166	1133	806	686	1033	618	779	431	661	325	366	1403	C->G
GGA->T	2147	1281	1439	1576	1814	1403	1652	1623	1419	1479	1457	1202	1214	890	599	864	581	887	426	677	387	324	1705	C->A
GTA->A	730	444	575	628	743	514	589	594	510	494	487	405	516	302	196	260	159	376	117	216	132	72	671	A->T
GTA->C	4308	2347	2885	3342	3809	2744	3053	3087	2569	2655	2623	2417	2898	1636	1131	1231	1026	1856	638	1206	782	426	3441	A->G
GTA->G	679	402	494	536	602	471	539	552	486	415	370	420	451	293	217	257	149	285	110	179	111	82	568	A->C
TAA->C	1531	940	1159	1275	1477	1057	1236	1257	1120	1002	1113	951	1041	688	451	474	366	655	230	389	285	134	1325	A->C
TAA->G	4768	2913	3431	4005	4592	3437	3718	3692	3167	2984	3003	2768	3453	1943	1301	1446	1134	2197	706	1367	916	436	3713	A->G
TAA->T	2195	1224	1520	1719	2033	1508	1653	1594	1349	1459	1291	1280	1550	939	577	643	579	960	375	594	416	219	1761	A->T
TCA->A	2260	1301	1646	1934	2061	1545	1733	1742	1433	1437	1435	1373	1495	885	616	768	513	1031	359	655	425	232	1964	C->A
TCA->G	2220	1452	1570	1768	2051	1409	1822	1877	1790	1372	1544	1299	1341	905	726	1000	562	872	408	642	392	317	1758	C->G
TCA->T	6489	3766	4297	5006	5605	4148	4864	4856	4138	4190	4170	3809	4097	2527	1805	2244	1749	2777	1175	1982	1086	828	4704	C->T
