Context	Count	Count	Count	Count	Count	Count	Count	Count	Count	Count	Count	Count	Count	Count	Count	Count	Count	Count	Count	Count	Count	Count	Count	One_mer
AAA->C	3678	2172	2731	2975	3504	2471	2873	2806	2445	2387	2393	2214	2431	1419	981	1269	924	1585	661	955	670	384	3085	A->C
AAA->G	6476	3698	4606	4882	5826	4248	4956	4750	4138	4134	4162	3866	4169	2692	1866	2067	1744	2826	1076	1765	1212	654	5039	A->G
AAA->T	2296	1286	1596	1927	2140	1477	1739	1777	1463	1446	1500	1338	1494	883	585	727	549	969	402	551	410	223	1876	A->T
AAC->C	1287	777	879	971	1103	848	964	915	827	836	827	707	816	517	362	442	349	531	238	368	243	163	1066	A->C
AAC->G	5055	2734	3309	3836	4300	3178	3573	3520	2985	3044	3071	2798	3098	1879	1279	1505	1234	2131	740	1473	934	503	4083	A->G
AAC->T	1281	721	912	1093	1231	853	967	1008	784	862	841	773	834	519	328	462	334	573	198	338	217	125	1263	A->T
AAG->C	1693	993	1168	1349	1514	1152	1206	1226	1057	1054	1074	943	994	648	486	560	419	693	258	472	314	203	1291	A->C
AAG->G	4859	2732	3274	3629	4130	2968	3380	3449	2976	3038	3046	2630	2953	1819	1357	1607	1286	1959	831	1397	865	547	3581	A->G
AAG->T	1217	643	782	907	1005	773	793	866	695	765	799	696	735	470	299	361	273	486	178	290	241	117	1020	A->T
AAT->C	1965	1102	1307	1607	1747	1286	1450	1465	1259	1217	1208	1092	1304	711	485	517	447	818	280	518	391	195	1595	A->C
AAT->G	11456	6795	8361	8794	10811	7506	8795	8594	7655	7185	7401	6710	7600	4641	3152	3587	2755	5099	1608	3244	2072	1108	8870	A->G
AAT->T	2295	1313	1730	1957	2330	1506	1760	1810	1420	1451	1479	1380	1608	881	572	726	520	986	329	616	459	187	2133	A->T
ACA->A	3325	1988	2365	2823	3086	2223	2586	2646	2188	2103	2362	1939	2144	1361	849	1110	808	1409	534	929	660	349	3070	C->A
ACA->G	2654	1752	1970	1981	2414	1697	2163	2378	2078	1771	1823	1557	1673	1089	824	1204	710	1161	516	765	503	331	2272	C->G
ACA->T	11406	6360	7645	8589	10105	7153	8314	8326	7029	7317	7271	6568	7142	4436	3083	3765	2927	4901	1822	3340	2070	1338	8885	C->T
ACC->A	3859	2135	2497	2763	3251	2423	2739	2871	2258	2448	2516	2195	2177	1465	1069	1395	999	1531	823	1204	679	504	3055	C->A
ACC->G	1594	975	1084	1093	1314	1032	1261	1386	1219	1050	1052	901	822	633	527	820	490	596	369	521	278	246	1233	C->G
ACC->T	7131	3758	4376	4692	5449	4167	4822	4858	4003	4585	4160	3896	3881	2736	1917	2489	2038	2728	1399	2304	1129	1005	5374	C->T
ACG->A	892	494	468	637	603	525	671	662	524	594	541	474	496	347	220	390	271	374	207	307	170	139	691	C->A
ACG->G	664	343	359	420	420	352	464	442	410	393	414	340	338	257	187	269	179	246	173	184	106	108	458	C->G
ACG->T	17138	9735	9963	10799	12939	9574	12396	11853	9712	11587	10235	9673	9347	6432	4535	6193	5279	7208	3716	5811	3047	2802	12229	C->T
ACT->A	1970	1201	1468	1698	1883	1216	1545	1552	1347	1271	1400	1176	1243	783	620	687	478	863	308	573	369	218	1761	C->A
ACT->G	2638	1816	1896	2041	2475	1699	2247	2384	2243	1725	1756	1571	1612	1102	866	1250	647	1037	478	696	495	324	2286	C->G
ACT->T	8075	4308	5320	6004	6846	4958	5730	5749	4795	4945	5092	4568	4965	3165	2031	2464	1981	3365	1318	2272	1430	815	6425	C->T
AGA->A	7503	3953	4715	5542	6236	4644	5096	5150	4366	4700	4647	4095	4363	2727	1871	2372	1858	2936	1201	2160	1273	819	5878	C->T
AGA->C	4227	2834	3070	3121	3758	2679	3269	3820	3635	2771	2826	2403	2318	1751	1361	1998	1121	1651	791	1263	753	541	3476	C->G
AGA->T	3525	2038	2515	2926	3263	2355	2602	2644	2199	2239	2348	2051	2357	1425	901	1089	832	1548	514	988	673	361	3281	C->A
AGC->A	7258	3793	4529	5166	5711	4356	4864	5006	4093	4599	4547	4075	3967	2615	1798	2404	1980	2840	1224	2337	1240	962	5522	C->T
AGC->C	1714	1116	1135	1151	1357	1003	1351	1532	1428	1165	1093	974	913	657	575	927	519	668	395	556	271	264	1259	C->G
AGC->T	1697	1051	1135	1249	1491	1105	1265	1323	1043	1108	1160	997	981	647	482	640	496	699	325	563	314	247	1329	C->A
AGG->A	9548	5203	5678	6451	7109	5489	6461	6603	5291	6007	5683	5128	5026	3445	2455	3313	2727	3679	1937	3070	1633	1453	7308	C->T
AGG->C	2491	1614	1689	1655	2048	1438	1906	2068	1987	1605	1608	1413	1264	988	793	1360	731	959	561	814	373	433	1795	C->G
AGG->T	1952	1082	1255	1438	1616	1186	1483	1408	1184	1262	1301	1121	1087	707	512	714	530	783	388	599	319	262	1532	C->A
ATA->A	2202	1289	1670	1950	2225	1567	1746	1684	1463	1323	1483	1330	1594	908	557	640	507	987	299	561	435	175	2002	A->T
ATA->C	12954	7738	9514	11045	12531	8871	9861	9742	8702	7955	8583	7559	9118	5359	3428	3867	2986	5783	1577	3400	2492	1102	10442	A->G
ATA->G	1514	906	1071	1289	1452	1014	1181	1177	1013	946	1005	904	1065	587	385	445	347	657	186	384	296	132	1373	A->C
ATC->A	2270	1337	1689	1938	2059	1509	1742	1788	1379	1484	1572	1310	1401	937	542	718	541	979	347	661	440	244	1999	A->T
ATC->C	4182	2395	2973	3257	3768	2670	3248	3161	2751	2639	2785	2562	2618	1656	1155	1493	1016	1787	719	1255	770	466	3414	A->G
ATC->G	989	506	603	681	785	581	675	672	547	615	621	518	552	354	260	269	214	405	181	257	177	120	748	A->C
ATG->A	2669	1582	1885	2162	2369	1695	1982	2017	1630	1713	1759	1487	1669	984	700	912	624	1117	381	822	537	281	2052	A->T
ATG->C	12461	7205	8408	9015	10857	7652	9020	8931	7876	7973	7886	7023	7766	4869	3395	4115	3179	5284	2025	3753	2255	1440	9183	A->G
ATG->G	2064	1268	1463	1683	1948	1383	1600	1632	1413	1412	1400	1314	1239	862	576	727	515	928	338	619	389	251	1602	A->C
CAA->C	2102	1320	1501	1619	1928	1412	1585	1545	1362	1403	1401	1247	1352	833	586	714	527	918	362	607	343	245	1646	A->C
CAA->G	4820	2652	3246	3398	3975	2967	3418	3397	2909	2981	2967	2698	2932	1845	1246	1511	1272	2011	867	1442	751	518	3615	A->G
CAA->T	1056	570	736	837	975	668	835	764	691	676	699	594	664	435	269	360	277	451	164	312	210	111	907	A->T
CAC->C	1541	853	958	994	1237	851	1187	1183	986	1011	959	903	876	596	424	691	411	613	358	495	300	260	1128	A->C
CAC->G	4976	2815	2958	3129	3836	2850	3624	3344	2922	3241	3031	2816	2847	1845	1404	1802	1574	1977	1100	1603	864	789	3511	A->G
CAC->T	1301	778	850	894	993	697	932	972	773	880	761	747	723	464	358	483	377	499	251	429	248	205	963	A->T
CAG->C	1846	1060	1183	1255	1484	1079	1392	1369	1161	1229	1229	987	1020	687	562	712	530	757	398	586	334	299	1214	A->C
CAG->G	6754	3711	4134	4151	5033	3707	4698	4676	4030	4357	4208	3627	3675	2572	1884	2423	2135	2692	1522	2207	1172	1104	4449	A->G
CAG->T	1392	847	858	995	1146	856	1059	1064	861	929	975	833	785	518	390	512	426	558	283	504	247	224	1097	A->T
CCA->A	2532	1412	1560	1716	1965	1454	1883	1785	1518	1572	1583	1382	1329	956	661	927	640	1021	469	752	449	333	2065	C->A
CCA->G	1818	1107	1214	1205	1420	1044	1335	1431	1299	1172	1145	956	937	679	556	819	529	673	406	545	286	295	1352	C->G
CCA->T	7847	4300	4850	5189	6081	4572	5423	5434	4573	4986	4830	4367	4234	2974	2171	2883	2327	3010	1640	2622	1278	1162	5647	C->T
CCC->A	2232	1265	1373	1449	1693	1274	1513	1536	1393	1424	1388	1223	1032	880	682	894	653	829	487	770	352	403	1618	C->A
CCC->G	2164	1409	1297	1275	1550	1183	1590	1623	1475	1446	1346	1207	1036	849	708	1023	701	789	538	826	350	444	1416	C->G
CCC->T	7333	3824	4064	4262	5110	3973	4770	5033	4032	4533	4412	3840	3467	2690	1991	2721	2226	2610	1640	2579	1162	1263	5083	C->T
CCG->A	772	380	383	431	476	355	536	514	396	486	430	407	405	255	205	341	277	314	230	266	130	174	508	C->A
CCG->G	690	355	337	365	421	295	515	458	419	448	411	360	337	295	223	331	280	212	274	241	135	176	390	C->G
CCG->T	15468	8158	7851	8294	9943	7577	10935	9744	8568	10246	8914	8302	7084	5636	4297	6206	5731	5681	4608	5491	2647	3363	9580	C->T
CGA->A	10712	5538	5976	6396	7758	5870	7657	7043	6003	7201	6239	5950	5590	3815	2897	3880	3587	3980	2684	3651	1774	1882	7347	C->T
CGA->C	621	360	322	395	380	345	458	441	372	425	356	334	328	253	200	305	229	263	176	208	86	117	479	C->G
CGA->T	550	329	322	447	435	328	471	476	339	419	347	344	307	242	154	223	179	255	152	202	102	94	409	C->A
CGC->A	12665	6600	6560	6810	8337	6452	8969	8065	6930	8168	7120	6730	5919	4520	3535	4845	4474	4449	3734	4443	2091	2580	8166	C->T
CGC->C	465	276	236	243	296	243	313	306	328	285	276	264	270	181	166	219	182	177	185	172	88	88	322	C->G
CGC->T	1013	523	520	613	639	542	665	711	605	696	611	515	512	368	265	437	359	390	307	352	184	238	623	C->A
CTA->A	850	441	567	624	800	538	576	616	533	508	564	459	537	303	189	250	190	344	117	249	139	76	724	A->T
CTA->C	3963	2227	2636	2972	3422	2541	2931	2739	2540	2499	2636	2327	2506	1618	1072	1286	956	1636	607	1093	658	430	3352	A->G
CTA->G	831	440	564	645	766	538	603	626	540	523	526	457	528	339	211	288	190	349	130	255	154	94	641	A->C
CTC->A	1100	652	654	715	888	626	770	767	681	734	703	587	616	393	287	441	272	423	251	329	165	158	809	A->T
CTC->C	3287	1820	1979	2119	2531	1819	2292	2266	1934	2070	2025	1821	1725	1217	905	1146	939	1193	700	1068	521	521	2343	A->G
CTC->G	1267	711	785	798	923	697	937	840	752	800	765	702	675	486	367	495	391	489	278	441	218	184	819	A->C
GAA->C	1373	852	965	1064	1213	841	1052	1039	949	949	923	851	934	569	402	452	346	602	190	381	236	141	1075	A->C
GAA->G	3774	2137	2538	2753	3376	2469	2676	2761	2285	2374	2439	2102	2363	1532	1015	1196	913	1568	575	1070	623	420	2911	A->G
GAA->T	1054	648	723	889	982	679	791	836	712	678	678	627	665	445	310	351	268	438	151	293	191	102	891	A->T
GAC->C	582	368	358	449	464	416	413	451	376	373	413	333	314	227	176	231	174	252	126	189	103	84	474	A->C
GAC->G	2698	1493	1722	1908	2155	1528	1836	1925	1563	1676	1673	1480	1499	990	691	869	723	1124	512	856	465	365	2172	A->G
GAC->T	1062	617	720	814	950	677	778	817	632	687	665	615	620	375	299	418	265	465	206	369	209	135	961	A->T
GCA->A	3146	1765	1941	2414	2559	1916	2242	2352	1731	2011	1996	1791	1712	1158	810	1039	797	1234	535	1024	527	362	2504	C->A
GCA->G	1407	884	878	959	1136	818	1066	1133	1011	929	842	796	818	552	396	599	420	571	254	430	228	192	992	C->G
GCA->T	5768	3484	3796	4076	4817	3487	4322	4433	3668	3858	3865	3401	3379	2241	1663	2228	1569	2315	1133	1953	1046	875	4592	C->T
GCC->A	2581	1470	1581	1664	1867	1476	1742	1917	1536	1771	1646	1442	1296	936	703	1024	802	941	613	922	449	428	1831	C->A
GCC->G	1659	890	942	1001	1188	817	1113	1180	991	1003	984	887	783	630	503	762	527	569	371	530	258	293	984	C->G
GCC->T	6586	3609	3823	4188	4861	3610	4580	4464	3733	4285	4148	3361	3307	2404	1775	2613	1989	2562	1549	2249	1074	1118	4811	C->T
GGA->A	6809	3718	4140	4472	5185	3995	4643	4697	3933	4290	4162	3798	3645	2534	1809	2413	1990	2554	1324	2233	1091	1042	4860	C->T
GGA->C	2072	1396	1374	1435	1661	1273	1671	1741	1538	1328	1294	1170	1149	829	702	1082	634	801	475	663	323	344	1459	C->G
GGA->T	2204	1346	1504	1600	1870	1414	1648	1660	1425	1501	1501	1275	1236	904	581	866	590	920	436	696	389	341	1771	C->A
GTA->A	765	463	570	665	765	513	589	589	492	489	491	435	498	298	190	249	169	375	117	209	143	78	717	A->T
GTA->C	4423	2372	2968	3395	3858	2705	3061	3123	2598	2651	2698	2487	2884	1637	1164	1249	1060	1874	660	1224	780	426	3585	A->G
GTA->G	689	396	488	546	606	455	530	555	486	421	417	408	453	305	208	255	155	297	127	179	116	83	598	A->C
TAA->C	1560	930	1225	1286	1528	1060	1247	1259	1114	1017	1148	957	1060	688	480	506	358	673	229	421	283	137	1361	A->C
TAA->G	4882	2981	3527	4130	4717	3346	3817	3740	3137	3024	3031	2876	3476	1985	1287	1460	1154	2223	707	1390	940	424	3849	A->G
TAA->T	2236	1239	1570	1747	2064	1473	1677	1572	1400	1426	1306	1308	1568	924	575	631	590	996	389	591	416	218	1815	A->T
TCA->A	2309	1310	1618	1955	2117	1517	1806	1697	1409	1441	1501	1337	1481	866	612	735	525	1070	372	654	419	240	2012	C->A
TCA->G	2219	1484	1662	1758	2072	1417	1842	1869	1802	1398	1555	1335	1288	887	713	1031	584	880	446	642	396	314	1824	C->G
TCA->T	6733	3824	4403	5146	5756	4151	4899	4862	4201	4337	4265	3915	4162	2551	1817	2303	1757	2841	1219	2018	1120	812	4911	C->T
