Context	Count	Count	Count	Count	Count	Count	Count	Count	Count	Count	Count	Count	Count	Count	Count	Count	Count	Count	Count	Count	Count	Count	Count	One_mer
AAA->C	4032	4305	3596	4643	3677	4158	3006	2791	2891	2639	2624	2386	2707	1683	1233	1301	1080	1676	893	1116	829	571	3161	A->C
AAA->G	6919	7057	5649	7231	5693	6854	5105	4620	4422	4541	4238	3898	4187	2823	2000	2314	1936	2876	1546	1969	1389	962	4914	A->G
AAA->T	3225	3466	2768	3745	2802	3341	2430	2267	2139	1932	2026	1863	2116	1229	903	1013	831	1431	657	846	726	402	2513	A->T
AAC->C	2041	2038	1763	2281	1824	2031	1506	1401	1365	1336	1317	1070	1288	804	574	663	566	834	419	569	398	297	1490	A->C
AAC->G	4273	4304	3592	4863	3777	4366	3115	2900	2742	2766	2614	2326	2671	1713	1180	1294	1094	1778	768	1202	846	564	3039	A->G
AAC->T	1278	1447	1139	1600	1180	1344	975	915	886	880	848	709	859	563	345	409	273	543	204	344	281	181	1113	A->T
AAG->C	1241	1426	1010	1399	1112	1248	967	912	882	806	777	696	805	542	389	447	298	522	217	310	262	178	851	A->C
AAG->G	5894	5786	4562	5867	4825	5836	4183	3668	3688	3751	3340	3156	3371	2248	1697	2028	1583	2229	1232	1748	1137	916	3901	A->G
AAG->T	1407	1517	1284	1761	1269	1509	1046	1000	933	937	907	743	948	597	386	471	337	600	240	445	319	238	1039	A->T
AAT->C	1581	1784	1479	2029	1464	1794	1241	1157	1195	1107	992	908	1100	704	451	515	335	712	253	432	381	211	1307	A->C
AAT->G	8036	8987	7448	9662	7527	8629	6014	5575	5727	5230	5143	4557	5429	3457	2253	2519	1812	3463	1201	2072	1641	970	5702	A->G
AAT->T	2857	3070	2498	3471	2628	2846	2084	1993	1815	1738	1778	1667	1944	1113	713	910	696	1253	556	686	668	354	2377	A->T
ACA->A	4773	4867	4041	5112	4091	4767	3602	3094	3193	3024	2957	2618	2911	1933	1326	1597	1296	1930	1077	1225	939	613	3800	C->A
ACA->G	2964	3259	2529	3223	2652	3127	2340	2286	2202	1993	1961	1684	1752	1317	1003	1165	669	1207	621	830	632	464	2373	C->G
ACA->T	11028	11713	9927	13380	10089	11890	8373	7332	7382	7032	6952	6385	7461	4732	2923	3521	2501	4859	1851	2860	2228	1388	8737	C->T
ACC->A	2690	2716	2286	2837	2360	2730	1952	1917	1748	1748	1771	1550	1546	1100	802	942	669	1054	528	774	565	412	1981	C->A
ACC->G	1315	1495	1128	1364	1088	1315	1002	1112	1015	910	824	708	725	567	480	626	366	529	290	403	310	236	962	C->G
ACC->T	4970	4897	3868	4970	3893	4856	3405	3190	3144	3284	2940	2663	2703	1934	1407	1671	1287	1940	975	1367	1039	918	3205	C->T
ACG->A	1047	1051	858	1148	902	996	754	709	628	684	648	541	622	413	303	366	272	451	198	279	239	149	672	C->A
ACG->G	981	1012	769	1030	854	868	749	762	744	685	656	550	550	435	345	458	292	423	281	329	198	220	702	C->G
ACG->T	13023	13708	10703	13339	11171	12696	9635	8667	8439	9011	8054	7582	7844	5395	3823	4529	3532	5775	2736	3986	2458	2275	8329	C->T
ACT->A	1684	1794	1548	2067	1557	1772	1303	1207	1233	1065	1048	926	1081	722	480	538	341	743	273	407	348	206	1274	C->A
ACT->G	2136	2355	2002	2542	1966	2262	1720	1785	1828	1415	1422	1208	1347	941	736	915	497	907	369	574	437	298	1637	C->G
ACT->T	6778	7351	6244	8172	6230	7532	5130	4823	4671	4397	4453	3891	4539	2899	1941	2159	1592	3038	1153	1836	1415	893	4853	C->T
AGA->A	9200	8951	7174	9018	7267	8662	6581	5743	5520	5697	5220	5050	5240	3516	2478	3008	2610	3618	2189	2517	1684	1302	6724	C->T
AGA->C	3370	3858	2991	3707	2975	3473	2724	2653	2712	2127	2285	1945	2011	1498	1088	1355	794	1358	717	970	680	498	2596	C->G
AGA->T	2848	2890	2535	3409	2673	2972	2124	1897	1870	1721	1748	1621	1958	1100	719	824	561	1194	457	655	578	317	2508	C->A
AGC->A	5037	5010	4108	5534	4204	5168	3524	3232	3234	3213	3177	2807	2906	2096	1327	1594	1282	2036	887	1430	1051	748	3565	C->T
AGC->C	1375	1492	1098	1336	1113	1281	1014	1131	1117	886	808	693	723	613	464	598	356	543	272	377	284	266	904	C->G
AGC->T	1275	1239	990	1328	1077	1177	850	849	895	809	751	638	706	488	377	459	292	536	242	333	245	174	835	C->A
AGG->A	7028	7032	5531	7072	5478	6940	5058	4533	4146	4597	4176	3756	3894	2723	1899	2464	1939	2771	1485	2033	1330	1206	4838	C->T
AGG->C	1572	1735	1248	1580	1357	1533	1184	1223	1206	1086	972	872	865	651	549	744	451	667	359	472	289	322	1120	C->G
AGG->T	1697	1742	1426	1941	1469	1648	1227	1183	1206	1116	1118	941	982	727	515	595	408	660	327	509	345	292	1240	C->A
ATA->A	3667	3968	3218	4217	3266	3569	2758	2434	2340	2226	2214	2188	2496	1448	969	1185	960	1584	833	846	706	444	3216	A->T
ATA->C	11961	13283	11251	14711	11393	12695	9008	8283	8136	7321	7771	6980	8462	5418	3368	3593	2716	5585	1852	3015	2517	1330	10015	A->G
ATA->G	2243	2431	1993	2790	2163	2257	1622	1529	1482	1419	1445	1291	1558	881	541	637	536	1022	363	562	475	258	2107	A->C
ATC->A	1697	1795	1441	1983	1557	1716	1214	1085	1046	1035	1157	907	1091	716	425	526	364	725	254	413	332	223	1415	A->T
ATC->C	4025	4152	3285	4377	3569	4250	2878	2698	2678	2653	2591	2351	2423	1677	1146	1471	1106	1712	819	1154	901	675	2824	A->G
ATC->G	939	1015	773	1011	871	972	653	633	644	617	641	513	593	386	300	328	212	394	197	277	205	177	638	A->C
ATG->A	1929	2030	1677	2259	1720	1976	1415	1356	1375	1292	1214	1043	1241	773	493	600	410	806	342	494	420	304	1450	A->T
ATG->C	11503	12312	9674	12114	9896	11307	8346	7596	7425	7518	7040	6308	7093	4711	3212	3780	3020	4913	2175	3425	2185	1760	7294	A->G
ATG->G	1753	1841	1517	1910	1588	1885	1320	1307	1330	1206	1218	988	1066	740	553	647	408	759	328	528	332	264	1302	A->C
CAA->C	2259	2402	2020	2500	1919	2262	1695	1514	1625	1513	1438	1324	1385	928	693	754	608	920	468	649	482	313	1681	A->C
CAA->G	5231	5355	4104	5082	4205	5036	3725	3275	3390	3380	3005	2911	3000	2016	1458	1651	1388	2081	1201	1512	898	862	3374	A->G
CAA->T	897	934	791	1141	765	1013	604	578	621	559	639	443	511	353	241	255	209	355	136	208	189	122	642	A->T
CAC->C	2700	2908	1907	2543	2018	2265	1972	1672	1900	1867	1556	1502	1394	1136	870	1216	921	1072	757	941	546	586	1971	A->C
CAC->G	6276	6496	4667	6000	4916	6032	4639	4105	4058	4326	3701	3480	3538	2594	1948	2415	1984	2531	1763	2104	1233	1280	3873	A->G
CAC->T	1378	1420	1091	1374	1111	1311	993	961	831	884	835	731	789	586	409	530	364	559	277	378	254	287	1001	A->T
CAG->C	1315	1378	1018	1256	1052	1259	940	939	932	895	857	663	728	549	435	531	389	555	311	391	233	226	789	A->C
CAG->G	7712	7636	5728	6745	5795	7186	5582	4576	4662	4989	4275	4116	3968	3094	2286	2911	2524	2937	2203	2464	1364	1569	4547	A->G
CAG->T	1304	1297	956	1333	1072	1256	928	876	858	816	768	682	723	544	390	419	327	522	287	380	245	215	777	A->T
CCA->A	2236	2291	1859	2353	1812	2231	1605	1517	1518	1466	1536	1176	1286	903	671	759	518	860	488	625	450	389	1626	C->A
CCA->G	1227	1264	987	1209	993	1082	945	836	820	803	730	636	611	508	372	500	342	443	296	371	195	225	798	C->G
CCA->T	5237	5260	4193	5354	4232	5431	3817	3439	3442	3404	3130	2812	2952	2047	1420	1756	1356	1998	1047	1586	1055	883	3540	C->T
CCC->A	1816	1884	1375	1802	1463	1799	1329	1263	1276	1354	1129	1038	944	829	609	768	527	742	449	615	379	395	1248	C->A
CCC->G	1527	1504	1093	1302	1120	1322	1103	947	1005	989	852	779	725	636	463	671	467	573	408	503	229	322	911	C->G
CCC->T	5033	4865	3628	4648	3767	4761	3510	3137	3116	3267	2908	2694	2441	2066	1480	1838	1422	1942	1246	1707	911	1023	3125	C->T
CCG->A	933	949	710	877	771	881	671	607	610	659	576	556	539	381	294	375	308	417	273	306	194	177	560	C->A
CCG->G	692	747	448	598	513	645	517	413	454	463	365	357	347	267	220	306	283	265	267	235	133	210	394	C->G
CCG->T	10676	10234	7508	8996	7938	9348	7606	6184	6478	7124	5915	5732	5306	4273	3180	4004	3548	3982	3114	3490	1933	2389	6173	C->T
CGA->A	7189	6957	5501	6848	5783	6538	5215	4401	4329	4791	4219	3858	3898	2880	2056	2434	2027	2837	1670	2188	1350	1321	4557	C->T
CGA->C	825	915	646	763	645	763	587	559	556	543	469	452	434	310	291	364	247	301	228	255	152	187	541	C->G
CGA->T	523	568	493	640	496	520	406	368	375	416	363	314	329	235	176	206	135	268	121	154	130	117	402	C->A
CGC->A	8705	8691	6429	7941	6723	7874	6368	5414	5550	5948	5256	4877	4551	3613	2630	3260	2954	3524	2660	2934	1760	1917	5497	C->T
CGC->C	985	952	683	867	772	902	693	616	699	694	532	528	485	429	348	446	337	365	328	354	218	238	601	C->G
CGC->T	973	976	708	935	819	858	688	581	693	781	601	508	499	388	272	395	341	390	256	327	183	243	537	C->A
CTA->A	767	864	678	934	740	785	579	579	510	512	515	410	498	309	214	235	159	344	116	191	187	91	610	A->T
CTA->C	4100	4175	3381	4257	3370	4214	2856	2586	2677	2526	2479	2171	2385	1719	1142	1326	1011	1645	739	1160	753	630	2727	A->G
CTA->G	675	698	576	751	593	682	480	441	485	445	421	376	384	290	185	216	155	285	112	179	139	106	480	A->C
CTC->A	1215	1286	981	1244	1011	1233	893	804	827	803	722	624	697	555	371	468	363	505	277	352	241	235	900	A->T
CTC->C	4192	4074	2996	3684	3099	3871	2914	2491	2485	2642	2529	2239	2129	1673	1179	1560	1253	1639	1071	1304	761	832	2583	A->G
CTC->G	1086	1045	822	1019	861	1047	716	643	712	760	676	580	565	425	324	403	295	382	290	312	215	228	615	A->C
GAA->C	1518	1629	1346	1765	1412	1584	1154	1055	1049	1044	1027	882	953	657	429	512	376	612	301	408	314	214	1057	A->C
GAA->G	4735	4847	3801	4933	3919	4831	3566	3002	2923	3145	2830	2778	2742	1893	1266	1691	1247	1894	1018	1384	933	704	3455	A->G
GAA->T	822	911	764	1033	820	926	651	568	637	518	558	459	542	348	251	285	198	380	127	204	187	105	647	A->T
GAC->C	992	1062	767	969	775	955	672	727	671	678	584	536	518	448	349	374	268	390	248	336	174	211	605	A->C
GAC->G	3043	2847	2352	3032	2404	2926	2070	1946	1831	1976	1754	1524	1598	1235	839	1081	832	1250	655	925	590	557	2068	A->G
GAC->T	907	898	749	958	713	896	630	560	589	600	559	502	500	368	237	333	202	359	183	222	156	128	669	A->T
GCA->A	2214	2252	1877	2422	1871	2181	1600	1458	1409	1412	1360	1227	1329	875	595	712	516	809	372	512	462	288	1596	C->A
GCA->G	1302	1383	1015	1240	1031	1206	1025	998	943	790	797	703	712	539	430	602	350	520	300	381	249	236	807	C->G
GCA->T	4334	4405	3681	4597	3725	4623	3076	2918	2988	2889	2799	2431	2615	1735	1247	1470	1094	1819	784	1237	908	637	3047	C->T
GCC->A	1622	1618	1259	1552	1225	1434	1133	1101	1052	1067	959	891	835	652	502	547	462	608	351	514	313	277	988	C->A
GCC->G	1385	1394	991	1221	1038	1153	1049	918	907	865	768	667	727	601	412	607	412	472	333	397	268	265	676	C->G
GCC->T	4378	4250	3110	4167	3261	4000	3090	2757	2759	2723	2591	2280	2250	1678	1283	1534	1235	1657	1002	1282	953	834	2788	C->T
GGA->A	5394	5585	4217	5160	4344	5174	3903	3367	3253	3524	3228	2961	2881	2232	1496	1835	1392	2057	1213	1618	978	860	3609	C->T
GGA->C	1493	1600	1255	1547	1315	1529	1241	1165	1134	1073	961	793	868	729	517	717	426	598	339	441	316	272	991	C->G
GGA->T	1522	1517	1256	1662	1322	1496	1098	1034	1062	960	894	796	863	632	458	518	357	625	281	450	291	232	1126	C->A
GTA->A	767	831	701	875	702	811	559	561	534	486	481	401	538	337	197	235	175	318	114	195	175	89	593	A->T
GTA->C	3662	3970	3230	4373	3288	3891	2705	2511	2435	2291	2384	2145	2430	1548	1107	1213	903	1635	643	1057	749	494	2746	A->G
GTA->G	1013	997	850	1080	882	1004	755	703	717	651	612	553	598	417	309	369	238	404	187	289	199	159	717	A->C
TAA->C	1489	1680	1382	1967	1429	1633	1157	1096	1138	1001	1050	916	1032	638	393	455	296	665	221	404	315	167	1122	A->C
TAA->G	4431	4550	3876	5112	3974	4638	3356	3037	2941	2642	2714	2428	3035	1792	1272	1282	988	1884	688	1131	865	472	3010	A->G
TAA->T	3232	3307	2706	3790	2895	3316	2329	2127	2065	2075	1903	1844	2250	1312	894	935	838	1420	652	790	714	374	2559	A->T
TCA->A	2119	2160	1795	2488	1963	2208	1590	1456	1431	1396	1370	1186	1368	851	624	720	592	900	432	527	438	284	1699	C->A
TCA->G	1768	2025	1581	2004	1666	1814	1509	1379	1471	1190	1177	1065	1087	849	619	707	445	759	368	475	380	276	1298	C->G
TCA->T	4912	5030	4222	5683	4411	5430	3654	3275	3191	3264	2949	2800	3072	2068	1340	1531	1132	2061	832	1290	928	638	3318	C->T
