Context	s1	s2	s3	p1	p2	p3	same	alpha	likelihood_0	likelihood_1	likelihood_2	Chi_stat_0v1	p_0v1	Chi_stat_1v2	p_1v2	Chi_stat_0v2	p_0v2
AAAAA	15349	18421	10057	3178	5383	2029	16028663	0.241631870764597	-539.606271833181	-198.39181637764	-31.9852291941643	NA	NA	332.813174366951	5.37696777714594e-73	NA	NA
AAAAC	3045	3592	1591	841	1077	548	5193018	0.299708313077297	-36.2575974017382	-35.264895632863	-27.3143542259932	NA	NA	15.9010828137398	0.000352471282586663	NA	NA
AAAAG	2807	7225	1517	911	1841	519	6262017	0.283227985106936	-67.4196077138186	-55.3242059797049	-27.8799302279949	NA	NA	54.8885515034199	1.20532032828688e-12	NA	NA
AAAAT	5516	6102	6374	1975	1991	1671	10169936	0.31330591373944	-77.2378141283989	-76.5094940662384	-29.8614746630192	NA	NA	93.2960388064384	5.50836336807696e-21	NA	NA
AAACA	4881	10293	2755	1009	3377	971	5861983	0.298789670366445	-136.521129772067	-133.868915051222	-29.2985384315252	NA	NA	209.140753239393	3.8517887778799e-46	NA	NA
AAACC	4080	4945	1946	768	1462	623	2967001	0.260049220672683	-140.52166223526	-96.8052527531981	-27.891392685473	NA	NA	137.82772013545	1.17785233148537e-30	NA	NA
AAACG	339	769	198	68	217	75	506586	0.275650842266462	-30.9995276024565	-28.6599942874163	-21.3536108694971	NA	NA	14.6127668358386	0.000671240263067086	NA	NA
AAACT	3774	6337	3033	670	1916	1062	4341544	0.277541083384054	-160.852660909295	-140.003358945251	-28.5322805345058	NA	NA	222.942156821489	3.87905336573186e-49	NA	NA
AAAGA	2192	11188	2342	883	2999	588	6592141	0.28431497264979	-101.455931648612	-86.4082956314087	-28.4824537336826	NA	NA	115.851683795452	6.96829461723253e-26	NA	NA
AAAGC	1005	3823	1161	346	1085	317	3067923	0.291868425446652	-34.2061084359884	-31.5389127060771	-25.9197520464659	NA	NA	11.2383213192225	0.00362768469376647	NA	NA
AAAGG	1430	5702	1577	559	1459	397	3736619	0.27729934550465	-77.2368630990386	-63.1975975632668	-26.949123673141	NA	NA	72.4969477802515	1.80920513661091e-16	NA	NA
AAAGT	2257	5505	2808	781	1653	769	4378404	0.303027436140019	-39.2134121209383	-38.735353782773	-28.008130453527	NA	NA	21.4544466584921	2.19394684851712e-05	NA	NA
AAATA	3649	13982	4128	1088	5041	1288	8520207	0.340870444413806	-89.2225509732962	-53.0580144226551	-29.8879212290049	NA	NA	46.3401863873005	8.65678000289262e-11	NA	NA
AAATC	1709	6057	1658	509	1952	562	3685251	0.320776740237691	-32.0102395415306	-29.6624837294221	-27.3656930327415	NA	NA	4.59358139336109	0.100581121629935	NA	NA
AAATG	2294	10787	2342	706	3648	891	5995992	0.340076509109771	-62.1975434869528	-37.7785574644804	-28.6806266307831	NA	NA	18.1958616673946	0.000111897102828907	NA	NA
AAATT	3205	10404	10335	947	3272	2233	7097733	0.269462078182426	-190.988493546844	-129.862565115094	-30.1233181357384	NA	NA	199.478493958712	4.82831290870086e-44	NA	NA
AACAA	15662	5120	12055	3016	1578	3487	4901855	0.246094344793982	-431.052702769637	-209.980871841311	-31.0743748992682	NA	NA	357.812993884087	2.00399023707614e-78	NA	NA
AACAC	2443	1435	7615	676	334	2359	2579475	0.293134951709736	-46.2009002268314	-41.8508116453886	-27.5618221834302	NA	NA	28.5779789239168	6.2283172314344e-07	NA	NA
AACAG	2975	5302	11047	935	1611	2922	3315136	0.282964189608777	-65.9684382975101	-45.3202081918716	-29.5545932427049	NA	NA	31.5312298983335	1.42259220200287e-07	NA	NA
AACAT	4038	2078	14773	944	559	4506	4124599	0.287663363492747	-74.4599262997508	-59.7284855023026	-29.0770349353552	NA	NA	61.3029011338949	4.8780265128579e-14	NA	NA
AACCA	6166	2485	7422	2110	934	2287	2836074	0.331674236296895	-57.6060662046075	-43.7297578826547	-29.3530718907714	NA	NA	28.7533719837666	5.70538039789804e-07	NA	NA
AACCC	6002	1516	6531	2324	496	2118	2020326	0.351484091394405	-88.172439288348	-47.6184385046363	-28.7212002277374	NA	NA	37.7944765537977	6.2091720392741e-09	NA	NA
AACCG	391	194	646	142	68	206	243737	0.337936636880585	-24.0743273426779	-22.3765675593168	-21.6185405468568	NA	NA	1.51605402491987	0.468590037880066	NA	NA
AACCT	6850	2383	8540	2906	758	2578	2552886	0.351206886850841	-163.89279551059	-113.231712393463	-29.5694880709052	NA	NA	167.324448645115	4.63401710974226e-37	NA	NA
AACGA	1284	1099	18760	231	174	5261	331114	0.267984675779218	-139.696340654977	-82.3893926218152	-27.0601658644155	NA	NA	110.658453514799	9.35022649855342e-25	NA	NA
AACGC	653	546	13415	151	83	3790	213680	0.275352401806487	-73.3637293097563	-47.1722251162864	-25.4559650863521	NA	NA	43.4325200598687	3.7046578266627e-10	NA	NA
AACGG	864	863	16702	190	114	4688	256247	0.270877421455315	-114.375162348617	-71.5735901910812	-26.3119134437293	NA	NA	90.5233534947038	2.20345175980743e-20	NA	NA
AACGT	1611	1013	17812	348	141	5347	437970	0.285574476414171	-112.960773170926	-95.6467062002048	-27.2245695972815	NA	NA	136.844273205847	1.92594390322064e-30	NA	NA
AACTA	2683	3169	5957	706	1023	1725	2642218	0.292488779744263	-42.1643698960543	-37.3020324409008	-28.3067087754607	NA	NA	17.9906473308802	0.000123988261093663	NA	NA
AACTC	1667	2180	7076	562	653	2494	2535765	0.339558729286826	-51.6307961642742	-34.895902313292	-27.8136872649193	NA	NA	14.1644300967455	0.00083991064366655	NA	NA
AACTG	2566	3096	9812	862	955	1901	2810436	0.240274008013442	-272.451064370573	-146.902049228549	-28.6357406154275	NA	NA	236.532617226243	4.34104986210373e-52	NA	NA
AACTT	3501	3519	10097	1147	1032	2914	3351539	0.297540456855757	-39.1393945813179	-35.8955458477139	-29.2646518275142	NA	NA	13.2617880403996	0.00131898336098219	NA	NA
AAGAA	18858	5213	9991	3673	1659	4158	6561451	0.278609594269274	-655.89321321249	-605.646921530366	-31.2947286218405	NA	NA	1148.70438581705	3.64763984261894e-250	NA	NA
AAGAC	4970	2156	1993	1587	889	844	2765148	0.364075008224586	-101.329464629292	-57.9088137745857	-27.8529451191425	NA	NA	60.1117373108864	8.84916094874137e-14	NA	NA
AAGAG	9542	5370	2300	2933	1754	866	3781694	0.322623750871485	-48.4501366987824	-42.8137122318149	-29.3658760264516	NA	NA	26.8956724107265	1.44437160652363e-06	NA	NA
AAGAT	6697	2875	4512	1911	1122	1818	3563614	0.344433399602386	-123.540195524693	-94.8472806736827	-29.146935634315	NA	NA	131.400690078735	2.92888749814019e-29	NA	NA
AAGCA	13340	2184	1955	4489	663	746	3524824	0.337433491618514	-61.2359506860375	-37.9282398968935	-28.6539025604725	NA	NA	18.548674672842	9.38007846900977e-05	NA	NA
AAGCC	6368	1380	1516	2710	410	559	2137077	0.397128670120898	-162.684649832547	-54.2629259712994	-27.2909839637578	NA	NA	53.9438840150833	1.93301142050837e-12	NA	NA
AAGCG	1069	222	203	416	54	62	367538	0.356091030789826	-33.5286100925878	-28.2660215646029	-21.4334169980139	NA	NA	13.665209133178	0.00107804661362681	NA	NA
AAGCT	7354	2398	2262	2504	776	875	2665577	0.345846512402197	-62.0740748941898	-35.6888362914324	-28.3426341488957	NA	NA	14.6924042850733	0.000645037474706155	NA	NA
AAGGA	12700	2043	2796	3965	874	896	4003568	0.326985575004276	-72.0776804536581	-62.349099420011	-28.9428989291191	NA	NA	66.8124009817839	3.10364089324433e-15	NA	NA
AAGGC	5795	1119	1359	2110	464	445	2199585	0.36492203553729	-73.8117008544505	-33.2532073184848	-26.9075514152646	NA	NA	12.6913118064404	0.00175435168034977	NA	NA
AAGGG	7871	2144	1749	2730	938	593	2451532	0.362206732403944	-100.178557194769	-47.7835841998458	-28.135315284133	NA	NA	39.2965378314257	2.92998387978383e-09	NA	NA
AAGGT	7401	2021	2986	2571	845	1083	2308395	0.36258865248227	-95.1545831523836	-39.1367604956031	-28.5609134510159	NA	NA	21.1516940891743	2.5525131436895e-05	NA	NA
AAGTA	11141	2854	2322	2852	890	772	2973136	0.276643990929705	-83.3702673837543	-55.9471989795566	-28.7209585979581	NA	NA	54.4524807631969	1.49897379052835e-12	NA	NA
AAGTC	6067	1990	1629	1750	642	606	2267152	0.309518893247987	-42.1997580826283	-42.1762929186225	-27.5317985601723	NA	NA	29.2889887169003	4.36492624616347e-07	NA	NA
AAGTG	10330	3389	2131	3201	1183	777	3285662	0.325615141955836	-48.0711321011186	-40.5116553530097	-28.9296755567193	NA	NA	23.1639595925808	9.33275972585039e-06	NA	NA
AATAA	10312	12530	5377	2062	4047	911	6943000	0.248768560189943	-460.401580408216	-286.856191292405	-30.5205506831408	NA	NA	512.671281218529	4.72983257782507e-112	NA	NA
AATAC	1643	7918	901	478	2612	170	2992195	0.311603899827949	-57.6610079482198	-57.4761048033834	-26.6911731362343	NA	NA	61.5698633342981	4.26848786594952e-14	NA	NA
AATAG	1703	15755	2063	509	5764	637	3128319	0.353977767532401	-108.497682750225	-45.5943211242557	-28.5526185259223	NA	NA	34.0834051966667	3.97084193141504e-08	NA	NA
AATAT	4916	13764	1997	851	4302	339	5855914	0.265609130918412	-276.94810320437	-212.878345444798	-28.7961851656437	NA	NA	368.16432055831	1.13274870391246e-80	NA	NA
AATCA	2956	5270	1397	1148	1487	389	3690085	0.314247116283903	-64.0384606644511	-63.4895326122642	-27.5710330680013	NA	NA	71.8369990885258	2.51648212387314e-16	NA	NA
AATCC	2202	4225	914	899	1110	210	2606313	0.302274894428552	-83.9088699445128	-83.4749070852995	-26.5246300250292	NA	NA	113.900554120541	1.84845520248968e-25	NA	NA
AATCG	212	471	114	76	128	32	348681	0.296110414052698	-21.996038577985	-21.8016873481683	-19.9658758644946	NA	NA	3.6716229673475	0.159484030556315	NA	NA
AATCT	3459	6242	1363	1341	1765	322	3399384	0.309833694866233	-79.7334549799562	-79.691089630127	-27.7904021888971	NA	NA	103.80137488246	2.88282206378185e-23	NA	NA
AATGA	3451	12515	2808	1205	3766	871	4478968	0.311175029295835	-39.4147749766707	-39.1633450463414	-29.3206261321902	NA	NA	19.6854378283024	5.31326514311548e-05	NA	NA
AATGC	1739	8540	1450	623	2365	564	2608178	0.302839116719243	-62.5935048088431	-62.0246631652117	-27.6766595691442	NA	NA	68.6960071921349	1.21018446553341e-15	NA	NA
AATGG	2389	12573	1750	816	3918	539	3290907	0.315521780756343	-32.8520835191011	-31.4497163817286	-28.4870565086603	NA	NA	5.92531974613667	0.0516812685755606	NA	NA
AATGT	3904	15188	2687	1421	4804	822	4198811	0.323568575233023	-49.7601092755795	-41.6661818102002	-29.6315751001239	NA	NA	24.0692134201527	5.93521852969224e-06	NA	NA
AATTA	3663	6474	2329	1015	2234	717	5150094	0.318145355366597	-48.1405453681946	-46.2008994817734	-28.4843705296516	NA	NA	35.4330579042435	2.02213076946028e-08	NA	NA
AATTC	1877	5362	1321	669	1555	350	3432013	0.300700934579439	-40.9303500279784	-40.1236686035991	-27.0243583768606	NA	NA	26.1986204534769	2.0466418565811e-06	NA	NA
AATTG	2053	18088	1457	622	6848	361	3233134	0.362579868506343	-172.674111351371	-75.2382124885917	-28.4434431195259	NA	NA	93.5895387381315	4.75652606638028e-21	NA	NA
ACAAA	4425	9050	1837	1276	2912	657	5912697	0.316418495297806	-41.2687139362097	-39.6454808712006	-28.8308235108852	NA	NA	21.6293147206306	2.01026811687434e-05	NA	NA
ACAAC	1708	2734	816	458	649	259	2051566	0.259794598706733	-54.6240194998682	-33.43711502105	-25.6229047738016	NA	NA	15.6284204944968	0.000403953717484185	NA	NA
ACAAG	1707	5317	765	440	1237	236	2564903	0.24560277314161	-87.5851333290339	-34.2260663062334	-26.1785687431693	NA	NA	16.0949951261282	0.000319901454890819	NA	NA
ACAAT	2564	5926	1677	780	1712	615	3340499	0.305596537818432	-40.2696017324924	-40.1492851600051	-27.7557976022363	NA	NA	24.7869751155376	4.14549830706651e-06	NA	NA
ACACA	3141	9715	2333	889	2495	716	4609772	0.269932187767463	-76.2029404193163	-38.3806943520904	-28.5990850105882	NA	NA	19.5632186830044	5.64808259287294e-05	NA	NA
ACACC	2573	6265	1183	404	1005	361	1941190	0.176629078934238	-412.889408696443	-79.8094778694212	-26.7484425976872	NA	NA	106.122070543468	9.0341059052152e-24	NA	NA
ACACG	335	1544	248	89	273	78	481870	0.206864127879643	-74.30957735423	-34.1718397205696	-22.076177383773	NA	NA	24.191324673593	5.58368091538871e-06	NA	NA
ACACT	2514	7156	2012	776	2259	741	2527503	0.323232323232323	-39.8317116349936	-35.6770873367786	-28.1594515219331	NA	NA	15.0352716296911	0.00054341578389435	NA	NA
ACAGA	1511	8617	1470	675	2335	415	4233958	0.295309536126918	-90.6337272748351	-87.4190866947174	-27.4992393404245	NA	NA	119.839694708586	9.48726294662258e-27	NA	NA
ACAGC	900	4392	1139	299	1106	296	2252009	0.264500077748406	-55.4478198327124	-34.4398223012686	-25.8262237273157	NA	NA	17.2271971479058	0.000181619163051505	NA	NA
ACAGG	1429	7799	1406	550	1917	430	3069524	0.272428060936618	-92.9203424602747	-69.8430866971612	-27.2155516520143	NA	NA	85.2550700902939	3.06970578573127e-19	NA	NA
ACAGT	1891	7731	2186	733	2211	689	2725949	0.307672764227642	-52.4124751165509	-52.4050630703568	-28.0218074545264	NA	NA	48.7665112316608	2.57327757427014e-11	NA	NA
ACATA	2548	18851	2808	915	6259	1130	3601819	0.343041269054406	-93.2109836786985	-47.5971262678504	-29.6185260936618	NA	NA	35.9572003483772	1.55594109719067e-08	NA	NA
ACATC	1622	7768	2124	463	2149	806	2123961	0.296856001389613	-58.4895810335875	-56.0193382762372	-27.7669560238719	NA	NA	56.5047645047307	5.37212719916456e-13	NA	NA
ACATG	2685	17682	2732	915	5655	1114	3321707	0.332655093294082	-77.4565525650978	-55.8366132304072	-29.540995568037	NA	NA	52.5912353247404	3.80152937761888e-12	NA	NA
ACCAA	4698	2398	4748	1586	1042	1664	2664232	0.362377575143533	-103.013112202287	-49.9297380521894	-28.7296689525247	NA	NA	42.4001381993294	6.20764644829518e-10	NA	NA
ACCAC	2160	1377	5348	725	557	1914	2338117	0.359707371975239	-69.0700443834066	-32.9825126491487	-27.4893228374422	NA	NA	10.9863796234131	0.00411469810647272	NA	NA
ACCAG	2585	1889	4983	990	834	1717	2359437	0.37443163794015	-107.741493459791	-45.0774482265115	-28.0048816241324	NA	NA	34.1451332047582	3.85015782733823e-08	NA	NA
ACCAT	2856	1641	6843	1016	628	2231	2810125	0.341710758377425	-55.1456434205174	-35.3392077684402	-28.1450724974275	NA	NA	14.3882705420256	0.00075097719637192	NA	NA
ACCCA	3574	2334	6786	1308	978	2160	2673342	0.350244209862927	-89.6602537333965	-55.0244465842843	-28.760206580162	NA	NA	52.5284800082445	3.92270360728011e-12	NA	NA
ACCCC	2808	1444	5714	1086	572	1977	1667334	0.364740116395746	-82.9522223956883	-34.4333903305233	-27.9073386155069	NA	NA	13.0521034300327	0.00146477780784404	NA	NA
ACCCG	446	324	948	174	106	309	388612	0.342840512223516	-27.7726374641061	-24.5696960734203	-22.6583647672087	NA	NA	3.8226626124233	0.147883377425828	NA	NA
ACCCT	3200	2785	6390	1268	1225	2152	1968694	0.375353535353535	-142.595422480255	-58.430357426405	-28.8572905734181	NA	NA	59.1461337059736	1.43410269780672e-13	NA	NA
ACCGA	881	500	9068	173	143	2828	222246	0.300890037324146	-46.7315891180187	-45.8074933052994	-25.5711303260177	NA	NA	40.4727259585634	1.62726852503571e-09	NA	NA
ACCGC	678	501	12168	177	141	3816	265265	0.309732524162733	-29.4866677070968	-29.4426619987935	-25.7401940929703	NA	NA	7.40493581164628	0.0246625863635468	NA	NA
ACCGG	725	520	9635	163	137	2854	195935	0.289889705882353	-38.5235817180946	-32.5188374179415	-25.4721583141945	NA	NA	14.093358207494	0.000870294320807819	NA	NA
ACCGT	1143	636	10919	205	192	3526	314553	0.30894629075445	-66.366022311151	-66.3573987185955	-26.2606085832231	NA	NA	80.1935802707449	3.85642866361825e-18	NA	NA
ACCTA	1976	1885	4674	568	757	1713	1788645	0.355946104276508	-77.3576153516769	-47.4777888394892	-27.5097009800375	NA	NA	39.9361757189035	2.12799022402289e-09	NA	NA
ACCTC	1766	1875	7964	653	822	2991	2509050	0.384834123222749	-138.183774493635	-36.2177704721689	-28.1068995371461	NA	NA	16.2217418700457	0.000300257254722544	NA	NA
ACCTG	2423	2515	6210	747	1035	2046	2612820	0.343379978471475	-71.9641070663929	-50.536824375391	-28.2803721725941	NA	NA	44.5129044055939	2.15846803529106e-10	NA	NA
ACGAA	11819	982	822	3625	151	177	352853	0.290171034280261	-85.7431737231091	-78.421368422918	-26.1744823092595	NA	NA	104.493772227317	2.03922742971804e-23	NA	NA
ACGAC	4388	605	425	1523	96	100	175596	0.317275747508306	-65.204717294313	-64.5092863969039	-24.166771132499	NA	NA	80.6850305288099	3.01625624826119e-18	NA	NA
ACGAG	8726	1057	593	3169	209	152	355453	0.340208172706245	-92.85525672324	-76.4278875021264	-25.9205618062988	NA	NA	101.014651391655	1.16130729620584e-22	NA	NA
ACGAT	8257	861	864	2743	200	235	317271	0.318373071528752	-44.2995837880298	-42.6882803617045	-26.1009125374258	NA	NA	33.1747356485575	6.25457327190253e-08	NA	NA
ACGCA	13382	1041	1150	3927	130	328	313897	0.281577088550697	-105.773109037429	-87.4580181683414	-26.7005349393003	NA	NA	121.514966458082	4.10544557633956e-27	NA	NA
ACGCC	13550	888	1282	4808	136	351	463735	0.336832061068702	-117.198564843275	-97.256664509885	-26.8478875793517	NA	NA	140.817553861067	2.64153701998336e-31	NA	NA
ACGCG	2159	132	134	604	28	32	58824	0.273814432989691	-27.0763011105591	-22.2720228984253	-20.8248294467339	NA	NA	2.89438690338284	0.235229545625414	NA	NA
ACGCT	9452	1125	1064	3057	161	266	286773	0.299287002834808	-98.3909911955707	-96.8620538348332	-26.4086517496035	NA	NA	140.90680417046	2.52624951458103e-31	NA	NA
ACGGA	13754	425	860	4532	140	139	359097	0.31990158920141	-72.2497510751709	-69.044763257727	-25.804812242277	NA	NA	86.4799020309001	1.663902507495e-19	NA	NA
ACGGC	7261	432	766	2551	126	132	228898	0.33207234897742	-73.4168202723376	-65.9369919300079	-25.0728453802876	NA	NA	81.7282930994406	1.79030343844885e-18	NA	NA
ACGGG	12349	725	953	4000	227	186	367177	0.314607542596421	-53.9891572706401	-53.0989573653787	-26.3961076261476	NA	NA	53.4056994784623	2.52987875001915e-12	NA	NA
ACGTA	19203	937	1135	4995	172	264	359381	0.255276145710928	-140.935499926098	-39.4942631144077	-26.9685395741835	NA	NA	25.0514470804483	3.63201291905094e-06	NA	NA
ACGTC	11700	759	780	3661	94	177	264129	0.297001284084901	-89.6335239764303	-86.9005089155398	-25.7755309911445	NA	NA	122.249955848791	2.84288558228483e-27	NA	NA
ACGTG	21279	1360	1536	6404	286	404	548844	0.293443640124095	-58.9683913988993	-50.2892962945625	-27.9564257804304	NA	NA	44.6657410282642	1.99966649830579e-10	NA	NA
ACTAA	1550	4060	1397	433	1266	476	2577983	0.310403881832453	-31.2111120074987	-31.1607330292463	-26.6508228108287	NA	NA	9.01982043683529	0.0109994476792941	NA	NA
ACTAC	766	3669	636	222	902	238	1549305	0.268586077696707	-54.5733878426254	-41.0226895958185	-25.0044487006962	NA	NA	32.0364817902446	1.10501041010631e-07	NA	NA
ACTAG	685	3805	789	190	1163	278	1481266	0.308960030308771	-28.7166664153337	-28.7128878571093	-25.201193228364	NA	NA	7.02338925749063	0.0298462931705661	NA	NA
ACTAT	1342	5295	1070	380	1462	341	2423802	0.283248994420657	-37.2326745316386	-29.1779692471027	-26.4180029965937	NA	NA	5.51993250101805	0.0632939044606518	NA	NA
ACTCA	1701	3755	1370	479	961	470	2739751	0.279812481687665	-48.9016202762723	-39.6372888535261	-26.5550038665533	NA	NA	26.1645699739456	2.08178473399223e-06	NA	NA
ACTCC	1276	4164	1420	426	865	396	2407062	0.245918367346939	-106.857604280114	-60.3506296798587	-26.2838613986969	NA	NA	68.1335365623236	1.60321039172035e-15	NA	NA
ACTCG	194	570	209	56	127	54	332819	0.243576567317575	-28.9209071793593	-21.7990972697735	-20.4236544040032	NA	NA	2.75088573154062	0.252727646593452	NA	NA
ACTCT	1780	4711	1512	528	1258	522	2739715	0.288391853055104	-44.2194936424494	-38.9680773466825	-26.9758837968111	NA	NA	23.9843870997429	6.19236454494966e-06	NA	NA
ACTGA	1667	6487	1820	529	1828	676	2798257	0.304090635652697	-46.3760790079832	-46.0891309604049	-27.5122911632061	NA	NA	37.1536795943975	8.55423121725663e-09	NA	NA
ACTGC	1272	6889	1698	413	1552	733	2443325	0.273658586063495	-149.976025491953	-130.055626012385	-27.2071271240711	NA	NA	205.696997776628	2.15508528120625e-45	NA	NA
ACTGG	1357	6270	1573	450	1794	574	2349578	0.306304347826087	-41.154874201864	-41.0956854149699	-27.1472763419151	NA	NA	27.8968181461096	8.75553943112842e-07	NA	NA
ACTTA	1541	3146	1488	321	844	600	2501940	0.28582995951417	-82.9031611382961	-77.7252797037363	-26.3155734464526	NA	NA	102.819412514567	4.71029661476473e-23	NA	NA
ACTTC	1320	4501	1407	389	1050	552	2537524	0.275456557830659	-86.6476061716676	-73.5430594235659	-26.5525682792068	NA	NA	93.9809822887182	3.91101060955019e-21	NA	NA
ACTTG	1495	5202	1546	338	1521	529	2494532	0.28970035181366	-49.8480428233743	-45.134473733604	-26.8277212828398	NA	NA	36.6135049015284	1.12067176220375e-08	NA	NA
AGAAA	3909	12907	2022	956	3641	765	7993447	0.284637434971865	-86.5462203025818	-69.0041879713535	-29.037933588028	NA	NA	79.9325087666512	4.39416397222103e-18	NA	NA
AGAAC	1108	3018	874	245	805	338	2673708	0.2776	-57.5032462179661	-49.6003258824348	-25.4187705442309	NA	NA	48.3631106764078	3.14835685916964e-11	NA	NA
AGAAG	2255	6349	1158	590	1441	427	4176379	0.25179266543741	-116.986721739173	-63.0719389095902	-27.133389942348	NA	NA	71.8770979344845	2.46653053292055e-16	NA	NA
AGAAT	2176	4388	1622	605	1348	615	4567041	0.313706327876863	-42.9137766733766	-42.5274982079864	-27.2611568123102	NA	NA	30.5326827913523	2.34375479190865e-07	NA	NA
AGACA	1935	8376	2314	381	2378	944	3743810	0.293306930693069	-114.791143365204	-110.119774565101	-27.9692172929645	NA	NA	164.301114544272	2.10119467462411e-36	NA	NA
AGACC	1296	3877	1294	256	896	539	1988463	0.261481366939848	-118.873971667141	-94.6507701426744	-26.1263982504606	NA	NA	137.048743784428	1.73877509617196e-30	NA	NA
AGACG	195	1218	278	30	278	115	516265	0.250147841513897	-49.1017039977014	-39.193271166645	-21.4058539522812	NA	NA	35.5748344287276	1.88374822669507e-08	NA	NA
AGACT	2302	5398	2150	400	1356	861	2703844	0.265685279187817	-165.33665240556	-134.927994802594	-27.4969850555062	NA	NA	214.862019494176	2.20447552537197e-47	NA	NA
AGAGA	1905	7479	1917	628	2093	465	5183530	0.281921953809397	-53.6475991606712	-40.5281805545092	-27.6434556692839	NA	NA	25.7694497704506	2.53650125484331e-06	NA	NA
AGAGC	826	3280	904	266	874	285	2322518	0.284431137724551	-35.4048512540758	-30.6563964448869	-25.3272116221488	NA	NA	10.6583696454763	0.00484802039789118	NA	NA
AGAGG	1273	4733	1348	445	1203	530	3210584	0.296165352189285	-68.4283450990915	-66.6512923687696	-26.6533818095922	NA	NA	79.9958211183548	4.25724022021756e-18	NA	NA
AGATA	1758	8303	3034	444	2787	1391	3215073	0.352959144711722	-143.962907083333	-103.558580242097	-28.4013784602284	NA	NA	150.314403563738	2.28897996209963e-33	NA	NA
AGATC	1145	4162	2250	305	1178	1084	2110326	0.339685060209078	-128.376757856458	-116.703901249915	-26.9497363083065	NA	NA	179.508329883218	1.04775909171806e-39	NA	NA
AGATG	1367	7797	3271	352	2312	1461	3327213	0.331724969843185	-124.982725150883	-114.19462672621	-28.0971232652664	NA	NA	172.195006921887	4.05816163914753e-38	NA	NA
AGCAA	5856	3024	5747	1939	1102	1901	3537924	0.33786832569905	-53.2371977940202	-33.1497474461794	-29.2465599626303	NA	NA	7.80637496709824	0.0201774934063296	NA	NA
AGCAC	2002	1070	4296	835	356	1516	2176683	0.367399565689468	-75.7082930095494	-36.4457254223526	-26.9463242739439	NA	NA	18.9988022968173	7.48966684496263e-05	NA	NA
AGCAG	3435	2574	6450	1198	820	2088	3064376	0.329560959948631	-40.2370002344251	-31.3135120645165	-28.6154658272862	NA	NA	5.3960924744606	0.0673369447201058	NA	NA
AGCAT	2377	1599	6281	898	481	2028	2756161	0.332163400604465	-47.3806318193674	-38.1500577107072	-27.7549937814474	NA	NA	20.7901278585196	3.05830712486829e-05	NA	NA
AGCCA	3720	2679	6980	1694	948	2557	3442193	0.388594065326258	-187.073989346623	-58.1074074804783	-29.0618122071028	NA	NA	58.091190546751	2.43029083541592e-13	NA	NA
AGCCC	2515	1730	5383	1155	554	2039	1880606	0.389281262982966	-149.242698114365	-54.9369424059987	-27.9435181953013	NA	NA	53.9868484213948	1.89192892760088e-12	NA	NA
AGCCG	455	371	908	175	101	356	478838	0.364475201845444	-37.0599710866809	-28.6886488953605	-22.7644921578467	NA	NA	11.8483134750277	0.00267406167060772	NA	NA
AGCCT	4674	5631	8021	1985	1744	2794	3352924	0.35594237695078	-141.727018691599	-77.5943301916122	-30.0441876724362	NA	NA	95.100285038352	2.23478367506038e-21	NA	NA
AGCGA	1546	1053	15491	420	206	4900	408238	0.30547263681592	-57.4385784147307	-57.2071593683213	-27.3942512618378	NA	NA	59.625816212967	1.12828423468657e-13	NA	NA
AGCGC	743	474	8958	183	75	2739	211225	0.294545454545455	-51.2753855758347	-48.1517822481692	-25.1425429843366	NA	NA	46.0184785276651	1.01675040700784e-10	NA	NA
AGCGG	1015	1079	11678	273	83	3691	270580	0.293857101365089	-164.392993604299	-159.731062000617	-26.2401714446023	NA	NA	266.98178111203	1.06082280446439e-58	NA	NA
AGCTA	2011	2224	4342	699	851	1544	2371140	0.360732190742684	-65.9785285741091	-29.7733667716384	-27.6754129007459	NA	NA	4.19590774178505	0.122707246430908	NA	NA
AGCTC	1335	1658	5911	515	596	2134	2200297	0.364442946990117	-71.2099836841226	-28.2775961756706	-27.3087380938232	NA	NA	1.93771616369486	0.37951616715784	NA	NA
AGCTG	2035	3084	6584	806	1161	2118	3254492	0.34905579765872	-75.2935074567795	-45.0985312536359	-28.4374965503812	NA	NA	33.3220694065094	5.81038039218662e-08	NA	NA
AGGAA	14469	2713	2455	3963	921	1023	4737907	0.300809695982075	-104.283041283488	-102.486222282052	-29.1772898584604	NA	NA	146.617864847183	1.45323274220434e-32	NA	NA
AGGAC	4757	1238	1362	1610	408	576	1812686	0.352589370667392	-60.4145645424724	-38.0807486996055	-26.7897899448872	NA	NA	22.5819175094366	1.24852981392949e-05	NA	NA
AGGAG	10985	3089	2301	3908	1098	912	3894851	0.361404580152672	-104.348698377609	-33.5024444907904	-29.0953640788794	NA	NA	8.81416082382202	0.0121907182995773	NA	NA
AGGAT	6659	1936	2938	2104	693	1296	2682101	0.354894650134397	-110.368611350656	-71.7095683440566	-28.3696605563164	NA	NA	86.6798155754805	1.50562633211682e-19	NA	NA
AGGCA	13063	2405	3765	4585	759	1553	3678073	0.358602402121354	-126.365006551147	-51.5231431052089	-29.4637556001544	NA	NA	44.1187750101089	2.62863164806193e-10	NA	NA
AGGCC	6790	1679	2662	2933	514	1184	2104012	0.416045278950678	-248.087070569396	-59.713264234364	-28.2295791059732	NA	NA	62.9673702567816	2.12231223990476e-14	NA	NA
AGGCG	2034	326	425	690	124	200	704318	0.364093357271095	-44.7734446413815	-31.5068326070905	-23.5686619933695	NA	NA	15.876341227442	0.000356858713964516	NA	NA
AGGGA	9970	1553	2018	3270	669	638	3151895	0.338010486670113	-68.0240741595626	-49.2525002732873	-28.1220540106297	NA	NA	42.2608925253153	6.65524101808911e-10	NA	NA
AGGGC	4944	943	1556	1811	371	464	1746840	0.355501813784764	-62.4836144894361	-36.8949973098934	-26.642656262964	NA	NA	20.5046820938587	3.52748240944563e-05	NA	NA
AGGGG	6972	3350	2396	2491	1472	931	2014240	0.384808932222047	-159.947258681059	-48.3348928019404	-28.8590320535004	NA	NA	38.9517214968801	3.48129756747373e-09	NA	NA
AGGTA	8104	1617	3039	2337	460	1283	2062495	0.31974921630094	-92.3355454355478	-89.65864668414	-28.2362017929554	NA	NA	122.844889782369	2.11140292446249e-27	NA	NA
AGGTC	5682	1339	3313	1804	382	1359	1749740	0.343042384362299	-80.2312964871526	-60.7524536624551	-27.8141250647604	NA	NA	65.8766571953893	4.95525087519674e-15	NA	NA
AGGTG	10889	2445	3825	3524	733	1628	2835449	0.342968704469957	-109.820697516203	-77.6133284568787	-29.2629499956965	NA	NA	96.7007569223642	1.00391613980745e-21	NA	NA
AGTAA	1693	4732	1663	512	1543	428	2887555	0.306998021760633	-36.8811237066984	-36.8590431511402	-26.9881678968668	NA	NA	19.7417505085468	5.16574953784742e-05	NA	NA
AGTAC	721	3150	736	227	917	153	1317612	0.281528109398741	-39.959565397352	-34.4499963447452	-24.7694148905575	NA	NA	19.3611629083753	6.24851609515007e-05	NA	NA
AGTAG	1150	6711	1558	402	2367	440	2367783	0.340694341225183	-52.3123368807137	-36.8305163905025	-27.0429339893162	NA	NA	19.5751648023725	5.6144468127097e-05	NA	NA
AGTAT	1271	5698	1491	399	1840	286	2450442	0.298463356973995	-66.6116787269711	-65.2724788710475	-26.6446294635534	NA	NA	77.2556988149881	1.67547578117352e-17	NA	NA
AGTCA	1977	4005	1787	718	1025	323	2549957	0.265928690951216	-110.3259030357	-86.6176609769464	-26.8420203924179	NA	NA	119.551281169057	1.09589549567344e-26	NA	NA
AGTCC	1253	3259	1204	457	812	220	1720270	0.260496850944717	-87.7722003795207	-65.4258859790862	-25.7792102470994	NA	NA	79.2933514639735	6.04877602650057e-18	NA	NA
AGTCG	163	441	213	47	85	34	202597	0.203182374541004	-40.1095031038858	-23.464791462291	-19.6991301490925	NA	NA	7.53132262639701	0.0231522962524449	NA	NA
AGTGA	1930	8004	2584	687	1867	725	3492289	0.261942802364595	-117.954124443233	-72.0156960040331	-28.0420712903142	NA	NA	87.9472494274378	7.9890922787726e-20	NA	NA
AGTGC	1175	5210	2545	465	1401	807	2134365	0.2993281075028	-54.6705623567104	-53.496076092124	-27.2861555963755	NA	NA	52.419840991497	4.1416763451957e-12	NA	NA
AGTGG	1621	7364	2350	707	2070	593	2743413	0.297309219232466	-87.6887388303876	-85.4460382759571	-27.8307834565639	NA	NA	115.230509638786	9.50632720462478e-26	NA	NA
AGTTA	1690	3123	1591	460	906	342	2443924	0.266708307307933	-56.9114280566573	-38.096454039216	-26.3257333561778	NA	NA	23.5414413660765	7.72753461851952e-06	NA	NA
AGTTC	1636	4434	1809	526	1307	340	2428574	0.275796420865592	-78.0198273137212	-64.0363273881376	-26.7958154976368	NA	NA	74.4810237810016	6.70889790198875e-17	NA	NA
AGTTG	1884	7680	2083	454	2696	462	2147209	0.310122778397871	-92.4498015344143	-92.3869320824742	-27.651719622314	NA	NA	129.470424920321	7.68872705008912e-29	NA	NA
ATAAA	2952	10846	4976	764	3913	1267	7244842	0.316608074997337	-112.487230062485	-110.403431326151	-29.4367800354958	NA	NA	161.93330258131	6.86483536493025e-36	NA	NA
ATAAC	855	2742	759	204	745	244	2169455	0.273875114784206	-38.6000731475651	-29.9053599275649	-24.8775627464056	NA	NA	10.0555943623185	0.00655323026182287	NA	NA
ATAAG	1039	5258	862	327	1305	244	2680073	0.2620477720352	-59.8705438226461	-33.7137476354837	-25.8797323927283	NA	NA	15.6680304855108	0.000396032118468384	NA	NA
ATAAT	2982	6009	2182	773	1902	569	4924426	0.290342790656046	-49.3873950093985	-43.4346811771393	-27.9796380996704	NA	NA	30.9100861549377	1.9407074537647e-07	NA	NA
ATACA	1689	9156	1428	361	2965	479	3846674	0.310030147478204	-60.102353811264	-60.042603559792	-27.4487442150712	NA	NA	65.1877186894417	6.99305175865807e-15	NA	NA
ATACC	1047	3964	695	125	1109	212	1659572	0.2534174553102	-109.586810916662	-79.9282812438905	-25.0021959394217	NA	NA	109.852170608938	1.39927875292242e-24	NA	NA
ATACG	130	700	122	32	192	43	332453	0.28046218487395	-22.4787931041792	-21.246060134843	-19.8717540111393	NA	NA	2.74861224740744	0.253015096087739	NA	NA
ATAGA	912	6397	1071	277	1807	331	3104578	0.2881861575179	-33.3982998207211	-27.7835786640644	-26.2532424032688	NA	NA	3.06067252159119	0.216462867100856	NA	NA
ATAGC	574	2952	658	148	778	177	1754775	0.263623326959847	-38.6545586660504	-24.4171586669981	-24.344648566097	NA	NA	0.145020201802254	0.930056352205576	NA	NA
ATAGG	539	3822	684	171	936	228	1822424	0.264618434093162	-52.3079822994769	-35.9184596724808	-24.7525375746191	NA	NA	22.3318441957235	1.41482148921982e-05	NA	NA
ATATA	3162	23397	3337	486	7220	840	6025477	0.285857639818036	-198.531604796648	-173.544222086668	-29.5289741307497	NA	NA	288.030495911837	2.85083776212076e-63	NA	NA
ATATC	1475	6753	1259	239	2172	392	2515486	0.295456941077264	-90.6392440497875	-88.0702945664525	-26.703607685864	NA	NA	122.733373761177	2.23247454179163e-27	NA	NA
ATATG	1277	13944	1720	273	3639	499	3458108	0.260374240009445	-102.642722629011	-36.0932774692774	-27.5945158228278	NA	NA	16.9975232928991	0.000203720490863586	NA	NA
ATCAA	3918	3075	4350	1280	1084	1442	3138208	0.335537335801816	-43.679869748652	-30.4276182577014	-28.5610620453954	NA	NA	3.73311242461205	0.154655345963238	NA	NA
ATCAC	1480	1199	4431	528	495	1444	2550451	0.346976090014065	-53.5022104009986	-36.9432880654931	-26.7794094383717	NA	NA	20.3277572542429	3.85375053039379e-05	NA	NA
ATCAG	1560	2085	4313	526	740	1339	2535847	0.327343553656698	-36.3108903542161	-31.7259476184845	-27.2299907654524	NA	NA	8.99191370606422	0.011154002765999	NA	NA
ATCAT	3991	2271	6356	1384	751	1960	3277735	0.32453637660485	-39.6262218207121	-34.3269462287426	-28.6172554418445	NA	NA	11.4193815737963	0.00331369702503614	NA	NA
ATCCA	2930	2121	5186	1188	830	1706	2741071	0.363778450717984	-94.2973117679358	-46.0631376728415	-28.2311329990625	NA	NA	35.664009347558	1.8016016416369e-08	NA	NA
ATCCC	2494	1588	5890	1157	615	1947	2193113	0.372944243882872	-132.03586968407	-68.8197463713586	-27.9719389267266	NA	NA	81.6956148892641	1.81979567674325e-18	NA	NA
ATCCG	247	173	483	112	65	149	260851	0.361018826135105	-29.4313857476227	-25.5787455411628	-20.8846224774607	NA	NA	9.38824612740427	0.00914888684204902	NA	NA
ATCGA	799	884	7711	250	231	2530	271078	0.320523738556525	-34.2489111521281	-32.0234347172081	-26.1012320187874	NA	NA	11.8444053968415	0.0026792920001194	NA	NA
ATCGC	702	687	9982	231	185	3427	328932	0.337964998680855	-47.2727484521456	-31.700988534838	-26.0406178636476	NA	NA	11.3207413423806	0.00348122626874205	NA	NA
ATCGG	490	563	6557	152	88	2217	182214	0.322864651773982	-59.6801492436789	-57.132574217394	-24.7491573160514	NA	NA	64.7668338026851	8.63099240757669e-15	NA	NA
ATCTA	2896	3074	4127	922	1125	1237	2505479	0.325245122313559	-44.7601911649108	-40.1451830491424	-28.1611031666398	NA	NA	23.9681597650051	6.242811710102e-06	NA	NA
ATCTC	2717	2591	5769	1062	932	2020	3104869	0.36237248352442	-82.2808648273349	-32.6301241517067	-28.4332090988755	NA	NA	8.39383010566235	0.0150419088118631	NA	NA
ATCTG	2295	2793	5358	912	1072	1429	2875902	0.326727934137469	-94.9208396524191	-89.2824379429221	-28.1702152267098	NA	NA	122.224445432425	2.87937942824869e-27	NA	NA
ATGAA	9012	2101	3934	2534	591	1351	4493166	0.297467933807403	-49.9620378091931	-47.0701210200787	-28.7427009046078	NA	NA	36.6548402309418	1.09774780233062e-08	NA	NA
ATGAC	3606	1003	1544	1255	308	534	2022263	0.340809361287177	-38.5575898997486	-28.3702639788389	-26.3065604381263	NA	NA	4.12740708142519	0.126982811943203	NA	NA
ATGAG	9243	1795	1862	3392	538	641	3078314	0.354341085271318	-80.5794536843896	-38.3349011540413	-28.028136909008	NA	NA	20.6135284900665	3.34063603980069e-05	NA	NA
ATGCA	9148	1502	2648	2873	346	920	3007203	0.311249812001805	-51.0215662047267	-50.8341325670481	-27.9868607595563	NA	NA	45.6945436149836	1.1955174718012e-10	NA	NA
ATGCC	5508	1042	1650	2066	236	584	2188453	0.351951219512195	-81.7433897703886	-57.544872906059	-26.7310300394893	NA	NA	61.6276857331395	4.14684761748043e-14	NA	NA
ATGCG	895	101	168	255	27	52	267468	0.286941580756014	-21.2808638522401	-20.4006346073002	-20.1793946921825	NA	NA	0.442479830235243	0.80152435940981	NA	NA
ATGGA	8008	862	1820	2616	279	563	3267209	0.323479887745557	-31.6822295039892	-27.7527118772268	-27.056070394814	NA	NA	1.39328296482563	0.498255898057534	NA	NA
ATGGC	4257	683	1211	1531	202	368	2187298	0.34157047634531	-43.253540687263	-32.5945837646723	-25.7786740250885	NA	NA	13.6318194791675	0.00109619548998874	NA	NA
ATGGG	6253	1015	1678	2234	411	604	2465964	0.36317907444668	-71.0674548074603	-29.7965510040522	-27.1229551434517	NA	NA	5.34719172120094	0.0690036511477212	NA	NA
ATGTA	17139	1877	3437	4094	395	825	3354184	0.236672159622322	-234.665376655757	-31.8213051110506	-28.7301364541054	NA	NA	6.18233731389046	0.0454488092898375	NA	NA
ATGTC	7772	1377	1580	2563	256	428	2281168	0.302637710877062	-75.478394806385	-74.9188377149403	-27.0134338177741	NA	NA	95.8108077943325	1.56656144606884e-21	NA	NA
ATGTG	14206	1831	2406	4131	439	717	3500876	0.286667028140758	-51.1389358863235	-36.8306356519461	-28.4334698095918	NA	NA	16.7943316847086	0.000225505537596456	NA	NA
ATTAA	3206	4086	3377	648	1295	989	4593015	0.274814884244072	-96.6547247245908	-76.5300508886576	-28.0373486056924	NA	NA	96.9854045659304	8.70736973369024e-22	NA	NA
ATTAC	859	3444	1366	306	1030	357	2639094	0.298641735755865	-34.5202082470059	-33.6549139022827	-25.8422246128321	NA	NA	15.6253785789013	0.000404568581513318	NA	NA
ATTAG	864	4450	1647	287	1456	512	2722727	0.323947708662548	-29.7082573398948	-26.9901096373796	-26.3877167403698	NA	NA	1.2047857940197	0.547499956354195	NA	NA
ATTCA	1458	3340	2095	527	949	667	4010189	0.310895110982156	-36.7671092003584	-36.6917882338166	-26.8486262112856	NA	NA	19.6863240450621	5.31091131234584e-05	NA	NA
ATTCC	1059	3082	1189	407	752	390	2687462	0.2906191369606	-58.0562824904919	-55.303954616189	-25.8515473082662	NA	NA	58.9048146158457	1.61801307731692e-13	NA	NA
ATTCG	125	273	151	27	65	59	289305	0.275045537340619	-24.8537786696106	-23.8325793249533	-19.0211408669129	NA	NA	9.62287691608071	0.00813614776896466	NA	NA
ATTGA	1255	5115	2056	415	1369	741	3032330	0.299667695229053	-51.0269305557013	-50.0010264143348	-27.0930541604757	NA	NA	45.8159445077181	1.12510760062356e-10	NA	NA
ATTGC	779	4883	1473	270	950	565	2310206	0.250175192711983	-158.495860334486	-116.726755488664	-26.1315749250352	NA	NA	181.190361127257	4.51869464207372e-40	NA	NA
ATTGG	819	4097	1379	304	1119	488	2149311	0.303574265289913	-44.0159236565232	-43.7874294891953	-26.1037987582386	NA	NA	35.3672614619136	2.08976164286233e-08	NA	NA
ATTTA	2522	3554	4840	720	1091	1692	5869180	0.320905093440821	-43.2769792675972	-40.5010845810175	-28.2632565498352	NA	NA	24.4756560623646	4.84371760831712e-06	NA	NA
ATTTC	1535	3790	2222	606	964	790	4794799	0.312707035908308	-70.9117502868176	-70.6747418195009	-27.1293294578791	NA	NA	87.0908247232437	1.22593571974791e-19	NA	NA
ATTTG	2118	7014	2881	761	2617	982	4493772	0.362940148172813	-86.422968916595	-31.454726614058	-28.4490152671933	NA	NA	6.0114226937294	0.0495035276215604	NA	NA
CAAAA	4242	10030	1709	1048	3576	426	6615317	0.316000250297228	-102.671065419912	-101.146111950278	-28.612853333354	NA	NA	145.066517233849	3.15650170469869e-32	NA	NA
CAAAC	1872	3858	943	446	1365	283	2854593	0.313801888206204	-54.9605870842934	-54.6345721483231	-26.3159991502762	NA	NA	56.6371459960938	5.02805490680252e-13	NA	NA
CAAAG	1878	5998	974	557	1939	336	4002627	0.32	-31.5412716791034	-29.6005848348141	-26.9268381595612	NA	NA	5.34749335050583	0.0689932451707627	NA	NA
CAACA	2344	9264	1554	466	3252	503	3315272	0.320695942865826	-106.896404616535	-103.660875245929	-27.8584317713976	NA	NA	151.604886949062	1.20065182193991e-33	NA	NA
CAACC	1987	5592	1344	292	1757	336	1766601	0.26728678695506	-139.138743836433	-113.682795599103	-26.707194134593	NA	NA	173.95120292902	1.68646069445763e-38	NA	NA
CAACG	184	1139	162	39	386	53	288839	0.321885521885522	-25.8601624579169	-25.4224268565886	-20.9802744700573	NA	NA	8.88430477306247	0.011770576404887	NA	NA
CAAGA	1206	6710	1253	390	2081	266	3347082	0.298505834878395	-48.1499303132296	-46.710768841207	-26.6275515332818	NA	NA	40.1664346158504	1.89657291589893e-09	NA	NA
CAAGC	1010	3927	914	259	1036	197	1940005	0.254999145445223	-57.5850418694317	-28.9528744518757	-25.4099230803549	NA	NA	7.08590274304152	0.0289278242123568	NA	NA
CAAGG	1231	4775	1052	367	1332	253	2509889	0.276565599319921	-41.6811797618866	-29.7498698532581	-26.1018068641424	NA	NA	7.29612597823143	0.0260415226690952	NA	NA
CAATA	1057	15227	1319	317	5649	425	3027466	0.363063114241891	-119.07698238641	-38.2591461315751	-27.6247399747372	NA	NA	21.2688123136759	2.40733254841071e-05	NA	NA
CAATC	832	11249	932	181	4198	309	1843423	0.360255129485899	-111.606243602931	-57.7053601630032	-26.5915006957948	NA	NA	62.2277189344168	3.07200927568093e-14	NA	NA
CAATG	1143	22372	1583	283	7770	482	2664899	0.34006693760459	-88.3933354988694	-48.7649909779429	-28.110702984035	NA	NA	41.3085759878159	1.07141246964049e-09	NA	NA
CACAA	5023	2938	7537	1513	980	2425	3134728	0.317331268550781	-34.7798830419779	-32.7504190728068	-29.2295336201787	NA	NA	7.04177090525627	0.0295732378701759	NA	NA
CACAC	2485	2168	11162	828	476	3231	3406664	0.286753082516598	-68.1836226955056	-56.0105216577649	-28.4034525901079	NA	NA	55.214138135314	1.02424120257704e-12	NA	NA
CACAG	2198	4826	11188	782	1286	3074	3412544	0.282341313419723	-72.3525483682752	-51.906147480011	-29.1862596720457	NA	NA	45.4397756159306	1.35793222776609e-10	NA	NA
CACCA	3675	2970	9460	1425	1037	3231	3294987	0.353492704129152	-88.1057247370481	-37.2598423808813	-29.3340657949448	NA	NA	15.8515531718731	0.000361309153244667	NA	NA
CACCC	4091	1943	7871	1898	602	2725	2124449	0.375764113628191	-185.275244381279	-89.5880467891693	-28.8686911128461	NA	NA	121.438711352646	4.26499852248661e-27	NA	NA
CACCG	424	320	1219	173	128	419	453863	0.366785532348446	-35.5612157313153	-25.3140766238794	-22.9960577841848	NA	NA	4.63603767938912	0.0984684743203835	NA	NA
CACGA	945	1136	17336	243	263	5468	399907	0.307668537879178	-44.7046758066863	-44.6924789082259	-27.1431324230507	NA	NA	35.0986929703504	2.39009773587101e-08	NA	NA
CACGC	1310	1250	27244	444	257	8406	555889	0.305563011676285	-54.2619857545942	-53.9056888883933	-28.0818938640878	NA	NA	51.6475900486112	6.09352109781474e-12	NA	NA
CACGG	1030	1084	21724	291	182	6531	424604	0.293816595351959	-71.9507055971771	-63.8470883183181	-27.2662624837831	NA	NA	73.1616516690701	1.29762497773067e-16	NA	NA
CACTA	1060	2420	4883	397	779	1472	1791555	0.316632787277293	-35.2458528727293	-34.3127066642046	-27.1047645360231	NA	NA	14.4158842563629	0.00074067981232149	NA	NA
CACTC	1087	2428	7457	438	800	2593	2341128	0.349161502005104	-61.8003272488713	-33.3572703488171	-27.6760833263397	NA	NA	11.3623740449548	0.00340950887673406	NA	NA
CACTG	1923	3502	12421	757	1109	2744	3467457	0.258321192424073	-220.852333202958	-144.427476778626	-28.8645051419735	NA	NA	231.125943273306	6.48095649058642e-51	NA	NA
CAGAA	8741	3245	2532	2289	1104	967	4549902	0.300316848050696	-86.8880572840571	-85.3776911944151	-28.8189168050885	NA	NA	113.117548778653	2.73423840760126e-25	NA	NA
CAGAC	3616	2256	945	1011	687	390	2066984	0.306293090802406	-46.7312534451485	-46.6868895366788	-26.6034640409052	NA	NA	40.1668509915471	1.89617811356232e-09	NA	NA
CAGAG	6830	5550	1414	2217	1775	505	3943039	0.326011309264898	-37.8396254852414	-30.9563365280628	-28.5690705254674	NA	NA	4.77453200519085	0.0918805419618255	NA	NA
CAGCA	9744	2326	1954	3357	664	697	3549499	0.336423274386766	-57.3795966729522	-39.9297311604023	-28.3502633199096	NA	NA	23.1589356809855	9.35623267491456e-06	NA	NA
CAGCC	6724	2204	2141	2790	706	786	3393616	0.386846146896739	-151.661313377321	-49.3698289990425	-28.1821500360966	NA	NA	42.3753579258919	6.28503849544315e-10	NA	NA
CAGCG	1002	275	206	261	89	62	380502	0.277815239379636	-25.5745923537761	-23.2653069691733	-21.5318835163489	NA	NA	3.46684690564871	0.176678522860571	NA	NA
CAGGA	8401	1782	1702	3108	704	520	3920201	0.364493058477072	-96.5043331757188	-39.0800428837538	-27.9187275767326	NA	NA	22.3226306140423	1.42135431201801e-05	NA	NA
CAGGC	6230	1921	1698	2420	728	462	3264002	0.366534673570921	-105.755493067205	-54.7484283596277	-27.6381727680564	NA	NA	54.2205111831427	1.6833157758173e-12	NA	NA
CAGGG	6359	2234	1485	2337	908	471	2709823	0.368723953165311	-93.6224353536963	-37.5625856742263	-27.7590389847755	NA	NA	19.6070933789015	5.52552781804941e-05	NA	NA
CAGTA	8913	2116	1393	1974	617	489	2161392	0.247947190468524	-153.336560223252	-74.7761956229806	-27.6089204661548	NA	NA	94.3345503136516	3.27727339949581e-21	NA	NA
CAGTC	6103	1748	1307	1204	495	463	1862447	0.236077746232802	-172.918153304607	-88.6980370171368	-26.9081152491271	NA	NA	123.579843536019	1.46210290137704e-27	NA	NA
CATAA	2322	6992	1675	815	2468	385	3021214	0.333788333788334	-74.2783921509981	-63.0152549371123	-27.758596085012	NA	NA	70.5133177042007	4.87784066766208e-16	NA	NA
CATAC	1152	8777	626	388	2162	118	1677906	0.252771198484131	-103.059839583933	-46.8985974118114	-26.0003678612411	NA	NA	41.7964591011405	8.39487482175098e-10	NA	NA
CATAG	1147	14661	1497	407	5066	444	2042741	0.341924299335452	-63.6311235427856	-33.0679913088679	-27.8005292639136	NA	NA	10.5349240899086	0.00515668140501331	NA	NA
CATCA	2372	6066	1357	1073	1639	311	2940268	0.308626850433895	-127.149210363626	-127.147464364767	-27.419374614954	NA	NA	199.456179499626	4.8824851482204e-44	NA	NA
CATCC	2404	5081	1256	1087	1286	299	2109241	0.30568584830111	-135.277232855558	-135.180567063391	-27.1638467907906	NA	NA	216.033440545201	1.22725393231592e-47	NA	NA
CATCG	168	685	109	63	176	39	283340	0.288981288981289	-24.8305582227185	-24.2366275885142	-20.1777184642851	NA	NA	8.11781824845821	0.0172678459193561	NA	NA
CATGA	2171	11561	2231	881	3215	741	3052428	0.303013218066779	-78.7341849654913	-78.0089196190238	-28.6171424984932	NA	NA	98.7835542410612	3.54342908134953e-22	NA	NA
CATGC	1577	14903	2057	624	3235	791	2335991	0.250849652047257	-288.613182380795	-182.834283333272	-28.4054731987417	NA	NA	308.85762026906	8.5589386164892e-68	NA	NA
CATGG	1766	15482	1608	690	4516	544	2879453	0.304942723801442	-55.6342971995473	-55.2900503128767	-28.3886109367013	NA	NA	53.8028787523508	2.0742128654306e-12	NA	NA
CATTA	1189	4812	1206	388	1710	355	2942796	0.340363535451644	-43.9403406530619	-32.3255005627871	-26.4787334054708	NA	NA	11.6935343146324	0.00288922448454644	NA	NA
CATTC	1070	5893	1254	402	1655	370	2989165	0.295363271266886	-41.7214004173875	-39.4628300890326	-26.5687650367618	NA	NA	25.7881301045418	2.51292020630939e-06	NA	NA
CCAAA	3783	7320	950	919	2070	365	4005382	0.278270969883017	-72.1406364664435	-53.9339372292161	-27.6879857778549	NA	NA	52.4919029027224	3.99510421232898e-12	NA	NA
CCAAC	1366	2945	558	308	658	183	1885296	0.235982747997535	-80.1568705067039	-35.227055657655	-24.9934569150209	NA	NA	20.4671974852681	3.59421900337775e-05	NA	NA
CCAAG	1743	7717	681	492	1310	213	2689775	0.198698353219604	-315.549490496516	-89.4856267273426	-26.3500116467476	NA	NA	126.27123016119	3.80671846691529e-28	NA	NA
CCACA	2578	8037	1247	557	2007	442	3055877	0.253414264036419	-119.174178794026	-57.5185528844595	-27.5083674713969	NA	NA	60.0203708261251	9.26279546208495e-14	NA	NA
CCACC	3501	9378	1322	554	1447	440	2905790	0.171889303570171	-626.682685650885	-116.27439942956	-27.5987758487463	NA	NA	177.351247161627	3.08081769134704e-39	NA	NA
CCACG	334	1852	197	65	323	65	563536	0.190096516995384	-93.989102171734	-31.4289570907131	-21.8870573444292	NA	NA	19.0837994925678	7.1780353586346e-05	NA	NA
CCAGA	1088	6989	887	406	1896	261	2953076	0.285921463632307	-49.8105171471834	-42.3571414649487	-26.3876389712095	NA	NA	31.9390049874783	1.16020087382743e-07	NA	NA
CCAGC	1452	7750	1247	496	1594	403	3533815	0.238587424633936	-179.990936242044	-90.7000715658069	-26.9844432324171	NA	NA	127.43125666678	2.13134720510602e-28	NA	NA
CCAGG	1918	12656	1384	586	2716	480	3763529	0.236997117433262	-232.759291224182	-89.8589437529445	-27.8573119938374	NA	NA	124.003263518214	1.1831327006907e-27	NA	NA
CCATA	991	11484	1098	369	3706	473	2016012	0.335076991085243	-60.9857450574636	-45.6672949977219	-27.2778840698302	NA	NA	36.7788218557835	1.0317638527916e-08	NA	NA
CCATC	1407	12635	1640	424	3077	568	2510239	0.259469455426604	-124.163000032306	-60.1657721698284	-27.7699284031987	NA	NA	64.7916875332594	8.52439990469683e-15	NA	NA
CCCAA	3225	1953	4800	902	744	1825	2842520	0.34786530366807	-85.4248613789678	-61.1329528465867	-28.0406931191683	NA	NA	66.1845194548368	4.24829050326426e-15	NA	NA
CCCAC	2395	1739	6275	908	815	2309	2434698	0.387357094821789	-142.707484565675	-45.338596791029	-28.1337679475546	NA	NA	34.4096576869488	3.37316644276249e-08	NA	NA
CCCAG	2698	2405	8665	1039	957	3376	4270940	0.390180127832655	-166.970824465156	-29.1317483484745	-28.8551039323211	NA	NA	0.553288832306862	0.758324096974338	NA	NA
CCCCA	2737	3384	7127	953	1520	2384	2810264	0.366621376811594	-138.667275644839	-69.8962561860681	-28.9485106170177	NA	NA	81.8954911381006	1.64672111017177e-18	NA	NA
CCCCC	2507	2516	5567	744	911	1882	1447413	0.33399433427762	-47.5832281559706	-36.5679337456822	-28.1333806440234	NA	NA	16.8691062033176	0.000217230164277342	NA	NA
CCCCG	395	439	1225	152	166	372	486183	0.335114133074308	-29.8768074382097	-27.5448416126892	-23.1269768597558	NA	NA	8.83572950586677	0.0120599557971626	NA	NA
CCCGA	790	926	12899	196	311	4242	357178	0.324940130003421	-41.3238890245557	-34.9505311306566	-26.6574032250792	NA	NA	16.5862558111548	0.000250230539863105	NA	NA
CCCGC	1011	912	16295	232	269	5278	424094	0.31721374464815	-44.7654319405556	-42.4670513384044	-27.0098243281245	NA	NA	30.9144540205598	1.93647370387524e-07	NA	NA
CCCGG	1402	1351	25462	327	338	8007	609205	0.307354244196349	-51.5587478242815	-51.5187453683466	-28.0850115269423	NA	NA	46.8674676828086	6.65056744784403e-11	NA	NA
CCCTA	887	1515	4137	292	616	1685	1474622	0.396543814038844	-108.234606087208	-32.6716357059777	-26.4953153245151	NA	NA	12.3526407629251	0.00207806027293687	NA	NA
CCCTC	1438	2289	7860	458	1012	2843	2253706	0.372227496332096	-121.071149490774	-49.2014781981707	-27.9983090758324	NA	NA	42.4063382446766	6.18843240093443e-10	NA	NA
CCGAA	11398	724	516	3541	84	142	253841	0.298069314764994	-83.4886804115959	-81.3522142772563	-25.3496551150456	NA	NA	112.005118324421	4.76867344591477e-25	NA	NA
CCGAC	5725	712	342	2000	97	123	175920	0.327481929488125	-84.1378277488984	-80.2176411149558	-24.5122826222796	NA	NA	111.410716985352	6.41904165845237e-25	NA	NA
CCGAG	17990	1360	789	6328	287	256	588634	0.341178807289339	-103.452947432175	-69.6835931194946	-27.3124880399555	NA	NA	84.7422101590782	3.96700613225505e-19	NA	NA
CCGCA	15055	1191	1221	4485	93	417	304860	0.285967825041507	-177.882557972334	-163.638988712337	-26.8711530631408	NA	NA	273.535671298392	4.00390418139733e-60	NA	NA
CCGCC	21408	1276	1620	6814	177	473	563651	0.307109940750494	-106.995057737455	-106.940318903886	-27.8245793087408	NA	NA	158.23147919029	4.36989359415139e-35	NA	NA
CCGCG	4067	200	277	1216	39	54	114844	0.288072183098592	-34.4718206156977	-31.4247322562151	-22.4876951347105	NA	NA	17.8740742430091	0.000131429874611346	NA	NA
CCGGA	12173	465	638	3800	77	115	245269	0.300692979813197	-63.8963236780837	-62.6610206407495	-25.151181101799	NA	NA	75.0196790779009	5.12487965064773e-17	NA	NA
CCGGC	15858	812	1019	5142	174	202	400847	0.311945276725649	-69.0665330719203	-68.6907093869522	-26.6416016183794	NA	NA	84.0982155371457	5.47399664824627e-19	NA	NA
CCGTA	13382	582	559	3443	69	117	189732	0.24987950148041	-137.794718626421	-53.5267491340637	-25.1375223691575	NA	NA	56.7784535298124	4.68506338063608e-13	NA	NA
CCGTC	21889	983	826	6048	100	151	362867	0.265803021352013	-179.729265515693	-108.194171735086	-26.440944282338	NA	NA	163.506454905495	3.1262552890831e-36	NA	NA
CCTAA	849	3144	804	233	865	294	2040064	0.290181363352095	-36.7135611884296	-34.1112540215254	-25.2052110470831	NA	NA	17.8120859488845	0.00013556721697043	NA	NA
CCTAC	518	3471	376	144	736	133	1315976	0.232073310423826	-84.4964164867997	-39.5263700000942	-23.9098944962025	NA	NA	31.2329510077834	1.65139460664445e-07	NA	NA
CCTAG	573	5003	764	153	1157	220	1681356	0.241324921135647	-79.8870847523212	-30.0666983053088	-25.0050117783248	NA	NA	10.123373053968	0.00633486657506083	NA	NA
CCTCA	1111	4064	1283	417	891	393	3353148	0.263394239702694	-91.9031140506268	-69.6926609948277	-26.152649641037	NA	NA	87.0800227075815	1.23257492122099e-19	NA	NA
CCTCC	1558	4932	1608	586	1121	502	3746346	0.272783403309459	-95.6240859255195	-78.3973731175065	-26.9384126737714	NA	NA	102.91792088747	4.48391565638563e-23	NA	NA
CCTCG	202	686	229	68	124	83	513648	0.246195165622202	-43.449939372018	-35.9455219376832	-20.8818260747939	NA	NA	30.1273917257786	2.87025187736583e-07	NA	NA
CCTGA	1083	7828	1254	368	1951	499	3054784	0.277225774717167	-90.9466491639614	-74.4858197942376	-26.9040172174573	NA	NA	95.1636051535606	2.16513859613205e-21	NA	NA
CCTGC	1113	7773	1403	354	1440	541	2618487	0.22694139372145	-262.426470831037	-140.875075764954	-26.8391729816794	NA	NA	228.071805566549	2.9842601686541e-50	NA	NA
CCTTA	738	2441	937	166	568	333	1908957	0.259232264334305	-61.9020569398999	-44.9163997173309	-24.767931394279	NA	NA	40.2969366461039	1.77677071910392e-09	NA	NA
CCTTC	1046	4715	1327	268	1046	487	2841145	0.254091422121896	-101.419718295336	-65.4972689151764	-26.1797354966402	NA	NA	78.6350668370724	8.40644148440482e-18	NA	NA
CGAAA	186	531	103	58	183	32	375731	0.332926829268293	-21.0526160383597	-20.2669501239434	-19.9535404341295	NA	NA	0.626819379627705	0.730950388288535	NA	NA
CGAAC	88	210	74	26	66	17	238584	0.293010752688172	-18.5783629496582	-18.435100083705	-17.7292001079768	NA	NA	1.41179995145649	0.493664088575357	NA	NA
CGAAG	170	374	71	41	69	21	304261	0.213008130081301	-30.909354025498	-20.7477483358234	-18.6789692067541	NA	NA	4.1375582581386	0.126339932337656	NA	NA
CGACA	151	593	113	27	151	51	285484	0.267211201866978	-30.7686486034654	-28.3130509150214	-19.7058369568549	NA	NA	17.2144279163331	0.000182782441217516	NA	NA
CGACC	225	447	112	23	73	49	177964	0.184948979591837	-61.3502447560895	-38.7647445560433	-19.2962598295417	NA	NA	38.9369694530033	3.50707062918981e-09	NA	NA
CGACG	30	92	17	9	16	5	43207	0.215827338129496	-17.4293171009049	-15.2755637210794	-14.2190972510143	NA	NA	2.11293294013012	0.347682187751629	NA	NA
CGAGA	202	689	179	85	166	51	616623	0.282242990654206	-30.1421455210075	-28.9303174642846	-20.7753150472417	NA	NA	16.3100048340857	0.000287294591610071	NA	NA
CGAGC	118	421	82	24	63	21	228441	0.173913043478261	-42.3373740217648	-20.7315266192891	-18.3155951183289	NA	NA	4.83186300192028	0.0892841319194601	NA	NA
CGATA	90	475	122	36	191	55	214932	0.410480349344978	-30.475476257503	-19.9598431787454	-19.6725682104006	NA	NA	0.574549936689436	0.750305390238889	NA	NA
CGATC	131	424	139	35	120	53	299313	0.29971181556196	-21.5489885117859	-21.4653452434577	-19.60447472753	NA	NA	3.72174103185534	0.15553717383085	NA	NA
CGCAA	220	169	556	53	47	182	255622	0.298412698412698	-22.7822187417187	-22.6310844472609	-20.4504322637804	NA	NA	4.36130436696112	0.112967830857052	NA	NA
CGCAC	133	104	831	47	43	311	285416	0.375468164794007	-27.8979100696743	-20.6040991717018	-20.3208266403526	NA	NA	0.566545062698424	0.753314458075946	NA	NA
CGCAG	239	247	826	83	50	274	362901	0.310213414634146	-27.7365941368043	-27.7287887008861	-21.3382493052632	NA	NA	12.7810787912458	0.00167735120143855	NA	NA
CGCCA	307	251	1243	128	81	416	493316	0.347029428095503	-29.0711770625785	-24.866520636715	-22.3411032371223	NA	NA	5.0508347991854	0.0800249034525776	NA	NA
CGCCC	454	292	1597	204	90	579	523157	0.372599231754161	-43.1966657945886	-28.4964918121696	-23.1875490751117	NA	NA	10.6178854741156	0.00494715439669015	NA	NA
CGCCG	51	57	210	19	11	72	88100	0.320754716981132	-19.1304436546052	-19.0515250968747	-16.998355013784	NA	NA	4.10634016618133	0.12832744941977	NA	NA
CGCGA	139	204	2668	24	44	823	67124	0.295914978412488	-29.5043329022592	-28.7554353888845	-21.4003245247295	NA	NA	14.71022172831	0.000639316536371062	NA	NA
CGCGC	205	155	6080	55	33	1714	139256	0.279813664596273	-32.5864915072452	-23.9542464544065	-22.504738138523	NA	NA	2.89901663176715	0.234685650937353	NA	NA
CGCTA	118	119	560	28	43	211	177611	0.353826850690088	-25.2145275534131	-22.6614527252968	-19.6789709434379	NA	NA	5.9649635637179	0.0506669334245832	NA	NA
CGCTC	183	206	998	51	75	399	314114	0.378514780100937	-34.9721062933095	-24.6530298814178	-21.3551896559075	NA	NA	6.5956804510206	0.0369629128103442	NA	NA
CGGAA	732	174	196	205	94	82	301989	0.345735027223231	-37.9738964042626	-35.5671004280448	-21.167496283073	NA	NA	28.7992082899436	5.57611058727429e-07	NA	NA
CGGAC	338	142	107	103	48	51	171569	0.34412265758092	-23.8729062739294	-22.6969408954028	-19.4618571421597	NA	NA	6.47016750648618	0.0393569085333381	NA	NA
CGGAG	843	382	261	275	151	89	476575	0.346567967698519	-27.3644902566448	-23.9752710964531	-22.198761398904	NA	NA	3.55301939509809	0.169227773796209	NA	NA
CGGCA	878	171	283	306	44	130	302564	0.36036036036036	-33.5402102246881	-27.9964342806488	-21.4843628085218	NA	NA	13.024142944254	0.0014853995701284	NA	NA
CGGCC	1093	290	377	471	89	131	464186	0.392613636363636	-47.1432096827775	-28.5053492635489	-22.5720817614347	NA	NA	11.8665350042284	0.00264980956954759	NA	NA
CGGGA	1180	317	316	374	91	98	517374	0.310535024820739	-22.6988313542679	-22.6841301694512	-22.3179246056825	NA	NA	0.732411127537489	0.693360256811788	NA	NA
CGGGC	900	256	330	266	81	100	454673	0.300807537012113	-22.1613354478031	-22.0252489876002	-21.8792463112622	NA	NA	0.292005352675915	0.864155390409675	NA	NA
CGGTA	548	153	207	181	39	88	176849	0.33920704845815	-25.7822819014546	-24.4221444416326	-20.5192621352617	NA	NA	7.80576461274177	0.0201836520565231	NA	NA
CGGTC	519	148	219	144	54	83	178519	0.317155756207675	-23.7293444715906	-23.6177658543456	-20.5225162506104	NA	NA	6.19049920747057	0.045263713058275	NA	NA
CGTAA	120	395	116	35	103	29	282735	0.264659270998415	-21.3242758656852	-19.2779785152525	-19.0585794593208	NA	NA	0.438798111863434	0.803001211811152	NA	NA
CGTAC	75	422	52	21	90	9	149896	0.218579234972678	-26.419747820124	-18.4428564454429	-17.5561119948979	NA	NA	1.77348890108988	0.411994841416416	NA	NA
CGTAG	103	653	130	23	220	24	222525	0.301354401805869	-25.3144605001435	-25.2447978490964	-19.3656067191623	NA	NA	11.7583822598681	0.00279704680770633	NA	NA
CGTCA	134	635	121	46	127	33	287420	0.231460674157303	-33.9926686356775	-24.6675092736259	-19.6764586376958	NA	NA	9.9821012718603	0.0067985179714396	NA	NA
CGTCC	143	795	188	66	133	18	250365	0.192717584369449	-74.3298238818534	-46.1766358837485	-19.942607622128	NA	NA	52.4680565232411	4.04302370680388e-12	NA	NA
CGTGA	257	1225	363	97	212	79	603666	0.21029810298103	-72.422273687087	-40.0669634491205	-21.9421740341932	NA	NA	36.2495788298547	1.34432405988765e-08	NA	NA
CGTGC	153	2224	280	51	249	69	395940	0.138878434324426	-207.740355079062	-52.1162030017003	-21.5417181588709	NA	NA	61.1489696856588	5.26829330515109e-14	NA	NA
CGTTA	108	363	103	27	87	19	259392	0.231707317073171	-25.1152199073695	-19.1400111545809	-18.4812336778268	NA	NA	1.31755495350808	0.517483583653725	NA	NA
CGTTC	116	523	153	27	126	30	273997	0.231060606060606	-28.2345852558501	-19.8447342887521	-19.3082657228224	NA	NA	1.07293713185936	0.584809827422528	NA	NA
CTAAA	1442	7687	1176	387	2903	343	3433049	0.35254730713246	-87.3659083917737	-56.1303030699492	-27.0425325259566	NA	NA	58.175541087985	2.32992403706955e-13	NA	NA
CTAAC	797	2257	431	216	682	142	1435374	0.298421807747489	-26.4935488030314	-25.9370099306107	-24.1759319454432	NA	NA	3.52215597033501	0.171859501938335	NA	NA
CTAAG	925	4179	454	260	1093	165	1872858	0.273119827275999	-43.8622564263642	-32.2691232636571	-24.9874544516206	NA	NA	14.563337624073	0.000688036401663119	NA	NA
CTACA	1260	7819	728	274	2613	266	2322230	0.321505047415112	-57.1043630726635	-54.3712653182447	-26.3908684551716	NA	NA	55.9607937261462	7.05128130605013e-13	NA	NA
CTACC	1180	3672	698	223	1018	175	1390574	0.255135135135135	-66.7575117610395	-39.7488082163036	-25.1760439313948	NA	NA	29.1455285698175	4.68952531906663e-07	NA	NA
CTAGA	577	5838	571	180	1724	150	2140046	0.294016604637847	-28.6880720071495	-26.343958619982	-25.0295798517764	NA	NA	2.62875753641129	0.268641159841537	NA	NA
CTAGC	428	2706	414	121	676	121	1243388	0.258737316798196	-40.2518206685781	-25.3072929792106	-23.5617610607296	NA	NA	3.49106383696198	0.174552116771975	NA	NA
CTATA	2815	16376	986	527	5840	343	2304183	0.332556871685583	-167.505788810551	-148.781327370554	-28.1670466959476	NA	NA	241.228561349213	4.1484271154598e-53	NA	NA
CTATC	1803	10054	822	540	3321	260	1569225	0.325025632936351	-35.2257179096341	-29.585454326123	-27.2014352269471	NA	NA	4.76803819835186	0.0921793540521895	NA	NA
CTCAA	2089	3402	5335	593	1248	1929	3286316	0.348235728801035	-71.3550628274679	-44.5109665617347	-28.2306722253561	NA	NA	32.5605886727571	8.5027225105696e-08	NA	NA
CTCAC	1166	1605	7038	441	572	2776	2848966	0.386277908043633	-119.334558062255	-29.9520012140274	-27.3458717465401	NA	NA	5.21225893497467	0.0738197131281349	NA	NA
CTCAG	1251	2906	7012	441	919	2697	3794381	0.363237532455905	-93.3172120377421	-41.672531478107	-27.8989644944668	NA	NA	27.5471339672804	1.04283563438507e-06	NA	NA
CTCCA	1962	3373	6463	795	1316	2246	3467242	0.36929988133582	-104.898390091956	-38.0440099537373	-28.5399556383491	NA	NA	19.0081086307764	7.45489713188821e-05	NA	NA
CTCCC	2227	2780	9229	876	1027	3227	3365035	0.36035403203147	-93.0903978124261	-33.8510121628642	-28.7899376004934	NA	NA	10.1221491247416	0.00633874447568206	NA	NA
CTCGA	534	1061	9683	148	270	3404	374754	0.338889874091151	-60.1804762855172	-43.7520467182621	-26.0719347205013	NA	NA	35.3602239955217	2.09712790888868e-08	NA	NA
CTCGC	436	698	8922	111	172	3115	307932	0.337907716785998	-55.1306550339796	-41.4042735374533	-25.3054040465504	NA	NA	32.1977389818057	1.01941217286228e-07	NA	NA
CTCTA	2324	5037	4440	375	1726	1623	2467409	0.315566477417168	-158.496571809053	-157.493974663317	-28.2341581583023	NA	NA	258.51963301003	7.29751438995133e-57	NA	NA
CTCTC	2309	6705	8335	462	2093	2752	3225797	0.3058965934636	-85.7646872848272	-85.602665565908	-29.153140373528	NA	NA	112.89905038476	3.04987965502252e-25	NA	NA
CTGAA	6617	2305	1535	1980	628	511	3606668	0.298269102036913	-34.9437683299184	-33.2217317670584	-27.5853339955211	NA	NA	11.2727955430746	0.00356568972872071	NA	NA
CTGAC	3124	1600	826	1089	461	337	2047582	0.34	-47.0931776724756	-38.3479147292674	-26.0563623011112	NA	NA	24.5831048563123	4.59035851932781e-06	NA	NA
CTGCA	8707	2020	3479	2898	467	1338	3561867	0.331057299732507	-88.6317565813661	-76.9925179630518	-28.5884641930461	NA	NA	96.8081075400114	9.51451260770444e-22	NA	NA
CTGCC	5819	2165	3597	2236	593	1274	2998323	0.354287194542786	-94.8560855165124	-57.0136905610561	-28.4035766720772	NA	NA	57.2202277779579	3.75651745693391e-13	NA	NA
CTGGA	7438	1049	1383	2454	361	424	3395574	0.328166160081054	-34.5592288449407	-28.3757902607322	-26.9353399723768	NA	NA	2.8809005767107	0.236821096887412	NA	NA
CTGGC	4409	1033	1278	1669	393	378	2575732	0.363095238095238	-67.7095630541444	-36.7898763641715	-26.4191839322448	NA	NA	20.7413848638535	3.13375834378699e-05	NA	NA
CTGTA	12986	3697	2078	3647	963	714	2976186	0.283780182293055	-63.852275505662	-45.0965364202857	-28.9942272752523	NA	NA	32.2046182900667	1.01591177110807e-07	NA	NA
CTGTC	7880	4652	1946	2136	1207	580	2538942	0.270962840171294	-66.3469309359789	-32.2717614173889	-28.5684828087687	NA	NA	7.40655721724033	0.0246426004382174	NA	NA
CTTAA	894	3325	1730	281	894	552	2859003	0.290300890906035	-35.2027054205537	-32.0180744826794	-26.0672057047486	NA	NA	11.9017375558615	0.00260357760480212	NA	NA
CTTAC	511	3860	703	172	863	166	1634104	0.236696886085928	-81.344839181751	-35.4925033263862	-24.5481240861118	NA	NA	21.8887584805489	1.76569825614113e-05	NA	NA
CTTCA	813	3299	1935	303	786	378	3403343	0.242599636183231	-105.5341379866	-59.855940528214	-25.856076925993	NA	NA	67.999727204442	1.71414222078927e-15	NA	NA
CTTCC	854	5240	1850	321	1035	340	3355397	0.2134944612286	-206.153233923018	-76.3305820971727	-26.2026866823435	NA	NA	100.255790829659	1.69719456335729e-22	NA	NA
CTTGA	711	5332	1710	258	1138	616	2970376	0.259512446794789	-123.955797724426	-92.340474717319	-26.3155217021704	NA	NA	132.049906030297	2.11703109795486e-29	NA	NA
CTTGC	503	4206	1105	168	778	407	2066485	0.232714138286894	-153.000824905932	-94.1463438458741	-25.1939498074353	NA	NA	137.904788076878	1.13332835622997e-30	NA	NA
CTTTA	778	3087	2163	260	755	668	3590420	0.279197080291971	-48.7593752816319	-40.2126156315207	-26.0445970520377	NA	NA	28.3360371589661	7.02922931278625e-07	NA	NA
CTTTC	729	5979	2007	233	1094	640	3927918	0.22570281124498	-205.399302564561	-99.0592212975025	-26.4140977486968	NA	NA	145.290247097611	2.82243341790328e-32	NA	NA
GAAAA	2834	7803	1683	852	2153	455	6757467	0.280844155844156	-46.0746848881245	-30.5585592836142	-27.9541455358267	NA	NA	5.20882749557495	0.0739464757776785	NA	NA
GAAAC	1182	2645	599	361	611	196	2953071	0.263895164934478	-53.4169210791588	-38.5397842228413	-24.9800888299942	NA	NA	27.1193907856941	1.29151398903996e-06	NA	NA
GAACA	1506	5965	1313	326	1723	444	2784864	0.283811475409836	-55.3570225760341	-46.5900133177638	-26.7749804407358	NA	NA	39.630065754056	2.47993651217166e-09	NA	NA
GAACC	1228	3481	926	220	762	294	1542056	0.226441881100266	-114.885567702353	-47.445549365133	-25.418471314013	NA	NA	44.0541561022401	2.71494821304862e-10	NA	NA
GAAGA	1490	6466	1243	600	1603	261	3761226	0.267855201652353	-109.364648319781	-83.8416232466698	-26.7863340228796	NA	NA	114.11057844758	1.66418930518084e-25	NA	NA
GAAGC	738	4054	698	320	799	175	2092894	0.235701275045537	-139.045718610287	-87.9723794870079	-25.051151946187	NA	NA	125.842455081642	4.71691537169574e-28	NA	NA
GAATA	1772	6236	1249	596	2036	399	3134139	0.327427892405747	-32.909440562129	-27.5289177373052	-27.185192078352	NA	NA	0.68745131790638	0.709123443034248	NA	NA
GAATC	1261	3450	887	404	962	312	1984672	0.299749910682387	-33.7639538682997	-33.0953692905605	-25.8560793586075	NA	NA	14.4785798639059	0.000717821281145833	NA	NA
GACAA	4078	2588	5460	1381	723	1549	2390270	0.301253504865578	-43.5125476270914	-42.5314227752388	-28.4789106138051	NA	NA	28.1050243228674	7.88990022895219e-07	NA	NA
GACAC	1178	1326	4854	389	218	1586	1727530	0.29804294645284	-83.5034623332322	-82.2366854287684	-26.24472361058	NA	NA	111.983923636377	4.81947743718199e-25	NA	NA
GACCA	2394	1590	5165	1049	558	1685	1858397	0.35982074543666	-92.6446939595044	-55.338434830308	-27.7163481973112	NA	NA	55.2441732659936	1.00897451455618e-12	NA	NA
GACCC	2728	867	3873	1273	234	1284	1221249	0.373727905731119	-127.930661482736	-79.4944673813879	-26.8602511398494	NA	NA	105.268432483077	1.38436409542236e-23	NA	NA
GACGA	748	748	13093	133	106	3793	218970	0.276372609500308	-99.392510435544	-74.858793688938	-25.7291569872759	NA	NA	98.2592734033242	4.60542678584663e-22	NA	NA
GACGC	453	610	10950	89	66	3187	174782	0.278198618163656	-93.3101469362155	-75.4017815659754	-24.7618679399602	NA	NA	101.27982725203	1.01710303015331e-22	NA	NA
GACTA	1272	1458	3394	358	465	955	1450193	0.290333115610712	-32.1369508132339	-28.8725872784853	-26.2351670153439	NA	NA	5.27484052628279	0.0715456005141931	NA	NA
GACTC	1139	1289	4565	329	418	1509	1586333	0.322608322608323	-31.2198647707701	-28.9346531294286	-26.3996101021767	NA	NA	5.07008605450392	0.0792583089241354	NA	NA
GAGAA	9862	3406	3975	2981	1153	1653	4490942	0.335614452241489	-102.156967848539	-81.9004460573196	-29.5502791553736	NA	NA	104.700333803892	1.83912559197951e-23	NA	NA
GAGAC	4681	2384	1378	1668	923	616	2657327	0.379841288641478	-104.118375808001	-38.9629319086671	-27.5750563442707	NA	NA	22.7757511287928	1.13320499923572e-05	NA	NA
GAGCA	8212	1518	1288	2962	429	452	2240302	0.348792884371029	-67.2585444375873	-39.2009461782873	-27.3449147753417	NA	NA	23.712062805891	7.0956303790683e-06	NA	NA
GAGCC	5747	1174	1390	2509	408	533	2077791	0.415112501504031	-177.149252224714	-38.7494508363307	-27.050894472748	NA	NA	23.3971127271652	8.30580106681409e-06	NA	NA
GAGGA	9364	1609	1455	3540	655	483	2966772	0.376408110717734	-120.982873134315	-33.8053994998336	-27.8348433449864	NA	NA	11.9411123096943	0.00255282126019775	NA	NA
GAGGC	8274	1602	1394	3299	671	486	3058431	0.395385980479148	-159.957886852324	-32.9536806568503	-27.7295928895473	NA	NA	10.448175534606	0.00538527033955184	NA	NA
GAGTA	6405	1508	1018	2024	487	368	1734339	0.322360317993506	-32.4189092516899	-29.6005613841116	-26.8699003793299	NA	NA	5.46132200956345	0.0651761936507023	NA	NA
GATAA	2147	5702	1967	835	1913	382	2579826	0.318867155664222	-102.984996527433	-101.227737650275	-27.5785577818751	NA	NA	147.2983597368	1.03411202065568e-32	NA	NA
GATAC	740	4925	660	273	1619	94	1310372	0.31399209486166	-69.3782487586141	-69.0478404946625	-25.083619069308	NA	NA	87.928442850709	8.06457033203161e-20	NA	NA
GATCA	1788	3673	842	821	1048	218	2128706	0.331112168808504	-90.2893760316074	-85.0989081785083	-26.2539229728281	NA	NA	117.68997041136	2.7793781403682e-26	NA	NA
GATCC	1375	2627	869	622	640	200	1363939	0.300143707657565	-94.597846083343	-94.0688232593238	-25.5421218425035	NA	NA	137.053402833641	1.73472929103124e-30	NA	NA
GATGA	2202	8263	1665	833	2208	536	2520091	0.294888705688376	-68.4199354425073	-64.8369518965483	-27.9325432106853	NA	NA	73.808817371726	9.38899158520029e-17	NA	NA
GATGC	1061	5747	1242	438	1388	398	1487380	0.276273291925466	-88.7220847867429	-74.8678504303098	-26.5368935205042	NA	NA	96.6619138196111	1.02360431731431e-21	NA	NA
GATTA	1154	3680	970	416	1212	285	2523635	0.32960027567195	-33.7253966853023	-29.5508859232068	-25.9739243984222	NA	NA	7.15392304956913	0.0279605266827822	NA	NA
GCAAA	1788	5016	773	695	1300	239	3313218	0.294839646298007	-64.5061650574207	-62.2498051375151	-26.4378640204668	NA	NA	71.6238822340965	2.7994427257544e-16	NA	NA
GCAAC	956	2425	466	310	467	148	1619162	0.24044710163764	-85.65069238469	-54.5759483762085	-24.3537925332785	NA	NA	60.4443116858602	7.49349611000262e-14	NA	NA
GCACA	1745	7245	889	572	1392	353	2370091	0.234537908695212	-221.520128697157	-126.545220758766	-26.8100484311581	NA	NA	199.470344655216	4.84802673855417e-44	NA	NA
GCACC	1471	6027	653	362	771	232	1488802	0.167464114832536	-446.364356659353	-131.934120051563	-25.7440158165991	NA	NA	212.380208469927	7.62471645640256e-47	NA	NA
GCAGA	1345	7624	946	547	1505	253	2906267	0.232476046394352	-222.843827590346	-121.827645137906	-26.5871487185359	NA	NA	190.48099283874	4.3408817096321e-42	NA	NA
GCAGC	931	4272	804	338	815	222	2027362	0.228899617113368	-141.920418970287	-74.4867409840226	-25.4200544133782	NA	NA	98.1333731412888	4.90465853661291e-22	NA	NA
GCATA	1357	8787	1076	521	2672	422	1767920	0.322192513368984	-50.4621961638331	-47.0061582997441	-27.2431920133531	NA	NA	39.525932572782	2.61247892573841e-09	NA	NA
GCCAA	1553	1010	3810	446	404	1371	2295066	0.348501490663738	-55.7208514474332	-39.7089940756559	-26.4304060637951	NA	NA	26.5571760237217	1.71073404776337e-06	NA	NA
GCCAC	972	546	4074	324	191	1511	2213159	0.362303290414878	-52.1351328194141	-27.123959094286	-25.4368701949716	NA	NA	3.37417779862881	0.185057461521048	NA	NA
GCCCA	1520	1325	5124	541	522	1920	2347885	0.374325511356506	-81.1179264858365	-28.4671400897205	-27.0960410535336	NA	NA	2.74219807237387	0.25382784021812	NA	NA
GCCCC	1367	881	4359	551	335	1597	1419466	0.375813531103375	-73.8758339695632	-28.3172441832721	-26.4526547938585	NA	NA	3.72917877882719	0.154959824968099	NA	NA
GCCGA	919	732	13622	240	244	4499	404835	0.32626203103516	-41.213566403836	-33.4570774482563	-26.6541000911966	NA	NA	13.6059547141194	0.00111046397326597	NA	NA
GCCGC	559	313	8918	125	93	2774	238723	0.30561797752809	-32.0855613118038	-31.9728015824221	-24.7181383850984	NA	NA	14.5093263946474	0.000706870415061186	NA	NA
GCCTA	853	946	3442	175	392	1282	1340317	0.352795268078611	-79.3160140439868	-63.2600384503603	-25.5304743163288	NA	NA	75.4591282680631	4.11394510165476e-17	NA	NA
GCGAA	9290	428	399	2859	60	88	211228	0.297222496787585	-54.5217736321501	-52.5135474447161	-24.3436131831259	NA	NA	56.3398685231805	5.83381959151322e-13	NA	NA
GCGAC	4890	326	339	1778	74	78	179287	0.347434743474347	-53.9587966068648	-40.8336842614226	-23.6218723924831	NA	NA	34.4236237378791	3.34969358675322e-08	NA	NA
GCGCA	12998	575	937	3860	92	283	242781	0.291867677463818	-53.6435277834535	-47.2856649504974	-26.0255374140106	NA	NA	42.5202550729737	5.84579964209914e-10	NA	NA
GCGCC	15262	653	990	4775	141	270	397416	0.306773144040225	-39.235510174185	-39.1726876012981	-26.5030845263973	NA	NA	25.3392061498016	3.14529436348025e-06	NA	NA
GCGGA	16215	412	579	5161	65	110	326946	0.310124375217947	-61.5488154417835	-61.4570391271263	-25.2325867642649	NA	NA	72.448904725723	1.85319119821579e-16	NA	NA
GCGTA	11653	405	440	3113	73	118	149407	0.264362297967675	-71.2497543937061	-31.0348506143782	-24.7448729635216	NA	NA	12.5799553017132	0.00185480139961474	NA	NA
GCTAA	750	2928	625	239	759	269	1983942	0.294445735533349	-50.5478698648512	-49.1897075586021	-24.8848087787628	NA	NA	48.6097975596786	2.78302159769855e-11	NA	NA
GCTAC	478	2656	298	168	636	101	1348417	0.263694638694639	-47.4261105656624	-35.7864288762212	-23.4867449849844	NA	NA	24.5993677824736	4.55318353683587e-06	NA	NA
GCTCA	713	3076	823	252	784	263	2623694	0.281656548135299	-42.6044478043914	-37.1396844163537	-25.0534126088023	NA	NA	24.1725436151028	5.63636159693696e-06	NA	NA
GCTCC	644	2563	847	213	567	187	1680397	0.238529847064628	-71.6733287461102	-36.9651407599449	-24.5089301913977	NA	NA	24.9124211370945	3.89346687962416e-06	NA	NA
GCTGA	1030	6695	1084	308	1367	431	2777446	0.239073674650925	-173.07219774276	-98.8929664492607	-26.3880778253078	NA	NA	145.009777247906	3.24733399949251e-32	NA	NA
GCTTA	626	2036	577	139	480	237	1622625	0.264279098487187	-60.1896705031395	-49.4963506013155	-24.0099417679012	NA	NA	50.9728176668286	8.5387299804998e-12	NA	NA
GGAAA	2350	9017	1203	584	2393	478	4421777	0.274860779634049	-84.6644112691283	-61.0237837061286	-27.6530013009906	NA	NA	66.741564810276	3.21553576678385e-15	NA	NA
GGAAC	677	2272	559	138	467	269	1668610	0.249144811858609	-104.985356926918	-83.6812407150865	-24.1339862197638	NA	NA	119.094508990645	1.37706981949251e-26	NA	NA
GGACA	1088	4960	1166	185	1197	491	2073430	0.25963404491267	-126.938960798085	-97.6797320395708	-26.0457820855081	NA	NA	143.267899908125	7.75837590537822e-32	NA	NA
GGACC	724	2445	680	127	494	272	1039739	0.232008313847753	-108.346423907205	-68.6256752833724	-24.2933635991067	NA	NA	88.6646233685315	5.58112392083314e-20	NA	NA
GGAGA	1199	4899	1104	356	1166	373	3396882	0.263121355179117	-70.6255980208516	-45.5475888848305	-26.2382690608501	NA	NA	38.6186396479607	4.1121500282888e-09	NA	NA
GGATA	993	4209	1818	311	1298	760	1805613	0.337464387464387	-58.6037355326116	-49.2200530543923	-26.6580766178668	NA	NA	45.1239528730512	1.59022337440968e-10	NA	NA
GGCAA	3859	1549	4404	1399	467	1701	2287378	0.363534447615165	-85.5297219343483	-39.7011690437794	-27.9224017746747	NA	NA	23.5575345382094	7.66560384593087e-06	NA	NA
GGCAC	1306	767	3950	492	222	1553	1673001	0.376390503071559	-78.1031935960054	-35.867243077606	-26.0358426421881	NA	NA	19.6628008708358	5.37374484509298e-05	NA	NA
GGCCA	2188	1327	6176	951	424	2657	2410030	0.416056134557837	-210.35203685239	-46.2458464242518	-27.7122450061142	NA	NA	37.0672028362751	8.93221512830069e-09	NA	NA
GGCCC	1557	865	4553	689	280	2059	1308078	0.434121863799283	-200.286092042923	-41.8330364190042	-26.6788463443518	NA	NA	30.3083801493049	2.62191659803508e-07	NA	NA
GGCGA	1059	729	12858	280	91	3956	300065	0.295439027720879	-81.1116531533189	-77.1855609691702	-26.2079662526958	NA	NA	101.955189432949	7.25624460080469e-23	NA	NA
GGCTA	1212	1060	3985	417	361	1669	1556433	0.391081988173246	-101.340952113271	-37.3813456334174	-26.3606357723475	NA	NA	22.0414197221398	1.63593679553846e-05	NA	NA
GGGAA	10362	1946	1826	3022	705	849	3012254	0.323758313287109	-104.555117636919	-99.171299032867	-28.3334985896945	NA	NA	141.675600886345	1.72002261611496e-31	NA	NA
GGGAC	4230	1113	1415	1453	421	614	1493732	0.368156259248298	-75.1756315119565	-38.2761314772069	-26.6929252184927	NA	NA	23.1664125174284	9.32132046308316e-06	NA	NA
GGGCA	8915	1247	2320	3212	405	1035	2245252	0.372696683223842	-128.176291603595	-49.6605546139181	-28.0072552897036	NA	NA	43.3065986484289	3.94540498066966e-10	NA	NA
GGGGA	7543	1211	1651	2656	517	616	2225354	0.364151850072081	-85.0638735257089	-35.409085072577	-27.5072002448142	NA	NA	15.8037696555257	0.000370045410874828	NA	NA
GGGTA	5384	1021	2451	1806	300	1116	1321441	0.363821138211382	-108.613797005266	-66.8639953695238	-27.2816788479686	NA	NA	79.1646330431104	6.45087094766524e-18	NA	NA
GGTAA	862	3157	954	249	913	181	1724106	0.270058314900463	-52.7974282205105	-40.4957670681179	-25.1178907640278	NA	NA	30.75575260818	2.09639530181023e-07	NA	NA
GGTAC	472	2400	642	156	612	84	974924	0.242458736482641	-77.6917792931199	-51.0425947234035	-23.6644987370819	NA	NA	54.7561919726431	1.2877868561171e-12	NA	NA
GGTCA	1191	3388	1270	456	755	174	1818369	0.236792614122072	-156.429481141269	-103.723074037582	-25.6453690640628	NA	NA	156.155409947038	1.23391024555394e-34	NA	NA
GGTGA	1151	6098	1895	400	1093	400	2390666	0.207020997375328	-256.140759855509	-84.1319188065827	-26.6572947241366	NA	NA	114.949248164892	1.09417783146718e-25	NA	NA
GGTTA	909	2292	1011	240	548	161	1406179	0.225308641975309	-91.3140889666975	-39.4117492064834	-24.6812962777913	NA	NA	29.4609058573842	4.0053970823757e-07	NA	NA
GTAAA	1064	4978	1101	287	1691	361	3042691	0.327453450930981	-37.297183431685	-33.1336203068495	-26.2468085959554	NA	NA	13.7736234217882	0.00102116442375065	NA	NA
GTAAC	448	1761	460	115	521	144	1285465	0.292244286249532	-25.8707800991833	-24.7364364825189	-23.3542453870177	NA	NA	2.76438219100237	0.2510279238848	NA	NA
GTACA	748	4811	689	191	1324	251	1726477	0.282650448143406	-41.0955697149038	-34.2460582442582	-25.3111183829606	NA	NA	17.8698797225952	0.000131705806506723	NA	NA
GTAGA	424	4521	554	147	1323	185	2099810	0.300963811602109	-27.9828749597073	-27.500071387738	-24.6042924337089	NA	NA	5.79155790805817	0.0552559664688118	NA	NA
GTATA	727	15342	1289	179	3750	455	2287030	0.252563659407766	-144.977653451264	-51.9377047196031	-26.9728020913899	NA	NA	49.9298052564263	1.43840289116694e-11	NA	NA
GTCAA	1366	1617	2596	498	559	972	1853339	0.363685248252375	-53.8021580204368	-27.5950416922569	-26.4550308436155	NA	NA	2.28002169728279	0.319815552233245	NA	NA
GTCAC	683	703	2672	248	217	928	1588428	0.343272548053228	-34.3354217037559	-26.5782872885466	-24.8623959310353	NA	NA	3.43178271502256	0.179803380169886	NA	NA
GTCCA	1164	1089	3343	508	459	1098	1600638	0.369013581129378	-76.089969124645	-44.6690259799361	-26.2758552916348	NA	NA	36.7863413766026	1.02789195117805e-08	NA	NA
GTCGA	353	417	4045	95	118	1428	151492	0.340809968847352	-37.713275071932	-29.8108692944515	-23.8915543549228	NA	NA	11.8386298790574	0.00268704033168924	NA	NA
GTCTA	861	1525	2575	315	543	872	1462380	0.348720016125781	-39.3404425904155	-26.7455287389457	-25.8930062800646	NA	NA	1.70504491776228	0.426338153992703	NA	NA
GTGAA	5647	1276	1265	1805	381	433	2949120	0.319858329262335	-30.3833741247654	-28.6311016902328	-26.7349283620715	NA	NA	3.79234665632248	0.150142065741832	NA	NA
GTGCA	6939	858	1892	2549	245	761	2257364	0.366910929920528	-89.3663841225207	-38.5769173726439	-27.073469158262	NA	NA	23.0068964287639	1.00952230193615e-05	NA	NA
GTGGA	6072	495	945	2071	198	267	2287553	0.337593184238552	-43.0786246471107	-32.9478116482496	-25.6517275422812	NA	NA	14.592168211937	0.000678189299651163	NA	NA
GTGTA	11279	1000	1412	2549	235	466	1834008	0.237382221897597	-173.965441104025	-52.8557833060622	-26.9789712540805	NA	NA	51.7536241039634	5.77887521315353e-12	NA	NA
GTTAA	919	1967	1055	279	604	310	2228912	0.3027150469424	-25.4846642389894	-25.284545827657	-25.0835009738803	NA	NA	0.402089707553387	0.817875745915051	NA	NA
GTTCA	819	2115	1058	269	583	226	2461488	0.270040080160321	-46.4413042962551	-36.5530328080058	-24.869875445962	NA	NA	23.3663147240877	8.43469195877104e-06	NA	NA
GTTGA	702	2420	1122	200	608	410	1985033	0.286993402450518	-44.9458119086921	-41.7500861100852	-25.0597285479307	NA	NA	33.3807151243091	5.64247715970435e-08	NA	NA
GTTTA	880	1619	1328	258	467	386	2702089	0.29030572249804	-27.0920552015305	-25.0440792292356	-25.0216652452946	NA	NA	0.0448279678821564	0.977835343118544	NA	NA
TAAAA	4821	6386	4619	1493	2087	839	8244501	0.279224061670669	-173.841324865818	-151.446430027485	-29.1950333416462	NA	NA	244.502793371677	8.07036197633024e-54	NA	NA
TAACA	1647	5463	1446	385	1582	505	3003421	0.288920056100982	-50.0648318752646	-44.7476438507438	-26.9289899840951	NA	NA	35.6373077332973	1.82581575700471e-08	NA	NA
TAAGA	1267	4183	1170	472	1132	278	3016968	0.28429003021148	-54.486994870007	-48.1372167617083	-26.1950767785311	NA	NA	43.8842799663544	2.95562740099487e-10	NA	NA
TAATA	1992	8011	2062	578	2910	599	4257478	0.338748445917944	-67.229537717998	-49.6681422069669	-27.9859628751874	NA	NA	43.364358663559	3.83309127157255e-10	NA	NA
TACAA	5685	3088	11061	1769	899	3154	3389583	0.29353635171927	-41.1049969345331	-33.9962944090366	-29.6740390658379	NA	NA	8.64451068639755	0.0132699215405507	NA	NA
TACCA	2581	1834	6821	1102	596	2137	2168017	0.341313634745461	-81.7705387398601	-62.6086828298867	-28.1406264156103	NA	NA	68.9361128285527	1.07328064442077e-15	NA	NA
TACGA	731	693	13428	162	109	3608	213496	0.261176945865877	-101.624017017893	-46.2457489427179	-25.7783220438287	NA	NA	40.9348537977785	1.29154469248943e-09	NA	NA
TACTA	1871	2376	6717	554	721	1973	2132261	0.29624224735498	-30.7050227411091	-28.0915908142924	-27.8131665214896	NA	NA	0.556848585605621	0.756975574079682	NA	NA
TAGAA	6880	3523	2937	1975	1266	1074	3758562	0.323463268365817	-62.9335239678621	-58.0409621596336	-28.8613741099834	NA	NA	58.3591760993004	2.12552357289429e-13	NA	NA
TAGCA	8257	1743	1305	2964	549	431	2208284	0.348872180451128	-61.2422732710838	-32.3451073020697	-27.5230051465333	NA	NA	9.64420431107283	0.0080498473091709	NA	NA
TAGGA	6460	1432	1178	2430	600	328	2241712	0.370231532524807	-99.3683154881001	-46.4488983079791	-27.0601235032082	NA	NA	38.7775496095419	3.79806236285683e-09	NA	NA
TATAA	3991	13140	2182	1224	4650	552	4439386	0.332729249728162	-82.9610674604774	-64.7610814347863	-29.1766733005643	NA	NA	71.1688162684441	3.51469711994657e-16	NA	NA
TATCA	2235	6187	1188	932	2051	326	2748525	0.344328824141519	-73.4828185066581	-54.0129344090819	-27.3980638831854	NA	NA	53.2297410517931	2.76254012059854e-12	NA	NA
TATGA	1956	10780	1768	754	3412	631	2801677	0.330736348593491	-53.3743709549308	-41.8241895288229	-28.2852934896946	NA	NA	27.0777920782566	1.31865795524535e-06	NA	NA
TCAAA	2674	6638	1227	949	1710	435	4733658	0.293576240630041	-69.9453689306974	-66.1845495402813	-27.602246850729	NA	NA	77.1646053791046	1.75355278245667e-17	NA	NA
TCACA	2172	6058	1961	610	1451	514	3447788	0.252673927975665	-87.68455080688	-33.2114495187998	-27.46695356071	NA	NA	11.4889919161797	0.00320034725431734	NA	NA
TCAGA	1254	6356	1029	555	1764	329	3352500	0.306516957981248	-69.3081023618579	-69.2637526839972	-26.7215399295092	NA	NA	85.084425508976	3.34311836087961e-19	NA	NA
TCCAA	2029	1150	5690	584	472	2023	2919570	0.347164280076672	-65.8495025038719	-44.9980449005961	-27.2363267615438	NA	NA	35.5234362781048	1.93278623105556e-08	NA	NA
TCCCA	2201	2089	9780	819	923	3264	4176833	0.355792466240227	-105.363115936518	-56.3937338665128	-28.5894690081477	NA	NA	55.6085297167301	8.40932618897061e-13	NA	NA
TCCGA	541	329	10070	85	92	3154	211217	0.304478976234004	-49.9794855578803	-49.7238937886432	-24.6470987880602	NA	NA	50.1535900011659	1.28613426095355e-11	NA	NA
TCGAA	11987	733	681	3866	181	172	328245	0.314827251697634	-38.3738027508371	-37.4639919768088	-26.0478231469169	NA	NA	22.8323376597837	1.10159225208458e-05	NA	NA
TCGCA	10913	913	1205	3418	124	338	237744	0.297751515616607	-84.2432902269065	-81.9036884540692	-26.4747941824608	NA	NA	110.857788543217	8.4632482450515e-25	NA	NA
TCTAA	964	4533	1018	261	1243	384	2867221	0.289792785878741	-44.4266366064548	-40.7373723685741	-25.9410939142108	NA	NA	29.5925569087267	3.75023009435629e-07	NA	NA
TCTCA	1784	5787	1446	381	1310	498	4318058	0.242763668625929	-128.381736122072	-60.6283533647656	-26.8917641639709	NA	NA	67.4731784015894	2.23041394569079e-15	NA	NA
TGAAA	2959	6324	1544	741	1771	543	5628456	0.282164957975432	-57.8818558454514	-45.5457639098167	-27.7484353929758	NA	NA	35.5946570336819	1.86517004729102e-08	NA	NA
TGACA	1429	5658	1597	308	1544	647	2855308	0.287770612620912	-83.284836679697	-77.2212442010641	-26.9252632409334	NA	NA	100.591961920261	1.43460720318502e-22	NA	NA
TGCAA	4441	2051	7431	1693	558	2506	3205971	0.341664871076636	-78.6772186979651	-54.4272919073701	-28.7726251780987	NA	NA	51.3093334585428	7.21638681608674e-12	NA	NA
TGCCA	2693	1483	9265	1168	473	3402	2906362	0.375195297968901	-138.487718902528	-47.4405614957213	-28.3550769537687	NA	NA	38.1709690839052	5.14374439100374e-09	NA	NA
TGGAA	8703	2806	2364	2549	1048	931	4053823	0.326389389461544	-75.9854676946998	-68.7668042853475	-28.7183446288109	NA	NA	80.0969193130732	4.04738914367686e-18	NA	NA
TGTAA	1335	6174	1640	419	1959	459	3704002	0.31008853426604	-30.1372314766049	-30.0896345004439	-27.0497409626842	NA	NA	6.07978707551956	0.0478399823747895	NA	NA
TTAAA	3245	7414	24514	1012	2590	3960	6642007	0.214994455974753	-1087.45583420992	-532.284184709191	-30.5936463624239	NA	NA	1003.38107669353	1.31391591440648e-218	NA	NA
TTCAA	3301	3246	6953	1037	1087	2036	4428418	0.308148148148148	-35.3502520769835	-35.3497796654701	-28.8059493154287	NA	NA	13.0876607000828	0.00143896618538741	NA	NA
Summary	NA	NA	NA	NA	NA	NA	NA	0.30829509502769	-44433.9846946056	-28959.9782594009	-13484.0677167999	30948.0128704093	-6157.33617235156	30951.8210852022	-5744.00561726883	61899.8339556115	-11879.2100131354
