Context	s1	s2	s3	p1	p2	p3	same	alpha	likelihood_0	likelihood_1	likelihood_2	Chi_stat_0v1	p_0v1	Chi_stat_1v2	p_1v2	Chi_stat_0v2	p_0v2
AAA	58987	97103	38628	16820	29011	10140	94647958	0.28744646103596	-241.996541261673	-101.613511562347	-36.6424944400787	NA	NA	129.942034244537	6.07359431854604e-29	NA	NA
AAC	28720	71663	21020	5597	22104	6600	35407998	0.282538322776208	-725.973786234856	-591.691782236099	-34.9247933626175	NA	NA	1113.53397774696	1.5818635769423e-242	NA	NA
AAG	21108	78374	20984	7715	20688	5122	48446803	0.278294290505205	-554.252884507179	-372.541915535927	-34.8159354925156	NA	NA	675.451960086823	2.12554582180346e-147	NA	NA
AAT	27451	152084	37501	8047	52652	11012	62607162	0.330410623122431	-400.672099113464	-232.671252012253	-36.439218044281	NA	NA	392.464067935944	5.99115388928473e-86	NA	NA
ACA	58624	45303	168014	15963	12159	47413	48966274	0.277762455826815	-478.379139780998	-53.6337993144989	-37.3012812137604	NA	NA	32.6650362014771	8.07007392905973e-08	NA	NA
ACC	48356	22825	88674	19959	7379	28466	27153150	0.349091364048669	-839.235526561737	-426.388298153877	-36.1491873264313	NA	NA	780.478221654892	3.32129571217255e-170	NA	NA
ACG	14905	14068	269570	3513	2289	77743	5111970	0.279842434758142	-929.309396192431	-531.248555660248	-34.8911396414042	NA	NA	992.714832037687	2.72090370026017e-216	NA	NA
ACT	28569	39042	121338	9585	12269	33285	38470332	0.291819485681321	-307.761714220047	-223.181868672371	-36.2777194976807	NA	NA	373.80829834938	6.73844004509924e-82	NA	NA
AGA	111281	57703	45379	32178	19823	16939	53888582	0.321604008154392	-507.610989928246	-446.973775744438	-37.169371843338	NA	NA	819.6088078022	1.05732554793698e-178	NA	NA
AGC	90197	23775	21114	33037	7835	7719	32483782	0.359704188442918	-621.2567101717	-72.7177011966705	-35.3943505883217	NA	NA	74.6467012166977	6.17553780438998e-17	NA	NA
AGG	113142	28932	27145	41070	12021	8660	41185252	0.36491765109119	-1044.90685260296	-215.526687264442	-36.1118423938751	NA	NA	358.829689741135	1.20537700227398e-78	NA	NA
ATA	39486	190030	30204	10631	60545	6276	52255033	0.298213460649931	-730.606627106667	-687.384840369225	-36.5512073040009	NA	NA	1301.66726613045	2.22097936074033e-283	NA	NA
ATC	29805	65897	14893	12866	19216	3829	32656410	0.324707265247073	-785.759099721909	-738.330767810345	-34.8029988408089	NA	NA	1407.05553793907	2.89582338448146e-306	NA	NA
ATG	33694	192759	29876	12798	56345	10044	45085838	0.308927199029372	-414.913157582283	-414.747456789017	-36.764998793602	NA	NA	755.964915990829	6.98721708270227e-165	NA	NA
CAA	31559	81141	14519	9854	19987	4965	46723184	0.273591208860312	-604.419163703918	-346.248377919197	-34.9396439790726	NA	NA	622.617467880249	6.31443768226462e-136	NA	NA
CAC	30381	93402	18332	7551	20315	6349	35222783	0.240755725996552	-1657.06731295586	-520.511048555374	-35.1047942638397	NA	NA	970.812508583069	1.55146606177867e-211	NA	NA
CAG	22551	116128	20020	8639	27791	6200	46953486	0.268621730445686	-1196.46941161156	-773.187107205391	-35.3211685419083	NA	NA	1475.73187732697	3.53751002422333e-321	NA	NA
CCA	33486	21245	91673	11124	8488	32516	43414654	0.356055845468703	-632.712537169456	-117.633709430695	-35.7921267747879	NA	NA	163.683165311813	2.86188555303969e-36	NA	NA
CCC	29022	25151	84529	10443	10459	28885	29555361	0.358949402315756	-726.324880063534	-179.210305273533	-35.7771262526512	NA	NA	286.866358041763	5.10225111653611e-63	NA	NA
CCG	13464	9991	206666	2807	2769	66164	5182369	0.311749036376515	-342.945079371333	-338.566863432527	-34.4464394003153	NA	NA	608.240848064423	8.35945585611501e-133	NA	NA
CGA	141370	12098	9084	47553	2503	2510	4564197	0.323379595452532	-452.809113323689	-394.406379729509	-33.8892311155796	NA	NA	721.034297227859	2.68776766866061e-157	NA	NA
CGC	175979	11688	14587	54787	1653	4047	4390402	0.299064542604843	-722.085798747838	-694.228702448308	-34.3144611790776	NA	NA	1319.82848253846	2.52863699410484e-287	NA	NA
CTA	12427	64800	11231	3615	17433	3778	31496934	0.280652965249045	-223.010646879673	-110.055346488953	-33.5264204144478	NA	NA	153.05785214901	5.80643675356013e-34	NA	NA
CTC	16497	55809	16270	5131	13573	5172	39491584	0.269553829479769	-450.177973866463	-225.072009444237	-33.9860652685165	NA	NA	382.17188835144	1.02903198792293e-83	NA	NA
GAA	24156	62739	14358	6044	16354	5359	48351948	0.274135087355436	-511.303401231766	-312.30624628067	-34.3656793832779	NA	NA	555.881133794785	1.9585988690708e-121	NA	NA
GAC	14158	45587	14582	2548	11320	5764	22301178	0.26413012767904	-927.725776851177	-680.729000270367	-33.3664636611938	NA	NA	1294.72507321835	7.14533442073573e-282	NA	NA
GCA	37302	20842	77788	13566	6060	26937	33954217	0.342546273136568	-396.283336043358	-147.051265954971	-35.590637922287	NA	NA	222.921256065369	3.91980349619383e-49	NA	NA
GCC	28446	20804	77109	12401	6641	29128	26434930	0.381215425889727	-1265.6649261713	-254.56225591898	-35.4891930222511	NA	NA	438.146125793457	7.20738381725774e-96	NA	NA
GGA	92672	26663	26249	29565	9899	11059	36338210	0.347036762281569	-700.67008471489	-360.698523402214	-35.8153523206711	NA	NA	649.766342163086	8.03584471913064e-142	NA	NA
GTA	12162	63614	15036	3869	19785	3299	27414493	0.296799982381183	-250.744183182716	-231.056124687195	-33.6813868880272	NA	NA	394.749475598335	1.91091120374485e-86	NA	NA
TAA	25627	74263	44168	7231	23487	9412	51509957	0.278568354412806	-800.989992260933	-587.732095837593	-35.593177318573	NA	NA	1104.27783703804	1.61850648237532e-240	NA	NA
TCA	31771	32189	88305	10783	10579	29578	47594300	0.334548320362526	-204.218036651611	-38.8171149492264	-36.0022152662277	NA	NA	5.62979936599731	0.0599107285032981	NA	NA
Summary	NA	NA	NA	NA	NA	NA	NA	0.30829509502769	-20648.2561797872	-11420.7246895507	-1131.23812175542	18455.062980473	-3961.49642015081	20578.9731355906	-4378.19674465585	39034.0361160636	-8335.20344743698
