X7mer	binTot	count	binFrac	frac	relEnrich	minAF	maxAF
AAACAAA->A	1239760	651	0.000525101632574047	0.000406671107719349	1.29121942180468	0.0015	0.0023
ATTAAAA->T	1239760	488	0.000393624572497903	0.000469968870092403	0.837554564881096	0.0015	0.0023
TTTAAAA->T	1239760	1639	0.00132203007033619	0.00152697343961232	0.865784588022594	0.0015	0.0023
AAACAAA->A	896836	411	0.000458277767618606	0.000406671107719349	1.12690023687365	0.0023	0.003
ATTAAAA->T	896836	367	0.000409216400768925	0.000469968870092403	0.870730864979349	0.0023	0.003
TTTAAAA->T	896836	1210	0.00134918758836621	0.00152697343961232	0.883569781481436	0.0023	0.003
AAACAAA->A	690786	291	0.000421259261189428	0.000406671107719349	1.03587211678718	0.003	0.0038
ATTAAAA->T	690786	303	0.000438630777114765	0.000469968870092403	0.933318789877559	0.003	0.0038
TTTAAAA->T	690786	964	0.00139551177933542	0.00152697343961232	0.913907041952039	0.003	0.0038
AAACAAA->A	550060	240	0.000436316038250373	0.000406671107719349	1.07289657408237	0.0038	0.0045
ATTAAAA->T	550060	280	0.000509035377958768	0.000469968870092403	1.08312573524005	0.0038	0.0045
TTTAAAA->T	550060	792	0.00143984292622623	0.00152697343961232	0.94293907731086	0.0038	0.0045
AAACAAA->A	453870	203	0.000447264635247979	0.000406671107719349	1.09981905957441	0.0045	0.0053
ATTAAAA->T	453870	237	0.000522175953466852	0.000469968870092403	1.11108625846683	0.0045	0.0053
TTTAAAA->T	453870	636	0.00140128230550598	0.00152697343961232	0.917686103211954	0.0045	0.0053
AAACAAA->A	537239	204	0.000379719268333088	0.000406671107719349	0.93372570887219	0.0053	0.0068
ATTAAAA->T	537239	254	0.000472787716453943	0.000469968870092403	1.0059979427169	0.0053	0.0068
TTTAAAA->T	537239	738	0.00137369029426382	0.00152697343961232	0.899616364389799	0.0053	0.0068
AAACAAA->A	260285	100	0.000384194248612098	0.000406671107719349	0.944729638568859	0.0068	0.0083
ATTAAAA->T	260285	134	0.000514820293140212	0.000469968870092403	1.09543488069538	0.0068	0.0083
TTTAAAA->T	260285	370	0.00142151871986476	0.00152697343961232	0.930938733437087	0.0068	0.0083
AAACAAA->A	433281	142	0.000327731887620274	0.000406671107719349	0.805889283500434	0.0083	0.0106
ATTAAAA->T	433281	218	0.000503137686628308	0.000469968870092403	1.07057662463768	0.0083	0.0106
TTTAAAA->T	433281	650	0.00150018117572661	0.00152697343961232	0.982454007914824	0.0083	0.0106
AAACAAA->A	337556	97	0.000287359726978635	0.000406671107719349	0.706614562785578	0.0106	0.0129
ATTAAAA->T	337556	146	0.000432520826174027	0.000469968870092403	0.920318033168851	0.0106	0.0129
TTTAAAA->T	337556	540	0.00159973456256147	0.00152697343961232	1.04765054915927	0.0106	0.0129
AAACAAA->A	388873	126	0.000324013238255163	0.000406671107719349	0.796745163609631	0.0129	0.0166
ATTAAAA->T	388873	170	0.000437160718280775	0.000469968870092403	0.930190797945454	0.0129	0.0166
TTTAAAA->T	388873	554	0.00142462963486794	0.00152697343961232	0.932976041305366	0.0129	0.0166
AAACAAA->A	341577	116	0.000339601319760991	0.000406671107719349	0.835076092977217	0.0166	0.0212
ATTAAAA->T	341577	162	0.000474270808631729	0.000469968870092403	1.00915366700454	0.0166	0.0212
TTTAAAA->T	341577	479	0.00140231924280616	0.00152697343961232	0.918365183327743	0.0166	0.0212
AAACAAA->A	327025	117	0.000357770812629004	0.000406671107719349	0.879754685882204	0.0212	0.0272
ATTAAAA->T	327025	121	0.000370002293402645	0.000469968870092403	0.787291067448568	0.0212	0.0272
TTTAAAA->T	327025	464	0.00141885176974237	0.00152697343961232	0.929192173835457	0.0212	0.0272
AAACAAA->A	327967	121	0.00036893955794333	0.000406671107719349	0.907218513782251	0.0272	0.0363
ATTAAAA->T	327967	155	0.00047260852463815	0.000469968870092403	1.00561665828043	0.0272	0.0363
TTTAAAA->T	327967	473	0.00144221827196029	0.00152697343961232	0.944494668045079	0.0272	0.0363
AAACAAA->A	313458	101	0.000322212226199363	0.000406671107719349	0.792316493803458	0.0363	0.0499
ATTAAAA->T	313458	130	0.000414728607979378	0.000469968870092403	0.882459742275774	0.0363	0.0499
TTTAAAA->T	313458	425	0.00135584352608643	0.00152697343961232	0.887928690122248	0.0363	0.0499
AAACAAA->A	308798	89	0.0002882143019061	0.000406671107719349	0.708715953593148	0.0499	0.0741
ATTAAAA->T	308798	127	0.000411272093731177	0.000469968870092403	0.875104969506416	0.0499	0.0741
TTTAAAA->T	308798	432	0.00139897279127455	0.00152697343961232	0.916173624886192	0.0499	0.0741
AAACAAA->A	294815	93	0.000315452063158252	0.000406671107719349	0.775693323598368	0.0741	0.1369
ATTAAAA->T	294815	142	0.000481657988908298	0.000469968870092403	1.02487211294143	0.0741	0.1369
TTTAAAA->T	294815	417	0.00141444634770958	0.00152697343961232	0.926307105949854	0.0741	0.1369
AAACAAA->A	294674	173	0.000587089461574486	0.000406671107719349	1.44364684490851	0.1369	0.9985
ATTAAAA->T	294674	293	0.000994319145903609	0.000469968870092403	2.11571278265327	0.1369	0.9985
TTTAAAA->T	294674	1159	0.00393316003447878	0.00152697343961232	2.57578811290743	0.1369	0.9985
