X3mer	binTot	count	binFrac	frac	relEnrich	minAF	maxAF
ACC->A	1239760	13814	0.0111424791895206	0.0108938511838979	1.02282278336886	0.0015	0.0023
GAC->T	1239760	3780	0.00304897722139769	0.00308032094688008	0.9898245260728	0.0015	0.0023
GAT->T	1239760	8659	0.00698441633864619	0.00682662964087878	1.02311341116597	0.0015	0.0023
ACC->A	896836	9994	0.0111436204612661	0.0108938511838979	1.0229275462967	0.0023	0.003
GAC->T	896836	2649	0.00295371729056372	0.00308032094688008	0.95889919962899	0.0023	0.003
GAT->T	896836	6267	0.00698789968288516	0.00682662964087878	1.02362366943721	0.0023	0.003
ACC->A	690786	7745	0.0112118659034781	0.0108938511838979	1.02919212996504	0.003	0.0038
GAC->T	690786	2083	0.00301540563937312	0.00308032094688008	0.978925797465129	0.003	0.0038
GAT->T	690786	4816	0.00697176839136867	0.00682662964087878	1.0212606744653	0.003	0.0038
ACC->A	550060	6296	0.0114460240701014	0.0108938511838979	1.05068665588343	0.0038	0.0045
GAC->T	550060	1699	0.0030887539541141	0.00308032094688008	1.00273770408326	0.0038	0.0045
GAT->T	550060	3832	0.00696651274406428	0.00682662964087878	1.02049080007913	0.0038	0.0045
ACC->A	453870	5207	0.0114724480578139	0.0108938511838979	1.05311224324151	0.0045	0.0053
GAC->T	453870	1390	0.00306255095071276	0.00308032094688008	0.994231121862378	0.0045	0.0053
GAT->T	453870	3171	0.00698658206094256	0.00682662964087878	1.02343065736362	0.0045	0.0053
ACC->A	537239	6059	0.0112780345432852	0.0108938511838979	1.03526607376051	0.0053	0.0068
GAC->T	537239	1662	0.00309359521553722	0.00308032094688008	1.00430937843363	0.0053	0.0068
GAT->T	537239	3788	0.00705086562963597	0.00682662964087878	1.0328472468192	0.0053	0.0068
ACC->A	260285	2878	0.0110571104750562	0.0108938511838979	1.01498637060507	0.0068	0.0083
GAC->T	260285	793	0.00304666039149394	0.00308032094688008	0.989072386947136	0.0068	0.0083
GAT->T	260285	1846	0.00709222582937933	0.00682662964087878	1.03890590268881	0.0068	0.0083
ACC->A	433281	4910	0.0113321378043348	0.0108938511838979	1.04023247729736	0.0083	0.0106
GAC->T	433281	1312	0.00302805800392817	0.00308032094688008	0.983033280020758	0.0083	0.0106
GAT->T	433281	3038	0.0070116160182422	0.00682662964087878	1.0270977608417	0.0083	0.0106
ACC->A	337556	3812	0.0112929410231191	0.0108938511838979	1.03663441261353	0.0106	0.0129
GAC->T	337556	1094	0.00324094372489305	0.00308032094688008	1.05214481892728	0.0106	0.0129
GAT->T	337556	2389	0.00707734420362843	0.00682662964087878	1.03672596521838	0.0106	0.0129
ACC->A	388873	4376	0.0112530311952746	0.0108938511838979	1.03297089388439	0.0129	0.0166
GAC->T	388873	1240	0.00318870170981272	0.00308032094688008	1.03518489300357	0.0129	0.0166
GAT->T	388873	2706	0.00695857002157517	0.00682662964087878	1.01932730902909	0.0129	0.0166
ACC->A	341577	3818	0.0111775675762712	0.0108938511838979	1.02604371838609	0.0166	0.0212
GAC->T	341577	1081	0.00316473298846234	0.00308032094688008	1.02740365144994	0.0166	0.0212
GAT->T	341577	2324	0.0068037367855564	0.00682662964087878	0.996646536207956	0.0166	0.0212
ACC->A	327025	3617	0.011060316489565	0.0108938511838979	1.01528066639218	0.0212	0.0272
GAC->T	327025	1011	0.0030915067655378	0.00308032094688008	1.00363138090174	0.0212	0.0272
GAT->T	327025	2290	0.00700252274290956	0.00682662964087878	1.02576573086337	0.0212	0.0272
ACC->A	327967	3629	0.0110651376510442	0.0108938511838979	1.01572322443687	0.0272	0.0363
GAC->T	327967	1075	0.00327776879990975	0.00308032094688008	1.06409976636677	0.0272	0.0363
GAT->T	327967	2360	0.00719584592352279	0.00682662964087878	1.05408470974214	0.0272	0.0363
ACC->A	313458	3463	0.0110477320725584	0.0108938511838979	1.01412548106844	0.0363	0.0499
GAC->T	313458	964	0.00307537213917016	0.00308032094688008	0.998393411662208	0.0363	0.0499
GAT->T	313458	2161	0.00689406555264182	0.00682662964087878	1.00987836096442	0.0363	0.0499
ACC->A	308798	3332	0.0107902253252936	0.0108938511838979	0.990487674482145	0.0499	0.0741
GAC->T	308798	1002	0.0032448396686507	0.00308032094688008	1.05340960393665	0.0499	0.0741
GAT->T	308798	2117	0.00685561434983387	0.00682662964087878	1.00424583000395	0.0499	0.0741
ACC->A	294815	3144	0.0106643149093499	0.0108938511838979	0.978929740210954	0.0741	0.1369
GAC->T	294815	931	0.00315791258925089	0.00308032094688008	1.02518946684741	0.0741	0.1369
GAT->T	294815	1950	0.00661431745331818	0.00682662964087878	0.968899413220069	0.0741	0.1369
ACC->A	294674	1814	0.00615595539477524	0.0108938511838979	0.565085321146513	0.1369	0.9985
GAC->T	294674	736	0.00249767539721862	0.00308032094688008	0.810849077187366	0.1369	0.9985
GAT->T	294674	1251	0.00424536945913111	0.00682662964087878	0.621883664774966	0.1369	0.9985
