X3mer	binTot	count	binFrac	frac	relEnrich	minAF	maxAF
ACG->T	1239760	51699	0.0417008130605924	0.0426982542919541	0.976639765538384	0.0015	0.0023
CCG->T	1239760	46074	0.0371636445763696	0.0369488776983436	1.00581254131125	0.0015	0.0023
GCG->T	1239760	36426	0.0293814931922308	0.0295803035059644	0.993278963020324	0.0015	0.0023
TCG->T	1239760	34750	0.028029618635865	0.0271179865185975	1.03361724944594	0.0015	0.0023
ACG->T	896836	36893	0.0411368410723923	0.0426982542919541	0.963431450642326	0.0023	0.003
CCG->T	896836	32957	0.0367480788014754	0.0369488776983436	0.994565494018315	0.0023	0.003
GCG->T	896836	26464	0.0295081820979533	0.0295803035059644	0.997561843542391	0.0023	0.003
TCG->T	896836	24673	0.0275111614609583	0.0271179865185975	1.01449867755082	0.0023	0.003
ACG->T	690786	28193	0.0408129290402527	0.0426982542919541	0.955845378623437	0.003	0.0038
CCG->T	690786	25328	0.0366654796130784	0.0369488776983436	0.992329994767936	0.003	0.0038
GCG->T	690786	20043	0.0290147744742945	0.0295803035059644	0.980881567643285	0.003	0.0038
TCG->T	690786	18779	0.0271849747968256	0.0271179865185975	1.00247025265619	0.003	0.0038
ACG->T	550060	22193	0.0403465076537105	0.0426982542919541	0.944921714546846	0.0038	0.0045
CCG->T	550060	20189	0.0367032687343199	0.0369488776983436	0.99335273547335	0.0038	0.0045
GCG->T	550060	15730	0.0285968803403265	0.0295803035059644	0.966754121862219	0.0038	0.0045
TCG->T	550060	14728	0.0267752608806312	0.0271179865185975	0.987361685657182	0.0038	0.0045
ACG->T	453870	18168	0.0400290832176614	0.0426982542919541	0.937487583074429	0.0045	0.0053
CCG->T	453870	16669	0.0367263753938352	0.0369488776983436	0.993978103845943	0.0045	0.0053
GCG->T	453870	13183	0.0290457620023355	0.0295803035059644	0.981929140668854	0.0045	0.0053
TCG->T	453870	12108	0.0266772423821799	0.0271179865185975	0.983747165885072	0.0045	0.0053
ACG->T	537239	21576	0.0401608967331113	0.0426982542919541	0.940574676859309	0.0053	0.0068
CCG->T	537239	19538	0.0363674267877053	0.0369488776983436	0.984263367472609	0.0053	0.0068
GCG->T	537239	15675	0.029176958485888	0.0295803035059644	0.986364405625689	0.0053	0.0068
TCG->T	537239	14417	0.0268353563311673	0.0271179865185975	0.989577759129115	0.0053	0.0068
ACG->T	260285	10488	0.0402942927944369	0.0426982542919541	0.943698834123758	0.0068	0.0083
CCG->T	260285	9442	0.0362756209539543	0.0369488776983436	0.981778695691764	0.0068	0.0083
GCG->T	260285	7638	0.0293447567089921	0.0295803035059644	0.992037039210067	0.0068	0.0083
TCG->T	260285	6916	0.0265708742340127	0.0271179865185975	0.979824745313977	0.0068	0.0083
ACG->T	433281	17611	0.0406456779780327	0.0426982542919541	0.951928331779405	0.0083	0.0106
CCG->T	433281	15851	0.036583648948373	0.0369488776983436	0.990115295166678	0.0083	0.0106
GCG->T	433281	12593	0.0290642793014233	0.0295803035059644	0.982555141652384	0.0083	0.0106
TCG->T	433281	11499	0.0265393589841235	0.0271179865185975	0.97866259229544	0.0083	0.0106
ACG->T	337556	13402	0.039703041865646	0.0426982542919541	0.929851642040725	0.0106	0.0129
CCG->T	337556	12301	0.0364413608408679	0.0369488776983436	0.986264349850645	0.0106	0.0129
GCG->T	337556	9871	0.0292425553093413	0.0295803035059644	0.988581990155882	0.0106	0.0129
TCG->T	337556	9105	0.0269733022076337	0.0271179865185975	0.994664636665977	0.0106	0.0129
ACG->T	388873	15580	0.0400644940636146	0.0426982542919541	0.938316910796144	0.0129	0.0166
CCG->T	388873	13892	0.0357237452844502	0.0369488776983436	0.96684249995641	0.0129	0.0166
GCG->T	388873	11415	0.0293540564657356	0.0295803035059644	0.992351429383301	0.0129	0.0166
TCG->T	388873	10350	0.0266153731423884	0.0271179865185975	0.981465682348339	0.0129	0.0166
ACG->T	341577	13803	0.0404096294539738	0.0426982542919541	0.946400037286498	0.0166	0.0212
CCG->T	341577	12222	0.0357810976734382	0.0369488776983436	0.968394709186045	0.0166	0.0212
GCG->T	341577	9888	0.0289480849120403	0.0295803035059644	0.978627041680064	0.0166	0.0212
TCG->T	341577	9100	0.0266411380157329	0.0271179865185975	0.982415785090179	0.0166	0.0212
ACG->T	327025	13044	0.0398868588028438	0.0426982542919541	0.934156664347749	0.0212	0.0272
CCG->T	327025	11794	0.036064521061081	0.0369488776983436	0.97606539921232	0.0212	0.0272
GCG->T	327025	9610	0.0293861325586729	0.0295803035059644	0.993435802737713	0.0212	0.0272
TCG->T	327025	8623	0.0263680146777769	0.0271179865185975	0.972344117794059	0.0212	0.0272
ACG->T	327967	13014	0.0396808215460702	0.0426982542919541	0.929331238573551	0.0272	0.0363
CCG->T	327967	11694	0.0356560263685066	0.0369488776983436	0.965009726671752	0.0272	0.0363
GCG->T	327967	9433	0.0287620400833011	0.0295803035059644	0.9723375582506	0.0272	0.0363
TCG->T	327967	8470	0.0258257690560331	0.0271179865185975	0.952348325651749	0.0272	0.0363
ACG->T	313458	12459	0.0397469517447313	0.0426982542919541	0.930880018488744	0.0363	0.0499
CCG->T	313458	11231	0.0358293615093569	0.0369488776983436	0.969700941984582	0.0363	0.0499
GCG->T	313458	8947	0.0285428988891654	0.0295803035059644	0.964929209851082	0.0363	0.0499
TCG->T	313458	8294	0.0264596851890843	0.0271179865185975	0.975724549864285	0.0363	0.0499
ACG->T	308798	12295	0.0398156723812978	0.0426982542919541	0.93248946687735	0.0499	0.0741
CCG->T	308798	11066	0.0358357243246394	0.0369488776983436	0.969873147899317	0.0499	0.0741
GCG->T	308798	8895	0.0288052383758962	0.0295803035059644	0.973797931792286	0.0499	0.0741
TCG->T	308798	8077	0.0261562574887143	0.0271179865185975	0.964535382107972	0.0499	0.0741
ACG->T	294815	11554	0.0391906789003273	0.0426982542919541	0.917852018781767	0.0741	0.1369
CCG->T	294815	10325	0.0350219629259027	0.0369488776983436	0.947849166403035	0.0741	0.1369
GCG->T	294815	8423	0.0285704594406662	0.0295803035059644	0.965860929550822	0.0741	0.1369
TCG->T	294815	7502	0.025446466428099	0.0271179865185975	0.938361202099122	0.0741	0.1369
ACG->T	294674	25070	0.0850770682177593	0.0426982542919541	1.9925186551196	0.1369	0.9985
CCG->T	294674	14184	0.0481345486877023	0.0369488776983436	1.3027337144224	0.1369	0.9985
GCG->T	294674	11556	0.0392162186008945	0.0295803035059644	1.32575443632576	0.1369	0.9985
TCG->T	294674	9295	0.0315433326319933	0.0271179865185975	1.16318859478601	0.1369	0.9985
