X3mer	binTot	count	binFrac	frac	relEnrich	minAF	maxAF
ACC->T	1239760	24515	0.0197739885139059	0.0194453448494424	1.01690089155055	0.0015	0.0023
ACT->T	1239760	27927	0.0225261340904691	0.0228785678370797	0.984595462918819	0.0015	0.0023
CCC->T	1239760	23667	0.0190899851584178	0.0189733341160476	1.0061481572852	0.0015	0.0023
GCC->T	1239760	21721	0.0175203265148093	0.0176035841507167	0.995270415661118	0.0015	0.0023
TCA->T	1239760	25587	0.0206386720010325	0.0197208262399853	1.04654195264832	0.0015	0.0023
TCC->T	1239760	23965	0.0193303542621152	0.0187434543392573	1.03131226038888	0.0015	0.0023
TCT->T	1239760	26813	0.0216275730786604	0.0208904736016852	1.035284000307	0.0015	0.0023
ACC->T	896836	17813	0.0198620483566672	0.0194453448494424	1.02142947376101	0.0023	0.003
ACT->T	896836	20159	0.022477911234607	0.0228785678370797	0.982487688682008	0.0023	0.003
CCC->T	896836	17281	0.019268851830212	0.0189733341160476	1.01557542350527	0.0023	0.003
GCC->T	896836	15769	0.0175829248602866	0.0176035841507167	0.998826415674601	0.0023	0.003
TCA->T	896836	18302	0.0204072985473375	0.0197208262399853	1.03480951046363	0.0023	0.003
TCC->T	896836	17045	0.0190057044989273	0.0187434543392573	1.01399155966255	0.0023	0.003
TCT->T	896836	19121	0.0213205089893804	0.0208904736016852	1.02058523879806	0.0023	0.003
ACC->T	690786	13699	0.0198310330550996	0.0194453448494424	1.01983447496784	0.003	0.0038
ACT->T	690786	15440	0.0223513504906006	0.0228785678370797	0.976955841369376	0.003	0.0038
CCC->T	690786	13363	0.0193446306091901	0.0189733341160476	1.01956938569002	0.003	0.0038
GCC->T	690786	12350	0.0178781851398262	0.0176035841507167	1.01559915223846	0.003	0.0038
TCA->T	690786	14079	0.0203811310594019	0.0197208262399853	1.03348261433782	0.003	0.0038
TCC->T	690786	13234	0.0191578868129927	0.0187434543392573	1.0221107841828	0.003	0.0038
TCT->T	690786	14563	0.0210817822017238	0.0208904736016852	1.00915769568877	0.003	0.0038
ACC->T	550060	10848	0.0197214849289168	0.0194453448494424	1.0142008322101	0.0038	0.0045
ACT->T	550060	12417	0.0225739010289787	0.0228785678370797	0.986683309450546	0.0038	0.0045
CCC->T	550060	10582	0.019237901319856	0.0189733341160476	1.01394415985036	0.0038	0.0045
GCC->T	550060	9929	0.0180507580991165	0.0176035841507167	1.02540243762697	0.0038	0.0045
TCA->T	550060	11128	0.0202305203068756	0.0197208262399853	1.02584547222757	0.0038	0.0045
TCC->T	550060	10663	0.0193851579827655	0.0187434543392573	1.03423614622435	0.0038	0.0045
TCT->T	550060	11637	0.0211558739046649	0.0208904736016852	1.01270436985011	0.0038	0.0045
ACC->T	453870	8950	0.0197193028840858	0.0194453448494424	1.0140886179579	0.0045	0.0053
ACT->T	453870	10159	0.0223830612289863	0.0228785678370797	0.978341886973783	0.0045	0.0053
CCC->T	453870	8906	0.0196223588252143	0.0189733341160476	1.03420720392088	0.0045	0.0053
GCC->T	453870	8110	0.0178685526692665	0.0176035841507167	1.0150519642069	0.0045	0.0053
TCA->T	453870	9015	0.0198625156983277	0.0197208262399853	1.00718476277911	0.0045	0.0053
TCC->T	453870	8730	0.0192345825897283	0.0187434543392573	1.02620265408828	0.0045	0.0053
TCT->T	453870	9657	0.0212770176482253	0.0208904736016852	1.01850336444784	0.0045	0.0053
ACC->T	537239	10592	0.0197156200499219	0.0194453448494424	1.01389922382823	0.0053	0.0068
ACT->T	537239	12107	0.0225355940279838	0.0228785678370797	0.985008947608161	0.0053	0.0068
CCC->T	537239	10548	0.0196337198155756	0.0189733341160476	1.03480599116048	0.0053	0.0068
GCC->T	537239	9463	0.017614134491353	0.0176035841507167	1.00059932912218	0.0053	0.0068
TCA->T	537239	10616	0.0197602929050199	0.0197208262399853	1.00200126833198	0.0053	0.0068
TCC->T	537239	10235	0.019051111330339	0.0187434543392573	1.01641410305236	0.0053	0.0068
TCT->T	537239	11488	0.0213834066402476	0.0208904736016852	1.02359606813905	0.0053	0.0068
ACC->T	260285	5252	0.0201778819371074	0.0194453448494424	1.0376715914959	0.0068	0.0083
ACT->T	260285	6028	0.0231592293063373	0.0228785678370797	1.01226744048212	0.0068	0.0083
CCC->T	260285	4987	0.0191597671782853	0.0189733341160476	1.00982605698595	0.0068	0.0083
GCC->T	260285	4713	0.0181070749370882	0.0176035841507167	1.02860160647177	0.0068	0.0083
TCA->T	260285	5227	0.0200818333749544	0.0197208262399853	1.01830588285582	0.0068	0.0083
TCC->T	260285	4915	0.0188831473192846	0.0187434543392573	1.00745289408766	0.0068	0.0083
TCT->T	260285	5411	0.0207887507924006	0.0208904736016852	0.995130660452026	0.0068	0.0083
ACC->T	433281	8531	0.0196893009386518	0.0194453448494424	1.01254573220986	0.0083	0.0106
ACT->T	433281	10024	0.0231351017007439	0.0228785678370797	1.01121284625379	0.0083	0.0106
CCC->T	433281	8393	0.0193708009351899	0.0189733341160476	1.02094870710183	0.0083	0.0106
GCC->T	433281	7828	0.0180667972978275	0.0176035841507167	1.02631357018803	0.0083	0.0106
TCA->T	433281	8722	0.0201301234072115	0.0197208262399853	1.02075456485674	0.0083	0.0106
TCC->T	433281	8267	0.0190799965842029	0.0187434543392573	1.01795518792076	0.0083	0.0106
TCT->T	433281	9104	0.0210117683443308	0.0208904736016852	1.005806222729	0.0083	0.0106
ACC->T	337556	6728	0.0199315076609511	0.0194453448494424	1.02500150114451	0.0106	0.0129
ACT->T	337556	7744	0.0229413786156964	0.0228785678370797	1.00274539818506	0.0106	0.0129
CCC->T	337556	6477	0.0191879273365012	0.0189733341160476	1.01131025359808	0.0106	0.0129
GCC->T	337556	6174	0.0182902984986195	0.0176035841507167	1.03900991650469	0.0106	0.0129
TCA->T	337556	6694	0.0198307836329379	0.0197208262399853	1.00557569909164	0.0106	0.0129
TCC->T	337556	6367	0.0188620554811646	0.0187434543392573	1.0063276032134	0.0106	0.0129
TCT->T	337556	7184	0.0212823946248919	0.0208904736016852	1.01876075337876	0.0106	0.0129
ACC->T	388873	7624	0.0196053724480743	0.0194453448494424	1.00822960970201	0.0129	0.0166
ACT->T	388873	8785	0.0225909230005683	0.0228785678370797	0.987427323311504	0.0129	0.0166
CCC->T	388873	7373	0.0189599175052009	0.0189733341160476	0.999292870153205	0.0129	0.0166
GCC->T	388873	7129	0.0183324632977862	0.0176035841507167	1.04140515595171	0.0129	0.0166
TCA->T	388873	7615	0.0195822286453418	0.0197208262399853	0.992972018871984	0.0129	0.0166
TCC->T	388873	7473	0.0192170708688955	0.0187434543392573	1.02526836948333	0.0129	0.0166
TCT->T	388873	8106	0.0208448516610822	0.0208904736016852	0.997816136604994	0.0129	0.0166
ACC->T	341577	6799	0.0199047359746119	0.0194453448494424	1.02362473531462	0.0166	0.0212
ACT->T	341577	7877	0.0230606861703218	0.0228785678370797	1.00796021562796	0.0166	0.0212
CCC->T	341577	6559	0.0192021125544167	0.0189733341160476	1.01205789330277	0.0166	0.0212
GCC->T	341577	6143	0.0179842319594118	0.0176035841507167	1.02162331292514	0.0166	0.0212
TCA->T	341577	6564	0.0192167505423375	0.0197208262399853	0.97443942299812	0.0166	0.0212
TCC->T	341577	6428	0.0188185972708935	0.0187434543392573	1.00400902257802	0.0166	0.0212
TCT->T	341577	7153	0.0209411055193997	0.0208904736016852	1.00242368453104	0.0166	0.0212
ACC->T	327025	6444	0.0197049155263359	0.0194453448494424	1.0133487309638	0.0212	0.0272
ACT->T	327025	7409	0.0226557602629768	0.0228785678370797	0.990261297136712	0.0212	0.0272
CCC->T	327025	6516	0.0199250821802614	0.0189733341160476	1.05016240468821	0.0212	0.0272
GCC->T	327025	5988	0.0183105267181408	0.0176035841507167	1.04015901315161	0.0212	0.0272
TCA->T	327025	6367	0.0194694595214433	0.0197208262399853	0.987253743048944	0.0212	0.0272
TCC->T	327025	6220	0.019019952603012	0.0187434543392573	1.01475172392186	0.0212	0.0272
TCT->T	327025	6787	0.0207537650026756	0.0208904736016852	0.993455935867411	0.0212	0.0272
ACC->T	327967	6496	0.0198068708132221	0.0194453448494424	1.01859190292478	0.0272	0.0363
ACT->T	327967	7317	0.0223101714501764	0.0228785678370797	0.97515594547041	0.0272	0.0363
CCC->T	327967	6478	0.0197519872426189	0.0189733341160476	1.04103934088805	0.0272	0.0363
GCC->T	327967	5922	0.018056694728433	0.0176035841507167	1.02573967743369	0.0272	0.0363
TCA->T	327967	6482	0.0197641835916418	0.0197208262399853	1.00219855654773	0.0272	0.0363
TCC->T	327967	6176	0.0188311628913885	0.0187434543392573	1.0046794230425	0.0272	0.0363
TCT->T	327967	6785	0.020688057030128	0.0208904736016852	0.990310580055932	0.0272	0.0363
ACC->T	313458	6061	0.0193359237920232	0.0194453448494424	0.994372891904649	0.0363	0.0499
ACT->T	313458	7191	0.0229408724613824	0.0228785678370797	1.00272327467114	0.0363	0.0499
CCC->T	313458	5993	0.0191189888278493	0.0189733341160476	1.00767681161945	0.0363	0.0499
GCC->T	313458	5752	0.0183501457930568	0.0176035841507167	1.04240963862519	0.0363	0.0499
TCA->T	313458	6192	0.0197538426200639	0.0197208262399853	1.00167418847856	0.0363	0.0499
TCC->T	313458	5807	0.0185256078964327	0.0187434543392573	0.98837746560044	0.0363	0.0499
TCT->T	313458	6459	0.0206056313764523	0.0208904736016852	0.986364970432748	0.0363	0.0499
ACC->T	308798	5911	0.0191419633546849	0.0194453448494424	0.984398245590069	0.0499	0.0741
ACT->T	308798	6997	0.0226588255105279	0.0228785678370797	0.990395276132815	0.0499	0.0741
CCC->T	308798	5911	0.0191419633546849	0.0189733341160476	1.0088876966803	0.0499	0.0741
GCC->T	308798	5503	0.0178207112740367	0.0176035841507167	1.01233425656168	0.0499	0.0741
TCA->T	308798	5967	0.0193233116794798	0.0197208262399853	0.979842905379921	0.0499	0.0741
TCC->T	308798	5711	0.0184942907661319	0.0187434543392573	0.986706635361043	0.0499	0.0741
TCT->T	308798	6189	0.0200422282527737	0.0208904736016852	0.959395590301833	0.0499	0.0741
ACC->T	294815	5648	0.0191577769109442	0.0194453448494424	0.985211476539772	0.0741	0.1369
ACT->T	294815	6783	0.0230076488645422	0.0228785678370797	1.00564200645694	0.0741	0.1369
CCC->T	294815	5689	0.0192968471753473	0.0189733341160476	1.01705093355342	0.0741	0.1369
GCC->T	294815	5243	0.017784034055255	0.0176035841507167	1.0102507479723	0.0741	0.1369
TCA->T	294815	5563	0.0188694605091328	0.0197208262399853	0.956829104394914	0.0741	0.1369
TCC->T	294815	5465	0.0185370486576328	0.0187434543392573	0.988987852618382	0.0741	0.1369
TCT->T	294815	6035	0.0204704645286027	0.0208904736016852	0.979894707937658	0.0741	0.1369
ACC->T	294674	4309	0.0146229392481183	0.0194453448494424	0.752002053002295	0.1369	0.9985
ACT->T	294674	7970	0.0270468382008593	0.0228785678370797	1.1821910529305	0.1369	0.9985
CCC->T	294674	3702	0.0125630357615534	0.0189733341160476	0.662141702913863	0.1369	0.9985
GCC->T	294674	3607	0.0122406455947929	0.0176035841507167	0.695349622553684	0.1369	0.9985
TCA->T	294674	4602	0.0156172583940219	0.0197208262399853	0.791917042621512	0.1369	0.9985
TCC->T	294674	4046	0.0137304275232969	0.0187434543392573	0.732545200835216	0.1369	0.9985
TCT->T	294674	5204	0.017660193977073	0.0208904736016852	0.845370684925417	0.1369	0.9985
