X3mer	binTot	count	binFrac	frac	relEnrich	minAF	maxAF
AAC->C	534327	1775	0.00332193581832848	0.00329435414117614	1.00837240805643	0.0054	0.0108
CAC->C	534327	2467	0.00461702290919231	0.00446360363704778	1.03437116836969	0.0054	0.0108
GAC->C	534327	782	0.00146352327320162	0.00146976934470258	0.995750304955348	0.0054	0.0108
TAC->C	534327	1042	0.0019501166888441	0.00192812524859179	1.01140560773652	0.0054	0.0108
TAT->T	534327	3457	0.00646982091490791	0.00650537084528152	0.994535295339943	0.0054	0.0108
AAC->C	302314	997	0.00329789556553782	0.00329435414117614	1.00107499807547	0.0108	0.0161
CAC->C	302314	1362	0.00450524950878887	0.00446360363704778	1.00933010077226	0.0108	0.0161
GAC->C	302314	424	0.00140251526558479	0.00146976934470258	0.95424174591735	0.0108	0.0161
TAC->C	302314	562	0.00185899429070437	0.00192812524859179	0.964146023222345	0.0108	0.0161
TAT->T	302314	1951	0.00645355491310359	0.00650537084528152	0.992034899560644	0.0108	0.0161
AAC->C	141033	461	0.00326873852218984	0.00329435414117614	0.992224388183974	0.0161	0.0215
CAC->C	141033	599	0.00424723291711869	0.00446360363704778	0.951525552552824	0.0161	0.0215
GAC->C	141033	194	0.00137556458417533	0.00146976934470258	0.935905071862614	0.0161	0.0215
TAC->C	141033	256	0.00181517800798395	0.00192812524859179	0.94142121177536	0.0161	0.0215
TAT->T	141033	936	0.00663674459169131	0.00650537084528152	1.02019465908005	0.0161	0.0215
AAC->C	99840	296	0.00296474358974359	0.00329435414117614	0.899946837131822	0.0215	0.0323
CAC->C	99840	407	0.00407652243589744	0.00446360363704778	0.91328056148678	0.0215	0.0323
GAC->C	99840	136	0.00136217948717949	0.00146976934470258	0.926798134747555	0.0215	0.0323
TAC->C	99840	193	0.00193309294871795	0.00192812524859179	1.00257644057604	0.0215	0.0323
TAT->T	99840	649	0.00650040064102564	0.00650537084528152	0.999235984485114	0.0215	0.0323
AAC->C	51592	170	0.00329508450922624	0.00329435414117614	1.00022170295566	0.0323	0.0484
CAC->C	51592	235	0.00455496976275392	0.00446360363704778	1.02046913954183	0.0323	0.0484
GAC->C	51592	74	0.00143433090401613	0.00146976934470258	0.975888433913673	0.0323	0.0484
TAC->C	51592	100	0.0019382850054272	0.00192812524859179	1.00526924111534	0.0323	0.0484
TAT->T	51592	337	0.00653202046828966	0.00650537084528152	1.00409655708213	0.0323	0.0484
AAC->C	42376	133	0.0031385690013215	0.00329435414117614	0.952711477522261	0.0484	0.9946
CAC->C	42376	167	0.00394090994902775	0.00446360363704778	0.882898722529552	0.0484	0.9946
GAC->C	42376	81	0.0019114593165943	0.00146976934470258	1.30051652219015	0.0484	0.9946
TAC->C	42376	89	0.00210024542193695	0.00192812524859179	1.08926814970701	0.0484	0.9946
TAT->T	42376	261	0.00615914668680385	0.00650537084528152	0.946778720735222	0.0484	0.9946
