X3mer	binTot	count	binFrac	frac	relEnrich	minAF	maxAF
AAC->C	572181	2045	0.00357404387772401	0.00347642990163366	1.02807879889782	0.0049	0.0097
CAC->C	572181	2715	0.00474500201859202	0.00459789775971437	1.03199380816306	0.0049	0.0097
GAC->C	572181	921	0.00160963051901409	0.00161534736593581	0.996460917916311	0.0049	0.0097
TAC->C	572181	1252	0.00218811879457724	0.0021309093887699	1.02684741364829	0.0049	0.0097
TAT->T	572181	3995	0.00698205637726524	0.0068733572483443	1.01581456120983	0.0049	0.0097
AAC->C	268491	898	0.00334461862781248	0.00347642990163366	0.962084299827464	0.0097	0.0146
CAC->C	268491	1215	0.00452529135054806	0.00459789775971437	0.984208781282075	0.0097	0.0146
GAC->C	268491	416	0.00154940016611358	0.00161534736593581	0.959174601566874	0.0097	0.0146
TAC->C	268491	541	0.00201496511987366	0.0021309093887699	0.945589301212301	0.0097	0.0146
TAT->T	268491	1846	0.00687546323712899	0.0068733572483443	1.0003063988541	0.0097	0.0146
AAC->C	134358	431	0.00320784769049852	0.00347642990163366	0.922741945405278	0.0146	0.0194
CAC->C	134358	594	0.00442102442727638	0.00459789775971437	0.961531695204772	0.0146	0.0194
GAC->C	134358	222	0.00165230205867905	0.00161534736593581	1.02287724208585	0.0146	0.0194
TAC->C	134358	261	0.0019425713392578	0.0021309093887699	0.91161611539906	0.0146	0.0194
TAT->T	134358	896	0.00666875065124518	0.0068733572483443	0.970231927469156	0.0146	0.0194
AAC->C	103081	364	0.00353120361657337	0.00347642990163366	1.01575573691677	0.0194	0.0291
CAC->C	103081	461	0.00447221117373716	0.00459789775971437	0.97266433649777	0.0194	0.0291
GAC->C	103081	164	0.00159098184922537	0.00161534736593581	0.984916237074294	0.0194	0.0291
TAC->C	103081	201	0.00194992287618475	0.0021309093887699	0.915066068252845	0.0194	0.0291
TAT->T	103081	682	0.00661615622665671	0.0068733572483443	0.962580000952293	0.0194	0.0291
AAC->C	55634	177	0.00318150771111191	0.00347642990163366	0.91516521291479	0.0291	0.0437
CAC->C	55634	243	0.00436783262034008	0.00459789775971437	0.949962971906409	0.0291	0.0437
GAC->C	55634	82	0.00147391882661682	0.00161534736593581	0.912446980568136	0.0291	0.0437
TAC->C	55634	131	0.00235467519861955	0.0021309093887699	1.1050095377255	0.0291	0.0437
TAT->T	55634	401	0.00720782255455297	0.0068733572483443	1.0486611264516	0.0291	0.0437
AAC->C	44427	136	0.00306120152159723	0.00347642990163366	0.880558966587733	0.0437	0.9951
CAC->C	44427	151	0.00339883404236163	0.00459789775971437	0.739214793365212	0.0437	0.9951
GAC->C	44427	66	0.00148558309136336	0.00161534736593581	0.919667882395518	0.0437	0.9951
TAC->C	44427	79	0.00177819794269251	0.0021309093887699	0.834478440079987	0.0437	0.9951
TAT->T	44427	263	0.00591982353073581	0.0068733572483443	0.861271037841343	0.0437	0.9951
