X3mer	binTot	count	binFrac	frac	relEnrich	minAF	maxAF
AAC->C	591044	2113	0.00357502994700902	0.00352796965875511	1.01333919869099	0.0048	0.0095
CAC->C	591044	2815	0.00476275877938022	0.0045996536731352	1.03546030154349	0.0048	0.0095
GAC->C	591044	957	0.00161916879284791	0.00159752677445463	1.01354720230005	0.0048	0.0095
TAC->C	591044	1227	0.00207598757452914	0.00209043083814866	0.993090771837106	0.0048	0.0095
TAT->T	591044	4102	0.0069402616387274	0.00683713226298255	1.01508371811135	0.0048	0.0095
AAC->C	276714	917	0.00331389087650065	0.00352796965875511	0.939319551197614	0.0095	0.0143
CAC->C	276714	1223	0.00441972578185419	0.0045996536731352	0.960882295914603	0.0095	0.0143
GAC->C	276714	447	0.00161538628331057	0.00159752677445463	1.01117947388521	0.0095	0.0143
TAC->C	276714	586	0.00211770998214763	0.00209043083814866	1.01304953194392	0.0095	0.0143
TAT->T	276714	1968	0.00711203625403847	0.00683713226298255	1.04020749935529	0.0095	0.0143
AAC->C	134322	464	0.00345438572981343	0.00352796965875511	0.979142697908678	0.0143	0.019
CAC->C	134322	598	0.00445198850523369	0.0045996536731352	0.967896459517385	0.0143	0.019
GAC->C	134322	214	0.00159318652193982	0.00159752677445463	0.997283142552465	0.0143	0.019
TAC->C	134322	291	0.00216643587796489	0.00209043083814866	1.03635855271038	0.0143	0.019
TAT->T	134322	892	0.00664075877369307	0.00683713226298255	0.971278383723438	0.0143	0.019
AAC->C	102750	370	0.00360097323600973	0.00352796965875511	1.02069280189909	0.019	0.0286
CAC->C	102750	457	0.00444768856447689	0.0045996536731352	0.966961619404982	0.019	0.0286
GAC->C	102750	150	0.00145985401459854	0.00159752677445463	0.913821313008611	0.019	0.0286
TAC->C	102750	217	0.00211192214111922	0.00209043083814866	1.01028080077004	0.019	0.0286
TAT->T	102750	650	0.00632603406326034	0.00683713226298255	0.925246699922804	0.019	0.0286
AAC->C	55417	191	0.00344659580995002	0.00352796965875511	0.976934651747032	0.0286	0.0429
CAC->C	55417	239	0.00431275601349766	0.0045996536731352	0.937626247533984	0.0286	0.0429
GAC->C	55417	82	0.00147969034772723	0.00159752677445463	0.926238214838293	0.0286	0.0429
TAC->C	55417	105	0.00189472544526048	0.00209043083814866	0.906380355036525	0.0286	0.0429
TAT->T	55417	389	0.00701950664958406	0.00683713226298255	1.0266741053978	0.0286	0.0429
AAC->C	45382	151	0.00332731038737826	0.00352796965875511	0.943123300145485	0.0429	0.9952
CAC->C	45382	161	0.00354766206866158	0.0045996536731352	0.771288953640599	0.0429	0.9952
GAC->C	45382	70	0.0015424617689833	0.00159752677445463	0.965531090713562	0.0429	0.9952
TAC->C	45382	100	0.00220351681283328	0.00209043083814866	1.05409697016562	0.0429	0.9952
TAT->T	45382	276	0.00608170640341986	0.00683713226298255	0.889511299400671	0.0429	0.9952
