X3mer	binTot	count	binFrac	frac	relEnrich	minAF	maxAF
ACC->A	862867	10661	0.0123553224309193	0.012414681042458	0.995218676071034	0.002	0.003
GAC->T	862867	3178	0.00368307050796936	0.00369078527851725	0.997909721111982	0.002	0.003
GAT->T	862867	7038	0.00815652933766154	0.00822996393871347	0.991077166121409	0.002	0.003
ACC->A	420327	5204	0.0123808368246627	0.012414681042458	0.997273855229982	0.003	0.004
GAC->T	420327	1587	0.00377563182950417	0.00369078527851725	1.02298875295747	0.003	0.004
GAT->T	420327	3461	0.00823406538242844	0.00822996393871347	1.00049835500441	0.003	0.004
ACC->A	261347	3346	0.0128029018890594	0.012414681042458	1.03127110920318	0.004	0.005
GAC->T	261347	992	0.00379571986669064	0.00369078527851725	1.02843150718742	0.004	0.005
GAT->T	261347	2176	0.00832609519145045	0.00822996393871347	1.01168064082089	0.004	0.005
ACC->A	181617	2293	0.0126254700826464	0.012414681042458	1.01697901375537	0.005	0.006
GAC->T	181617	690	0.00379920381902575	0.00369078527851725	1.02937546682533	0.005	0.006
GAT->T	181617	1562	0.00860051647147569	0.00822996393871347	1.04502480636873	0.005	0.006
ACC->A	134135	1694	0.0126290677302717	0.012414681042458	1.01726880353031	0.006	0.0069
GAC->T	134135	483	0.00360084989003616	0.00369078527851725	0.975632451715742	0.006	0.0069
GAT->T	134135	1094	0.00815596227681068	0.00822996393871347	0.99100826413653	0.006	0.0069
ACC->A	140806	1770	0.0125704870531085	0.012414681042458	1.01255014205501	0.0069	0.0089
GAC->T	140806	498	0.00353678110307799	0.00369078527851725	0.95827333106164	0.0069	0.0089
GAT->T	140806	1136	0.00806783801826627	0.00822996393871347	0.980300530882697	0.0069	0.0089
ACC->A	94422	1203	0.0127406748427273	0.012414681042458	1.02625873344264	0.0089	0.0109
GAC->T	94422	383	0.00405625807544852	0.00369078527851725	1.09902304505725	0.0089	0.0109
GAT->T	94422	857	0.00907627459702188	0.00822996393871347	1.10283285134791	0.0089	0.0109
ACC->A	110864	1358	0.0122492423149084	0.012414681042458	0.986673944583523	0.0109	0.0159
GAC->T	110864	426	0.00384254582190792	0.00369078527851725	1.04111876794188	0.0109	0.0159
GAT->T	110864	987	0.00890279982681484	0.00822996393871347	1.08175441509973	0.0109	0.0159
ACC->A	91828	1169	0.0127303219061724	0.012414681042458	1.0254248065363	0.0159	0.0268
GAC->T	91828	344	0.00374613407675219	0.00369078527851725	1.0149964828778	0.0159	0.0268
GAT->T	91828	806	0.00877727926122751	0.00822996393871347	1.06650276071557	0.0159	0.0268
ACC->A	79651	843	0.0105836712658975	0.012414681042458	0.852512539766545	0.0268	0.998
GAC->T	79651	242	0.00303825438475349	0.00369078527851725	0.823199984685666	0.0268	0.998
GAT->T	79651	547	0.00686745929115768	0.00822996393871347	0.834445854477366	0.0268	0.998
