X7mer	binTot	count	binFrac	frac	relEnrich	minAF	maxAF
AAACAAA->A	862867	334	0.000387081670755748	0.00037212373022674	1.04019614798523	0.002	0.003
ATTAAAA->T	862867	295	0.000341883511595646	0.000379432215926774	0.90103975689198	0.002	0.003
TTTAAAA->T	862867	1087	0.00125975382069311	0.00134537040928129	0.936362069510717	0.002	0.003
AAACAAA->A	420327	152	0.000361623212403676	0.00037212373022674	0.971782187025091	0.003	0.004
ATTAAAA->T	420327	135	0.000321178511016423	0.000379432215926774	0.846471378904755	0.003	0.004
TTTAAAA->T	420327	492	0.00117051724014874	0.00134537040928129	0.870033436199956	0.003	0.004
AAACAAA->A	261347	91	0.000348196076480694	0.00037212373022674	0.935699736935707	0.004	0.005
ATTAAAA->T	261347	99	0.000378806720566909	0.000379432215926774	0.99835149643702	0.004	0.005
TTTAAAA->T	261347	322	0.00123207842447015	0.00134537040928129	0.915791231894521	0.004	0.005
AAACAAA->A	181617	71	0.000390932566885259	0.00037212373022674	1.05054457732932	0.005	0.006
ATTAAAA->T	181617	68	0.000374414289411234	0.000379432215926774	0.986775170096498	0.005	0.006
TTTAAAA->T	181617	224	0.00123336471806053	0.00134537040928129	0.916747320702118	0.005	0.006
AAACAAA->A	134135	51	0.000380213963544191	0.00037212373022674	1.02174070788907	0.006	0.0069
ATTAAAA->T	134135	43	0.000320572557498043	0.000379432215926774	0.844874378194365	0.006	0.0069
TTTAAAA->T	134135	160	0.00119282812092295	0.00134537040928129	0.886616884609623	0.006	0.0069
AAACAAA->A	140806	44	0.000312486683806088	0.00037212373022674	0.839738663308803	0.0069	0.0089
ATTAAAA->T	140806	58	0.000411914265017116	0.000379432215926774	1.08560698782786	0.0069	0.0089
TTTAAAA->T	140806	173	0.00122864082496485	0.00134537040928129	0.913236099507494	0.0069	0.0089
AAACAAA->A	94422	32	0.000338904068966978	0.00037212373022674	0.910729527408745	0.0089	0.0109
ATTAAAA->T	94422	35	0.000370676325432632	0.000379432215926774	0.976923703031502	0.0089	0.0109
TTTAAAA->T	94422	113	0.00119675499353964	0.00134537040928129	0.889535688672504	0.0089	0.0109
AAACAAA->A	110864	38	0.000342762303362679	0.00037212373022674	0.921097676715831	0.0109	0.0159
ATTAAAA->T	110864	52	0.000469043151969981	0.000379432215926774	1.23617113223855	0.0109	0.0159
TTTAAAA->T	110864	147	0.00132594891037668	0.00134537040928129	0.985564199442303	0.0109	0.0159
AAACAAA->A	91828	31	0.000337587663893366	0.00037212373022674	0.907191980709399	0.0159	0.0268
ATTAAAA->T	91828	29	0.000315807814609923	0.000379432215926774	0.832316818008069	0.0159	0.0268
TTTAAAA->T	91828	112	0.00121967155987281	0.00134537040928129	0.906569336934032	0.0159	0.0268
AAACAAA->A	79651	37	0.000464526496842475	0.00037212373022674	1.24831194334055	0.0268	0.998
ATTAAAA->T	79651	62	0.000778395751465769	0.000379432215926774	2.05147512201755	0.0268	0.998
TTTAAAA->T	79651	269	0.00337723317974664	0.00134537040928129	2.51026271757441	0.0268	0.998
