X3mer	binTot	count	binFrac	frac	relEnrich	minAF	maxAF
ACC->T	862867	15774	0.0182809169895245	0.0180714489742845	1.01159110238133	0.002	0.003
ACT->T	862867	18618	0.0215769058267381	0.0215600328151008	1.00078260602764	0.002	0.003
CCC->T	862867	15646	0.0181325743133067	0.0179849652268341	1.00820736012613	0.002	0.003
GCC->T	862867	15685	0.0181777724724668	0.0179807019435091	1.01096011321343	0.002	0.003
TCA->T	862867	16734	0.0193934870611577	0.0191311794007894	1.01371100311555	0.002	0.003
TCC->T	862867	16357	0.0189565715226101	0.0188351857299381	1.0064446294511	0.002	0.003
TCT->T	862867	17968	0.0208236031740697	0.0205179645623709	1.01489614677761	0.002	0.003
ACC->T	420327	7578	0.0180288204183885	0.0180714489742845	0.997641110242095	0.003	0.004
ACT->T	420327	9133	0.0217283210452814	0.0215600328151008	1.00780556465864	0.003	0.004
CCC->T	420327	7649	0.0181977365241824	0.0179849652268341	1.01183050924284	0.003	0.004
GCC->T	420327	7714	0.0183523780294866	0.0179807019435091	1.02067083293774	0.003	0.004
TCA->T	420327	7964	0.0189471530498873	0.0191311794007894	0.990380815157977	0.003	0.004
TCC->T	420327	7978	0.0189804604510298	0.0188351857299381	1.00771294338026	0.003	0.004
TCT->T	420327	8768	0.0208599495154963	0.0205179645623709	1.01666758669388	0.003	0.004
ACC->T	261347	4650	0.0177924368751124	0.0180714489742845	0.984560612733981	0.004	0.005
ACT->T	261347	5670	0.0216952939961048	0.0215600328151008	1.00627370014526	0.004	0.005
CCC->T	261347	4837	0.0185079606806277	0.0179849652268341	1.02907959215919	0.004	0.005
GCC->T	261347	4746	0.018159764604147	0.0179807019435091	1.00995860235048	0.004	0.005
TCA->T	261347	4990	0.0190933892487765	0.0191311794007894	0.998024682575955	0.004	0.005
TCC->T	261347	4965	0.0189977309860071	0.0188351857299381	1.00862987274984	0.004	0.005
TCT->T	261347	5416	0.0207234060463675	0.0205179645623709	1.01001276142046	0.004	0.005
ACC->T	181617	3249	0.0178892945043691	0.0180714489742845	0.989920317392667	0.005	0.006
ACT->T	181617	3992	0.0219803212254359	0.0215600328151008	1.01949386691289	0.005	0.006
CCC->T	181617	3322	0.018291239256237	0.0179849652268341	1.01702944796057	0.005	0.006
GCC->T	181617	3305	0.0181976356838842	0.0179807019435091	1.01206480931928	0.005	0.006
TCA->T	181617	3511	0.0193318907371006	0.0191311794007894	1.01049132058753	0.005	0.006
TCC->T	181617	3454	0.0190180434650941	0.0188351857299381	1.00970830539066	0.005	0.006
TCT->T	181617	3737	0.0205762676401438	0.0205179645623709	1.00284156245595	0.005	0.006
ACC->T	134135	2438	0.0181757184925635	0.0180714489742845	1.0057698482522	0.006	0.0069
ACT->T	134135	2936	0.0218883960189361	0.0215600328151008	1.01523018107864	0.006	0.0069
CCC->T	134135	2372	0.0176836768926827	0.0179849652268341	0.983247766656685	0.006	0.0069
GCC->T	134135	2443	0.0182129943713423	0.0179807019435091	1.01291898550808	0.006	0.0069
TCA->T	134135	2655	0.0197934916315652	0.0191311794007894	1.03461951910547	0.006	0.0069
TCC->T	134135	2588	0.0192939948559287	0.0188351857299381	1.02435915061148	0.006	0.0069
TCT->T	134135	2744	0.0204570022738286	0.0205179645623709	0.997028833520157	0.006	0.0069
ACC->T	140806	2554	0.0181384316009261	0.0180714489742845	1.00370654432508	0.0069	0.0089
ACT->T	140806	3069	0.0217959461954746	0.0215600328151008	1.01094216239822	0.0069	0.0089
CCC->T	140806	2513	0.0178472508273795	0.0179849652268341	0.99234280424134	0.0069	0.0089
GCC->T	140806	2615	0.0185716517762027	0.0179807019435091	1.03286578213411	0.0069	0.0089
TCA->T	140806	2702	0.0191895231737284	0.0191311794007894	1.00304966942794	0.0069	0.0089
TCC->T	140806	2660	0.0188912404300953	0.0188351857299381	1.00297606304291	0.0069	0.0089
TCT->T	140806	2848	0.0202264108063577	0.0205179645623709	0.985790317790687	0.0069	0.0089
ACC->T	94422	1687	0.0178665988858529	0.0180714489742845	0.988664434782008	0.0089	0.0109
ACT->T	94422	2031	0.0215098176272479	0.0215600328151008	0.997670913199272	0.0089	0.0109
CCC->T	94422	1695	0.0179513249030946	0.0179849652268341	0.99812953078779	0.0089	0.0109
GCC->T	94422	1721	0.0182266844591303	0.0179807019435091	1.01368036222357	0.0089	0.0109
TCA->T	94422	1799	0.0190527631272373	0.0191311794007894	0.995901127060211	0.0089	0.0109
TCC->T	94422	1760	0.0186397237931838	0.0188351857299381	0.989622510786099	0.0089	0.0109
TCT->T	94422	1967	0.0208320094893139	0.0205179645623709	1.01530585190302	0.0089	0.0109
ACC->T	110864	2060	0.0185813248665031	0.0180714489742845	1.02821444439481	0.0109	0.0159
ACT->T	110864	2362	0.0213053831721749	0.0215600328151008	0.988188810049143	0.0109	0.0159
CCC->T	110864	1988	0.017931880502237	0.0179849652268341	0.997048383250811	0.0109	0.0159
GCC->T	110864	1955	0.0176342185019483	0.0179807019435091	0.980730260551046	0.0109	0.0159
TCA->T	110864	2125	0.0191676288064656	0.0191311794007894	1.00190523568425	0.0109	0.0159
TCC->T	110864	2092	0.0188699668061769	0.0188351857299381	1.00184660118236	0.0109	0.0159
TCT->T	110864	2319	0.0209175205657382	0.0205179645623709	1.0194734717546	0.0109	0.0159
ACC->T	91828	1666	0.018142614453108	0.0180714489742845	1.00393800623983	0.0159	0.0268
ACT->T	91828	1987	0.0216382802631006	0.0215600328151008	1.00362928241672	0.0159	0.0268
CCC->T	91828	1656	0.0180337152066908	0.0179849652268341	1.00271059628094	0.0159	0.0268
GCC->T	91828	1588	0.0172932003310537	0.0179807019435091	0.961764473121499	0.0159	0.0268
TCA->T	91828	1725	0.0187851200069696	0.0191311794007894	0.981911235759694	0.0159	0.0268
TCC->T	91828	1738	0.0189266890273119	0.0188351857299381	1.00485810433122	0.0159	0.0268
TCT->T	91828	1856	0.0202117001350351	0.0205179645623709	0.985073352358863	0.0159	0.0268
ACC->T	79651	1302	0.0163463107807812	0.0180714489742845	0.904537915251943	0.0268	0.998
ACT->T	79651	1614	0.0202633990784799	0.0215600328151008	0.939859380190147	0.0268	0.998
CCC->T	79651	1217	0.015279155315062	0.0179849652268341	0.849551562783398	0.0268	0.998
GCC->T	79651	1203	0.0151033885324729	0.0179807019435091	0.839977692746593	0.0268	0.998
TCA->T	79651	1298	0.0162960917000414	0.0191311794007894	0.851808001934736	0.0268	0.998
TCC->T	79651	1309	0.0164341941720757	0.0188351857299381	0.872526260569544	0.0268	0.998
TCT->T	79651	1320	0.0165722966441099	0.0205179645623709	0.807696913294354	0.0268	0.998
