X3mer	binTot	count	binFrac	frac	relEnrich	minAF	maxAF
ACG->T	862867	36713	0.0425476927498676	0.0440056104808557	0.966869730585322	0.002	0.003
CCG->T	862867	32730	0.0379316858797474	0.0379237322974773	1.00020972572551	0.002	0.003
GCG->T	862867	26619	0.0308494820175068	0.0308302378851191	1.00062419668831	0.002	0.003
TCG->T	862867	24148	0.027985773010209	0.028010989526331	0.999099763466112	0.002	0.003
ACG->T	420327	17434	0.041477230822669	0.0440056104808557	0.942544152198805	0.003	0.004
CCG->T	420327	15464	0.0367904036619108	0.0379237322974773	0.970115582857813	0.003	0.004
GCG->T	420327	12713	0.0302454993374206	0.0308302378851191	0.981033602469193	0.003	0.004
TCG->T	420327	11498	0.0273548927382728	0.028010989526331	0.976577164921597	0.003	0.004
ACG->T	261347	10632	0.0406815459905796	0.0440056104808557	0.924462711596235	0.004	0.005
CCG->T	261347	9520	0.0364266664625957	0.0379237322974773	0.96052430116481	0.004	0.005
GCG->T	261347	7654	0.0292867337294861	0.0308302378851191	0.949935379630072	0.004	0.005
TCG->T	261347	7130	0.027281736541839	0.028010989526331	0.973965468666988	0.004	0.005
ACG->T	181617	7393	0.040706541788489	0.0440056104808557	0.925030725484379	0.005	0.006
CCG->T	181617	6558	0.0361089545582187	0.0379237322974773	0.952146647249186	0.005	0.006
GCG->T	181617	5233	0.028813382007191	0.0308302378851191	0.93458189049843	0.005	0.006
TCG->T	181617	4968	0.0273542674969854	0.028010989526331	0.976554843636345	0.005	0.006
ACG->T	134135	5443	0.0405785216386476	0.0440056104808557	0.922121547576325	0.006	0.0069
CCG->T	134135	4754	0.0354419055429232	0.0379237322974773	0.93455742343379	0.006	0.0069
GCG->T	134135	3818	0.0284638610355239	0.0308302378851191	0.923244937051316	0.006	0.0069
TCG->T	134135	3629	0.0270548328176837	0.028010989526331	0.965864943551942	0.006	0.0069
ACG->T	140806	5733	0.0407155945059159	0.0440056104808557	0.925236442831055	0.0069	0.0089
CCG->T	140806	5012	0.035595074073548	0.0379237322974773	0.938596280406605	0.0069	0.0089
GCG->T	140806	3963	0.0281451074528074	0.0308302378851191	0.912905945055722	0.0069	0.0089
TCG->T	140806	3709	0.0263412070508359	0.028010989526331	0.94038830817007	0.0069	0.0089
ACG->T	94422	3776	0.0399906801381034	0.0440056104808557	0.908763216806208	0.0089	0.0109
CCG->T	94422	3330	0.0352672046768761	0.0379237322974773	0.929950786495298	0.0089	0.0109
GCG->T	94422	2700	0.0285950308190888	0.0308302378851191	0.927499519323877	0.0089	0.0109
TCG->T	94422	2533	0.0268263752091674	0.028010989526331	0.957708944339505	0.0089	0.0109
ACG->T	110864	4397	0.0396612065233078	0.0440056104808557	0.901276134791088	0.0109	0.0159
CCG->T	110864	3937	0.0355119786404965	0.0379237322974773	0.936405160808994	0.0109	0.0159
GCG->T	110864	3291	0.0296850194833309	0.0308302378851191	0.962854052373661	0.0109	0.0159
TCG->T	110864	3077	0.0277547265117622	0.028010989526331	0.990851340173902	0.0109	0.0159
ACG->T	91828	3698	0.040270941325086	0.0440056104808557	0.915131977151086	0.0159	0.0268
CCG->T	91828	3262	0.0355229341812955	0.0379237322974773	0.936694044316373	0.0159	0.0268
GCG->T	91828	2652	0.0288800801498454	0.0308302378851191	0.93674529069349	0.0159	0.0268
TCG->T	91828	2458	0.0267674347693514	0.028010989526331	0.955604754490712	0.0159	0.0268
ACG->T	79651	7232	0.0907960979774265	0.0440056104808557	2.06328458997124	0.0268	0.998
CCG->T	79651	4459	0.0559817202546107	0.0379237322974773	1.47616589568466	0.0268	0.998
GCG->T	79651	3759	0.0471933811251585	0.0308302378851191	1.53074982103649	0.0268	0.998
TCG->T	79651	2868	0.0360070808903843	0.028010989526331	1.2854626523114	0.0268	0.998
