X3mer	binTot	count	binFrac	frac	relEnrich	minAF	maxAF
ACC->T	583097	12848	0.0220340698031374	0.0234502360196958	0.939609724381071	0.002	0.003
ACT->T	583097	13286	0.0227852312736989	0.0234252554952528	0.972678026001313	0.002	0.003
CCC->T	583097	11351	0.0194667439551224	0.0201731612946203	0.964982318379306	0.002	0.003
GCC->T	583097	10820	0.018556089295606	0.0187187396492734	0.991310827720514	0.002	0.003
TCA->T	583097	11970	0.0205283169009616	0.0207171816047119	0.990883668089904	0.002	0.003
TCC->T	583097	15246	0.0261465931054353	0.0291781777540103	0.896100960308999	0.002	0.003
TCT->T	583097	13794	0.0236564413811081	0.0245280993891799	0.964462880134271	0.002	0.003
ACC->T	294827	6940	0.0235392280896933	0.0234502360196958	1.00379493280677	0.003	0.004
ACT->T	294827	6999	0.0237393454466518	0.0234252554952528	1.01340817612267	0.003	0.004
CCC->T	294827	5917	0.0200693966292097	0.0201731612946203	0.994856301206579	0.003	0.004
GCC->T	294827	5732	0.0194419100014585	0.0187187396492734	1.03863349593695	0.003	0.004
TCA->T	294827	6072	0.0205951286686769	0.0207171816047119	0.994108612920242	0.003	0.004
TCC->T	294827	8435	0.0286099984058448	0.0291781777540103	0.980527250435047	0.003	0.004
TCT->T	294827	7201	0.0244244930077639	0.0245280993891799	0.995776012655031	0.003	0.004
ACC->T	191012	4702	0.0246162544761586	0.0234502360196958	1.04972310110156	0.004	0.005
ACT->T	191012	4536	0.0237471991288505	0.0234252554952528	1.0137434417167	0.004	0.005
CCC->T	191012	3919	0.0205170355789165	0.0201731612946203	1.01704612773745	0.004	0.005
GCC->T	191012	3654	0.0191296881871296	0.0187187396492734	1.02195385723377	0.004	0.005
TCA->T	191012	3993	0.0209044457939815	0.0207171816047119	1.00903907649422	0.004	0.005
TCC->T	191012	5811	0.0304221724289573	0.0291781777540103	1.04263441964864	0.004	0.005
TCT->T	191012	4834	0.0253073105354637	0.0245280993891799	1.03176810130782	0.004	0.005
ACC->T	136088	3305	0.0242857562753512	0.0234502360196958	1.03562950304439	0.005	0.006
ACT->T	136088	3222	0.0236758567985421	0.0234252554952528	1.01069791120699	0.005	0.006
CCC->T	136088	2876	0.0211333842807595	0.0201731612946203	1.04759903379126	0.005	0.006
GCC->T	136088	2479	0.0182161542531303	0.0187187396492734	0.973150681853593	0.005	0.006
TCA->T	136088	2904	0.0213391335018517	0.0207171816047119	1.03002106700645	0.005	0.006
TCC->T	136088	4297	0.0315751572511904	0.0291781777540103	1.08214973249488	0.005	0.006
TCT->T	136088	3512	0.0258068308741403	0.0245280993891799	1.05213332939789	0.005	0.006
ACC->T	100648	2446	0.0243025196725221	0.0234502360196958	1.03634435287178	0.006	0.007
ACT->T	100648	2427	0.0241137429457118	0.0234252554952528	1.02939081926336	0.006	0.007
CCC->T	100648	2148	0.021341705746761	0.0201731612946203	1.05792569816275	0.006	0.007
GCC->T	100648	1872	0.0185994753994118	0.0187187396492734	0.993628617519329	0.006	0.007
TCA->T	100648	2090	0.0207654399491296	0.0207171816047119	1.00232938752667	0.006	0.007
TCC->T	100648	3264	0.0324298545425642	0.0291781777540103	1.11144207893884	0.006	0.007
TCT->T	100648	2564	0.0254749225021858	0.0245280993891799	1.03860156867367	0.006	0.007
ACC->T	103174	2552	0.0247349138348809	0.0234502360196958	1.05478315075832	0.007	0.0089
ACT->T	103174	2538	0.0245992207339058	0.0234252554952528	1.05011536539659	0.007	0.0089
CCC->T	103174	2192	0.021245662666951	0.0201731612946203	1.05316476464285	0.007	0.0089
GCC->T	103174	2004	0.0194234981681431	0.0187187396492734	1.03764989160993	0.007	0.0089
TCA->T	103174	2239	0.0217012037916529	0.0207171816047119	1.04749787908975	0.007	0.0089
TCC->T	103174	3477	0.0337003508635897	0.0291781777540103	1.15498476799011	0.007	0.0089
TCT->T	103174	2668	0.0258592281001027	0.0245280993891799	1.05426954163069	0.007	0.0089
ACC->T	64886	1663	0.0256295656998428	0.0234502360196958	1.09293423223189	0.0089	0.0109
ACT->T	64886	1645	0.025352156089141	0.0234252554952528	1.0822573992535	0.0089	0.0109
CCC->T	64886	1422	0.0219153592454459	0.0201731612946203	1.08636216829784	0.0089	0.0109
GCC->T	64886	1313	0.0202354899361958	0.0187187396492734	1.08102844076798	0.0089	0.0109
TCA->T	64886	1399	0.0215608914095491	0.0207171816047119	1.04072512472668	0.0089	0.0109
TCC->T	64886	2316	0.0356933699103042	0.0291781777540103	1.22328989189184	0.0089	0.0109
TCT->T	64886	1727	0.0266159109823383	0.0245280993891799	1.08511917536013	0.0089	0.0109
ACC->T	74451	2041	0.0274140038414528	0.0234502360196958	1.16902890949276	0.0109	0.0169
ACT->T	74451	1856	0.0249291480302481	0.0234252554952528	1.06419962144277	0.0109	0.0169
CCC->T	74451	1627	0.0218532994855677	0.0201731612946203	1.08328581556503	0.0109	0.0169
GCC->T	74451	1413	0.0189789257363904	0.0187187396492734	1.01389976526155	0.0109	0.0169
TCA->T	74451	1603	0.0215309398127628	0.0207171816047119	1.03927938768784	0.0109	0.0169
TCC->T	74451	2781	0.0373534270862715	0.0291781777540103	1.28018368388813	0.0109	0.0169
TCT->T	74451	2024	0.0271856657398826	0.0245280993891799	1.10834783032048	0.0109	0.0169
ACC->T	56444	1445	0.0256005952802778	0.0234502360196958	1.09169883231776	0.0169	0.998
ACT->T	56444	1347	0.0238643611367019	0.0234252554952528	1.01874496700956	0.0169	0.998
CCC->T	56444	1135	0.0201084260505988	0.0201731612946203	0.996791021343851	0.0169	0.998
GCC->T	56444	981	0.0173800581106938	0.0187187396492734	0.928484419161649	0.0169	0.998
TCA->T	56444	1049	0.0185847920062363	0.0207171816047119	0.897071443444285	0.0169	0.998
TCC->T	56444	1835	0.0325100985047126	0.0291781777540103	1.11419221511338	0.0169	0.998
TCT->T	56444	1374	0.024342711359932	0.0245280993891799	0.992441810255803	0.0169	0.998
