X3mer	binTot	count	binFrac	frac	relEnrich	minAF	maxAF
ACC->A	583097	6671	0.0114406350915885	0.0111736960628843	1.02388994896603	0.002	0.003
GAC->T	583097	1815	0.00311268965540896	0.00314384526137955	0.990089968373024	0.002	0.003
GAT->T	583097	4310	0.00739156606876729	0.00722492279167538	1.02306505991786	0.002	0.003
ACC->A	294827	3292	0.0111658701543617	0.0111736960628843	0.999299613263279	0.003	0.004
GAC->T	294827	930	0.00315439223680328	0.00314384526137955	1.00335480106266	0.003	0.004
GAT->T	294827	2101	0.00712621299948784	0.00722492279167538	0.986337599025795	0.003	0.004
ACC->A	191012	2063	0.0108003685632316	0.0111736960628843	0.966588718938511	0.004	0.005
GAC->T	191012	650	0.00340292756476033	0.00314384526137955	1.08240936873181	0.004	0.005
GAT->T	191012	1329	0.00695767805164073	0.00722492279167538	0.963010713368098	0.004	0.005
ACC->A	136088	1473	0.010823878666745	0.0111736960628843	0.968692776842101	0.005	0.006
GAC->T	136088	465	0.00341690670742461	0.00314384526137955	1.08685587977229	0.005	0.006
GAT->T	136088	1019	0.00748780201046382	0.00722492279167538	1.03638505578099	0.005	0.006
ACC->A	100648	1116	0.0110881487958032	0.0111736960628843	0.992343870228825	0.006	0.007
GAC->T	100648	340	0.00337810984818377	0.00314384526137955	1.07451530445281	0.006	0.007
GAT->T	100648	772	0.00767029647881726	0.00722492279167538	1.06164407565089	0.006	0.007
ACC->A	103174	1173	0.0113691433888383	0.0111736960628843	1.01749173459292	0.007	0.0089
GAC->T	103174	338	0.00327601915211197	0.00314384526137955	1.0420421107731	0.007	0.0089
GAT->T	103174	750	0.00726927326652064	0.00722492279167538	1.00613853962514	0.007	0.0089
ACC->A	64886	724	0.0111580310082298	0.0111736960628843	0.998598041814783	0.0089	0.0109
GAC->T	64886	206	0.00317479887803224	0.00314384526137955	1.00984578249856	0.0089	0.0109
GAT->T	64886	472	0.00727429645840397	0.00722492279167538	1.00683379852661	0.0089	0.0109
ACC->A	74451	815	0.0109467972223342	0.0111736960628843	0.979693483761041	0.0109	0.0169
GAC->T	74451	232	0.00311614350378101	0.00314384526137955	0.991188574724448	0.0109	0.0169
GAT->T	74451	548	0.00736054586237928	0.00722492279167538	1.018771559865	0.0109	0.0169
ACC->A	56444	542	0.00960243781447098	0.0111736960628843	0.859378826883203	0.0169	0.998
GAC->T	56444	137	0.00242718446601942	0.00314384526137955	0.772043235026886	0.0169	0.998
GAT->T	56444	319	0.00565161930408901	0.00722492279167538	0.78223940477272	0.0169	0.998
