X3mer	binTot	count	binFrac	frac	relEnrich	minAF	maxAF
ACG->T	583097	24802	0.0425349470156766	0.0428415994197117	0.992842181239995	0.002	0.003
CCG->T	583097	21931	0.0376112379243934	0.0368222182335624	1.02142781528876	0.002	0.003
GCG->T	583097	17598	0.030180227303519	0.0298841088706767	1.00990889285418	0.002	0.003
TCG->T	583097	16353	0.0280450765481558	0.0275498176421716	1.01797684879141	0.002	0.003
ACG->T	294827	11840	0.0401591441760761	0.0428415994197117	0.937386669032685	0.003	0.004
CCG->T	294827	10449	0.0354411230993091	0.0368222182335624	0.962492886075113	0.003	0.004
GCG->T	294827	8479	0.0287592384686613	0.0298841088706767	0.962358910989003	0.003	0.004
TCG->T	294827	7886	0.026747889440248	0.0275498176421716	0.970891705624359	0.003	0.004
ACG->T	191012	7413	0.0388090800577974	0.0428415994197117	0.905873743825286	0.004	0.005
CCG->T	191012	6587	0.0344847444139635	0.0368222182335624	0.936520016127972	0.004	0.005
GCG->T	191012	5335	0.0279301823969175	0.0298841088706767	0.934616538769321	0.004	0.005
TCG->T	191012	5011	0.0262339538877139	0.0275498176421716	0.952236934140593	0.004	0.005
ACG->T	136088	5239	0.0384971489036506	0.0428415994197117	0.898592709541507	0.005	0.006
CCG->T	136088	4616	0.0339192287343484	0.0368222182335624	0.921162014716213	0.005	0.006
GCG->T	136088	3814	0.0280259831873494	0.0298841088706767	0.937822282358547	0.005	0.006
TCG->T	136088	3581	0.0263138557404033	0.0275498176421716	0.955137202074384	0.005	0.006
ACG->T	100648	3830	0.0380534138780701	0.0428415994197117	0.888235135790974	0.006	0.007
CCG->T	100648	3443	0.0342083300214609	0.0368222182335624	0.929013287697075	0.006	0.007
GCG->T	100648	2798	0.0277998569271123	0.0298841088706767	0.930255509622722	0.006	0.007
TCG->T	100648	2687	0.0266970034178523	0.0275498176421716	0.969044650843212	0.006	0.007
ACG->T	103174	3891	0.0377129897067091	0.0428415994197117	0.880289023228136	0.007	0.0089
CCG->T	103174	3447	0.0334095799329288	0.0368222182335624	0.907321218972001	0.007	0.0089
GCG->T	103174	2874	0.0278558551573071	0.0298841088706767	0.932129356035111	0.007	0.0089
TCG->T	103174	2666	0.025839843371392	0.0275498176421716	0.937931557551872	0.007	0.0089
ACG->T	64886	2380	0.0366797151927997	0.0428415994197117	0.856170537272778	0.0089	0.0109
CCG->T	64886	2169	0.0334278580895725	0.0368222182335624	0.907817608313015	0.0089	0.0109
GCG->T	64886	1781	0.0274481398144438	0.0298841088706767	0.918486140350559	0.0089	0.0109
TCG->T	64886	1593	0.0245507505471134	0.0275498176421716	0.891140219728083	0.0089	0.0109
ACG->T	74451	2715	0.0364669379860579	0.0428415994197117	0.851203934493615	0.0109	0.0169
CCG->T	74451	2429	0.0326254852184658	0.0368222182335624	0.886027153810323	0.0109	0.0169
GCG->T	74451	2006	0.0269438959852789	0.0298841088706767	0.901612830480521	0.0109	0.0169
TCG->T	74451	1872	0.0251440544787847	0.0275498176421716	0.912675895186171	0.0109	0.0169
ACG->T	56444	4760	0.0843313726879739	0.0428415994197117	1.9684459457686	0.0169	0.998
CCG->T	56444	2893	0.0512543405853589	0.0368222182335624	1.39194060119502	0.0169	0.998
GCG->T	56444	2475	0.0438487704627595	0.0298841088706767	1.46729389363808	0.0169	0.998
TCG->T	56444	1956	0.0346538161717809	0.0275498176421716	1.25786009264667	0.0169	0.998
