X3mer	binTot	count	binFrac	frac	relEnrich	minAF	maxAF
ACA->T	583097	18280	0.0313498440225211	0.0313079987639266	1.00133656765832	0.002	0.003
ACC->T	583097	12848	0.0220340698031374	0.0234502360196958	0.939609724381071	0.002	0.003
ACG->T	583097	24802	0.0425349470156766	0.0428415994197117	0.992842181239995	0.002	0.003
ACT->T	583097	13286	0.0227852312736989	0.0234252554952528	0.972678026001313	0.002	0.003
CCA->T	583097	11845	0.0203139443351621	0.0201491059747863	1.00818092676578	0.002	0.003
CCC->T	583097	11351	0.0194667439551224	0.0201731612946203	0.964982318379306	0.002	0.003
CCG->T	583097	21931	0.0376112379243934	0.0368222182335624	1.02142781528876	0.002	0.003
CCT->T	583097	14518	0.0248980872822189	0.0250193830365585	0.995151928640191	0.002	0.003
GCA->T	583097	9854	0.0168994181071074	0.0171394153817117	0.98599734767731	0.002	0.003
GCC->T	583097	10820	0.018556089295606	0.0187187396492734	0.991310827720514	0.002	0.003
GCG->T	583097	17598	0.030180227303519	0.0298841088706767	1.00990889285418	0.002	0.003
GCT->T	583097	11373	0.0195044735267031	0.0199853447589935	0.975938807256555	0.002	0.003
TCA->T	583097	11970	0.0205283169009616	0.0207171816047119	0.990883668089904	0.002	0.003
TCC->T	583097	15246	0.0261465931054353	0.0291781777540103	0.896100960308999	0.002	0.003
TCG->T	583097	16353	0.0280450765481558	0.0275498176421716	1.01797684879141	0.002	0.003
TCT->T	583097	13794	0.0236564413811081	0.0245280993891799	0.964462880134271	0.002	0.003
ACA->T	294827	9228	0.0312997113561512	0.0313079987639266	0.999735294234617	0.003	0.004
ACC->T	294827	6940	0.0235392280896933	0.0234502360196958	1.00379493280677	0.003	0.004
ACG->T	294827	11840	0.0401591441760761	0.0428415994197117	0.937386669032685	0.003	0.004
ACT->T	294827	6999	0.0237393454466518	0.0234252554952528	1.01340817612267	0.003	0.004
CCA->T	294827	5966	0.0202355957900735	0.0201491059747863	1.0042924889767	0.003	0.004
CCC->T	294827	5917	0.0200693966292097	0.0201731612946203	0.994856301206579	0.003	0.004
CCG->T	294827	10449	0.0354411230993091	0.0368222182335624	0.962492886075113	0.003	0.004
CCT->T	294827	7393	0.0250757223727813	0.0250193830365585	1.00225182755868	0.003	0.004
GCA->T	294827	5025	0.0170438935375661	0.0171394153817117	0.994426773491499	0.003	0.004
GCC->T	294827	5732	0.0194419100014585	0.0187187396492734	1.03863349593695	0.003	0.004
GCG->T	294827	8479	0.0287592384686613	0.0298841088706767	0.962358910989003	0.003	0.004
GCT->T	294827	5800	0.0196725537349022	0.0199853447589935	0.984348980322167	0.003	0.004
TCA->T	294827	6072	0.0205951286686769	0.0207171816047119	0.994108612920242	0.003	0.004
TCC->T	294827	8435	0.0286099984058448	0.0291781777540103	0.980527250435047	0.003	0.004
TCG->T	294827	7886	0.026747889440248	0.0275498176421716	0.970891705624359	0.003	0.004
TCT->T	294827	7201	0.0244244930077639	0.0245280993891799	0.995776012655031	0.003	0.004
ACA->T	191012	6025	0.03154252088874	0.0313079987639266	1.00749080535558	0.004	0.005
ACC->T	191012	4702	0.0246162544761586	0.0234502360196958	1.04972310110156	0.004	0.005
ACG->T	191012	7413	0.0388090800577974	0.0428415994197117	0.905873743825286	0.004	0.005
ACT->T	191012	4536	0.0237471991288505	0.0234252554952528	1.0137434417167	0.004	0.005
CCA->T	191012	3901	0.0204228006617385	0.0201491059747863	1.01358346555399	0.004	0.005
CCC->T	191012	3919	0.0205170355789165	0.0201731612946203	1.01704612773745	0.004	0.005
CCG->T	191012	6587	0.0344847444139635	0.0368222182335624	0.936520016127972	0.004	0.005
CCT->T	191012	4751	0.0248727828618097	0.0250193830365585	0.994140535978262	0.004	0.005
GCA->T	191012	3284	0.0171926371118045	0.0171394153817117	1.00310522435611	0.004	0.005
GCC->T	191012	3654	0.0191296881871296	0.0187187396492734	1.02195385723377	0.004	0.005
GCG->T	191012	5335	0.0279301823969175	0.0298841088706767	0.934616538769321	0.004	0.005
GCT->T	191012	3876	0.0202919188323247	0.0199853447589935	1.01533994419552	0.004	0.005
TCA->T	191012	3993	0.0209044457939815	0.0207171816047119	1.00903907649422	0.004	0.005
TCC->T	191012	5811	0.0304221724289573	0.0291781777540103	1.04263441964864	0.004	0.005
TCG->T	191012	5011	0.0262339538877139	0.0275498176421716	0.952236934140593	0.004	0.005
TCT->T	191012	4834	0.0253073105354637	0.0245280993891799	1.03176810130782	0.004	0.005
ACA->T	136088	4214	0.0309652577743813	0.0313079987639266	0.989052606264305	0.005	0.006
ACC->T	136088	3305	0.0242857562753512	0.0234502360196958	1.03562950304439	0.005	0.006
ACG->T	136088	5239	0.0384971489036506	0.0428415994197117	0.898592709541507	0.005	0.006
ACT->T	136088	3222	0.0236758567985421	0.0234252554952528	1.01069791120699	0.005	0.006
CCA->T	136088	2754	0.0202369055317148	0.0201491059747863	1.00435749144594	0.005	0.006
CCC->T	136088	2876	0.0211333842807595	0.0201731612946203	1.04759903379126	0.005	0.006
CCG->T	136088	4616	0.0339192287343484	0.0368222182335624	0.921162014716213	0.005	0.006
CCT->T	136088	3383	0.0248589148198225	0.0250193830365585	0.993586244053197	0.005	0.006
GCA->T	136088	2380	0.0174886837928399	0.0171394153817117	1.02037808194444	0.005	0.006
GCC->T	136088	2479	0.0182161542531303	0.0187187396492734	0.973150681853593	0.005	0.006
GCG->T	136088	3814	0.0280259831873494	0.0298841088706767	0.937822282358547	0.005	0.006
GCT->T	136088	2807	0.0206263594144965	0.0199853447589935	1.03207423555776	0.005	0.006
TCA->T	136088	2904	0.0213391335018517	0.0207171816047119	1.03002106700645	0.005	0.006
TCC->T	136088	4297	0.0315751572511904	0.0291781777540103	1.08214973249488	0.005	0.006
TCG->T	136088	3581	0.0263138557404033	0.0275498176421716	0.955137202074384	0.005	0.006
TCT->T	136088	3512	0.0258068308741403	0.0245280993891799	1.05213332939789	0.005	0.006
ACA->T	100648	3034	0.0301446625864399	0.0313079987639266	0.962842205716861	0.006	0.007
ACC->T	100648	2446	0.0243025196725221	0.0234502360196958	1.03634435287178	0.006	0.007
ACG->T	100648	3830	0.0380534138780701	0.0428415994197117	0.888235135790974	0.006	0.007
ACT->T	100648	2427	0.0241137429457118	0.0234252554952528	1.02939081926336	0.006	0.007
CCA->T	100648	2051	0.0203779508783086	0.0201491059747863	1.01135757109068	0.006	0.007
CCC->T	100648	2148	0.021341705746761	0.0201731612946203	1.05792569816275	0.006	0.007
CCG->T	100648	3443	0.0342083300214609	0.0368222182335624	0.929013287697075	0.006	0.007
CCT->T	100648	2566	0.0254947937365869	0.0250193830365585	1.01900169557873	0.006	0.007
GCA->T	100648	1790	0.0177847547889675	0.0171394153817117	1.03765235819796	0.006	0.007
GCC->T	100648	1872	0.0185994753994118	0.0187187396492734	0.993628617519329	0.006	0.007
GCG->T	100648	2798	0.0277998569271123	0.0298841088706767	0.930255509622722	0.006	0.007
GCT->T	100648	2091	0.0207753755663302	0.0199853447589935	1.03953050682207	0.006	0.007
TCA->T	100648	2090	0.0207654399491296	0.0207171816047119	1.00232938752667	0.006	0.007
TCC->T	100648	3264	0.0324298545425642	0.0291781777540103	1.11144207893884	0.006	0.007
TCG->T	100648	2687	0.0266970034178523	0.0275498176421716	0.969044650843212	0.006	0.007
TCT->T	100648	2564	0.0254749225021858	0.0245280993891799	1.03860156867367	0.006	0.007
ACA->T	103174	3246	0.0314614146975013	0.0313079987639266	1.00490021526868	0.007	0.0089
ACC->T	103174	2552	0.0247349138348809	0.0234502360196958	1.05478315075832	0.007	0.0089
ACG->T	103174	3891	0.0377129897067091	0.0428415994197117	0.880289023228136	0.007	0.0089
ACT->T	103174	2538	0.0245992207339058	0.0234252554952528	1.05011536539659	0.007	0.0089
CCA->T	103174	2071	0.0200728865799523	0.0201491059747863	0.996217231924365	0.007	0.0089
CCC->T	103174	2192	0.021245662666951	0.0201731612946203	1.05316476464285	0.007	0.0089
CCG->T	103174	3447	0.0334095799329288	0.0368222182335624	0.907321218972001	0.007	0.0089
CCT->T	103174	2689	0.0260627677515653	0.0250193830365585	1.04170305532643	0.007	0.0089
GCA->T	103174	1846	0.0178921045999961	0.0171394153817117	1.04391568799293	0.007	0.0089
GCC->T	103174	2004	0.0194234981681431	0.0187187396492734	1.03764989160993	0.007	0.0089
GCG->T	103174	2874	0.0278558551573071	0.0298841088706767	0.932129356035111	0.007	0.0089
GCT->T	103174	2180	0.0211293542946866	0.0199853447589935	1.05724242185907	0.007	0.0089
TCA->T	103174	2239	0.0217012037916529	0.0207171816047119	1.04749787908975	0.007	0.0089
TCC->T	103174	3477	0.0337003508635897	0.0291781777540103	1.15498476799011	0.007	0.0089
TCG->T	103174	2666	0.025839843371392	0.0275498176421716	0.937931557551872	0.007	0.0089
TCT->T	103174	2668	0.0258592281001027	0.0245280993891799	1.05426954163069	0.007	0.0089
ACA->T	64886	2178	0.0335665628949234	0.0313079987639266	1.07214016290301	0.0089	0.0109
ACC->T	64886	1663	0.0256295656998428	0.0234502360196958	1.09293423223189	0.0089	0.0109
ACG->T	64886	2380	0.0366797151927997	0.0428415994197117	0.856170537272778	0.0089	0.0109
ACT->T	64886	1645	0.025352156089141	0.0234252554952528	1.0822573992535	0.0089	0.0109
CCA->T	64886	1316	0.0202817248713128	0.0201491059747863	1.00658187498207	0.0089	0.0109
CCC->T	64886	1422	0.0219153592454459	0.0201731612946203	1.08636216829784	0.0089	0.0109
CCG->T	64886	2169	0.0334278580895725	0.0368222182335624	0.907817608313015	0.0089	0.0109
CCT->T	64886	1732	0.0266929692075332	0.0250193830365585	1.06689158435798	0.0089	0.0109
GCA->T	64886	1156	0.0178158616650741	0.0171394153817117	1.03946729035369	0.0089	0.0109
GCC->T	64886	1313	0.0202354899361958	0.0187187396492734	1.08102844076798	0.0089	0.0109
GCG->T	64886	1781	0.0274481398144438	0.0298841088706767	0.918486140350559	0.0089	0.0109
GCT->T	64886	1362	0.0209906605431064	0.0199853447589935	1.05030264907792	0.0089	0.0109
TCA->T	64886	1399	0.0215608914095491	0.0207171816047119	1.04072512472668	0.0089	0.0109
TCC->T	64886	2316	0.0356933699103042	0.0291781777540103	1.22328989189184	0.0089	0.0109
TCG->T	64886	1593	0.0245507505471134	0.0275498176421716	0.891140219728083	0.0089	0.0109
TCT->T	64886	1727	0.0266159109823383	0.0245280993891799	1.08511917536013	0.0089	0.0109
ACA->T	74451	2314	0.0310808451196089	0.0313079987639266	0.99274454921151	0.0109	0.0169
ACC->T	74451	2041	0.0274140038414528	0.0234502360196958	1.16902890949276	0.0109	0.0169
ACG->T	74451	2715	0.0364669379860579	0.0428415994197117	0.851203934493615	0.0109	0.0169
ACT->T	74451	1856	0.0249291480302481	0.0234252554952528	1.06419962144277	0.0109	0.0169
CCA->T	74451	1519	0.0204026809579455	0.0201491059747863	1.01258492478408	0.0109	0.0169
CCC->T	74451	1627	0.0218532994855677	0.0201731612946203	1.08328581556503	0.0109	0.0169
CCG->T	74451	2429	0.0326254852184658	0.0368222182335624	0.886027153810323	0.0109	0.0169
CCT->T	74451	1978	0.0265678097003398	0.0250193830365585	1.06188908261721	0.0109	0.0169
GCA->T	74451	1344	0.0180521416770762	0.0171394153817117	1.05325305881427	0.0109	0.0169
GCC->T	74451	1413	0.0189789257363904	0.0187187396492734	1.01389976526155	0.0109	0.0169
GCG->T	74451	2006	0.0269438959852789	0.0298841088706767	0.901612830480521	0.0109	0.0169
GCT->T	74451	1584	0.0212757384051255	0.0199853447589935	1.06456699454991	0.0109	0.0169
TCA->T	74451	1603	0.0215309398127628	0.0207171816047119	1.03927938768784	0.0109	0.0169
TCC->T	74451	2781	0.0373534270862715	0.0291781777540103	1.28018368388813	0.0109	0.0169
TCG->T	74451	1872	0.0251440544787847	0.0275498176421716	0.912675895186171	0.0109	0.0169
TCT->T	74451	2024	0.0271856657398826	0.0245280993891799	1.10834783032048	0.0109	0.0169
ACA->T	56444	1686	0.0298703139394798	0.0313079987639266	0.954079312597159	0.0169	0.998
ACC->T	56444	1445	0.0256005952802778	0.0234502360196958	1.09169883231776	0.0169	0.998
ACG->T	56444	4760	0.0843313726879739	0.0428415994197117	1.9684459457686	0.0169	0.998
ACT->T	56444	1347	0.0238643611367019	0.0234252554952528	1.01874496700956	0.0169	0.998
CCA->T	56444	957	0.016954857912267	0.0201491059747863	0.84146948919141	0.0169	0.998
CCC->T	56444	1135	0.0201084260505988	0.0201731612946203	0.996791021343851	0.0169	0.998
CCG->T	56444	2893	0.0512543405853589	0.0368222182335624	1.39194060119502	0.0169	0.998
CCT->T	56444	1245	0.0220572602933881	0.0250193830365585	0.881606882997789	0.0169	0.998
GCA->T	56444	915	0.0162107575650202	0.0171394153817117	0.945817415821407	0.0169	0.998
GCC->T	56444	981	0.0173800581106938	0.0187187396492734	0.928484419161649	0.0169	0.998
GCG->T	56444	2475	0.0438487704627595	0.0298841088706767	1.46729389363808	0.0169	0.998
GCT->T	56444	1071	0.0189745588547941	0.0199853447589935	0.949423644355974	0.0169	0.998
TCA->T	56444	1049	0.0185847920062363	0.0207171816047119	0.897071443444285	0.0169	0.998
TCC->T	56444	1835	0.0325100985047126	0.0291781777540103	1.11419221511338	0.0169	0.998
TCG->T	56444	1956	0.0346538161717809	0.0275498176421716	1.25786009264667	0.0169	0.998
TCT->T	56444	1374	0.024342711359932	0.0245280993891799	0.992441810255803	0.0169	0.998
