X7mer	binTot	count	binFrac	frac	relEnrich	minAF	maxAF
AAACAAA->A	583097	190	0.000325846300015263	0.00030901833940576	1.05445618742843	0.002	0.003
ATTAAAA->T	583097	178	0.00030526653369851	0.000342325705329734	0.891742948150716	0.002	0.003
TTTAAAA->T	583097	732	0.00125536574532196	0.00133692066000396	0.938997939726837	0.002	0.003
AAACAAA->A	294827	87	0.000295088306023532	0.00030901833940576	0.954921661254751	0.003	0.004
ATTAAAA->T	294827	101	0.000342573780556055	0.000342325705329734	1.00072467601018	0.003	0.004
TTTAAAA->T	294827	353	0.00119731232214146	0.00133692066000396	0.89557470234465	0.003	0.004
AAACAAA->A	191012	62	0.00032458693694637	0.00030901833940576	1.05038082066763	0.004	0.005
ATTAAAA->T	191012	74	0.000387410215065022	0.000342325705329734	1.13170062613867	0.004	0.005
TTTAAAA->T	191012	216	0.00113081900613574	0.00133692066000396	0.845838530262814	0.004	0.005
AAACAAA->A	136088	33	0.000242490153430133	0.00030901833940576	0.784711204831534	0.005	0.006
ATTAAAA->T	136088	49	0.00036006113691141	0.000342325705329734	1.0518086468692	0.005	0.006
TTTAAAA->T	136088	147	0.00108018341073423	0.00133692066000396	0.807963735657306	0.005	0.006
AAACAAA->A	100648	29	0.000288132898815674	0.00030901833940576	0.932413588687818	0.006	0.007
ATTAAAA->T	100648	29	0.000288132898815674	0.000342325705329734	0.841692266545219	0.006	0.007
TTTAAAA->T	100648	112	0.00111278912646054	0.00133692066000396	0.832352404859418	0.006	0.007
AAACAAA->A	103174	27	0.000261693837594743	0.00030901833940576	0.846855361717297	0.007	0.0089
ATTAAAA->T	103174	36	0.00034892511679299	0.000342325705329734	1.01927816509397	0.007	0.0089
TTTAAAA->T	103174	131	0.00126969973055227	0.00133692066000396	0.949719582124275	0.007	0.0089
AAACAAA->A	64886	19	0.000292821255740838	0.00030901833940576	0.947585364363589	0.0089	0.0109
ATTAAAA->T	64886	23	0.000354467835896804	0.000342325705329734	1.03546952617939	0.0089	0.0109
TTTAAAA->T	64886	83	0.00127916653823629	0.00133692066000396	0.95680063634629	0.0089	0.0109
AAACAAA->A	74451	17	0.00022833810157016	0.00030901833940576	0.738914402327231	0.0109	0.0169
ATTAAAA->T	74451	27	0.000362654631905549	0.000342325705329734	1.05938475042718	0.0109	0.0169
TTTAAAA->T	74451	93	0.00124914373211911	0.00133692066000396	0.934343951357152	0.0109	0.0169
AAACAAA->A	56444	20	0.000354333498688966	0.00030901833940576	1.14664229757479	0.0169	0.998
ATTAAAA->T	56444	35	0.000620083622705691	0.000342325705329734	1.8113849268445	0.0169	0.998
TTTAAAA->T	56444	193	0.00341931826234852	0.00133692066000396	2.5576074666528	0.0169	0.998
