X3mer	binTot	count	binFrac	frac	relEnrich	minAF	maxAF
AAC->C	590649	1935	0.00327605735385991	0.00331708374723233	0.987631788492934	0.0051	0.0101
CAC->C	590649	2771	0.00469144957495907	0.00453668647490034	1.0341136864791	0.0051	0.0101
GAC->C	590649	925	0.00156607392884776	0.00151772783887575	1.03185425524501	0.0051	0.0101
TAC->C	590649	1152	0.00195039693625148	0.00197139648636578	0.989347880926268	0.0051	0.0101
TAT->T	590649	3979	0.00673665747338944	0.00669308550063219	1.00650999793042	0.0051	0.0101
AAC->C	305543	996	0.00325977031056185	0.00331708374723233	0.982721739624966	0.0101	0.0152
CAC->C	305543	1363	0.0044609105755982	0.00453668647490034	0.983297082634786	0.0101	0.0152
GAC->C	305543	436	0.00142696772631021	0.00151772783887575	0.940200008037823	0.0101	0.0152
TAC->C	305543	578	0.0018917140958883	0.00197139648636578	0.95958073830984	0.0101	0.0152
TAT->T	305543	2052	0.00671591232657924	0.00669308550063219	1.00341050864282	0.0101	0.0152
AAC->C	140047	470	0.00335601619456325	0.00331708374723233	1.01173695037498	0.0152	0.0202
CAC->C	140047	585	0.00417716909323299	0.00453668647490034	0.92075331111012	0.0152	0.0202
GAC->C	140047	177	0.00126386141795254	0.00151772783887575	0.832732579306672	0.0152	0.0202
TAC->C	140047	273	0.00194934557684206	0.00197139648636578	0.988814573995526	0.0152	0.0202
TAT->T	140047	927	0.00661920640927689	0.00669308550063219	0.988961878441815	0.0152	0.0202
AAC->C	99761	335	0.00335802568137849	0.00331708374723233	1.01234274961563	0.0202	0.0303
CAC->C	99761	455	0.00456090055232005	0.00453668647490034	1.00533739273227	0.0202	0.0303
GAC->C	99761	144	0.00144344984512986	0.00151772783887575	0.951059740855178	0.0202	0.0303
TAC->C	99761	210	0.00210503102414771	0.00197139648636578	1.0677867383381	0.0202	0.0303
TAT->T	99761	702	0.00703681799500807	0.00669308550063219	1.05135635789255	0.0202	0.0303
AAC->C	52270	194	0.00371149799119954	0.00331708374723233	1.11890391501158	0.0303	0.0455
CAC->C	52270	208	0.00397933805242013	0.00453668647490034	0.877146365400431	0.0303	0.0455
GAC->C	52270	66	0.00126267457432562	0.00151772783887575	0.831950592183205	0.0303	0.0455
TAC->C	52270	125	0.00239142911804094	0.00197139648636578	1.21306349817508	0.0303	0.0455
TAT->T	52270	337	0.00644729290223838	0.00669308550063219	0.963276638499449	0.0303	0.0455
AAC->C	42498	145	0.00341192526707139	0.00331708374723233	1.02859183760983	0.0455	0.9949
CAC->C	42498	156	0.00367076097698715	0.00453668647490034	0.8091282034357	0.0455	0.9949
GAC->C	42498	80	0.00188244152666008	0.00151772783887575	1.24030243001571	0.0455	0.9949
TAC->C	42498	86	0.00202362464115958	0.00197139648636578	1.0264929734607	0.0455	0.9949
TAT->T	42498	253	0.0059532213280625	0.00669308550063219	0.889458431018129	0.0455	0.9949
