X7mer	binTot	count	binFrac	frac	relEnrich	minAF	maxAF
AAACAAA->A	883098	256	0.000289888551440497	0.000277555719764265	1.04443371473918	0.002	0.0031
ATTAAAA->T	883098	277	0.00031366847167585	0.00035979445154627	0.871799079523917	0.002	0.0031
TTTAAAA->T	883098	1057	0.00119692265184611	0.00129102714966603	0.927108815764056	0.002	0.0031
AAACAAA->A	431740	130	0.000301107147820448	0.000277555719764265	1.08485297321988	0.0031	0.0041
ATTAAAA->T	431740	149	0.000345115115578821	0.00035979445154627	0.959200771706283	0.0031	0.0041
TTTAAAA->T	431740	512	0.00118589892064669	0.00129102714966603	0.918570086580646	0.0031	0.0041
AAACAAA->A	269513	71	0.000263438127288851	0.000277555719764265	0.949136005961596	0.0041	0.0051
ATTAAAA->T	269513	96	0.000356198031263798	0.00035979445154627	0.990004236399379	0.0041	0.0051
TTTAAAA->T	269513	315	0.00116877479008434	0.00129102714966603	0.905306128059883	0.0041	0.0051
AAACAAA->A	189131	44	0.000232642982906028	0.000277555719764265	0.838184790800267	0.0051	0.0061
ATTAAAA->T	189131	64	0.000338389793317859	0.00035979445154627	0.940508648378481	0.0051	0.0061
TTTAAAA->T	189131	223	0.00117907693609192	0.00129102714966603	0.913285933914658	0.0051	0.0061
AAACAAA->A	140503	37	0.000263339572820509	0.000277555719764265	0.948780926021521	0.0061	0.0072
ATTAAAA->T	140503	51	0.000362981573347188	0.00035979445154627	1.00885817384682	0.0061	0.0072
TTTAAAA->T	140503	159	0.001131648434553	0.00129102714966603	0.876548905145599	0.0061	0.0072
AAACAAA->A	107530	28	0.00026039244861899	0.000277555719764265	0.938162790664692	0.0072	0.0082
ATTAAAA->T	107530	39	0.000362689482005022	0.00035979445154627	1.00804634547951	0.0072	0.0082
TTTAAAA->T	107530	107	0.000995071142936855	0.00129102714966603	0.770759269620525	0.0072	0.0082
AAACAAA->A	117407	20	0.0001703475942661	0.000277555719764265	0.613741970119659	0.0082	0.0102
ATTAAAA->T	117407	37	0.000315143049392285	0.00035979445154627	0.875897468785056	0.0082	0.0102
TTTAAAA->T	117407	117	0.000996533426456685	0.00129102714966603	0.77189192087438	0.0082	0.0102
AAACAAA->A	115418	31	0.000268588954929041	0.000277555719764265	0.967693820747631	0.0102	0.0143
ATTAAAA->T	115418	50	0.000433207991821033	0.00035979445154627	1.20404300277355	0.0102	0.0143
TTTAAAA->T	115418	149	0.00129095981562668	0.00129102714966603	0.999947844598493	0.0102	0.0143
AAACAAA->A	96834	37	0.000382097197265423	0.000277555719764265	1.37665041668011	0.0143	0.0235
ATTAAAA->T	96834	30	0.000309808538323316	0.00035979445154627	0.861070916996825	0.0143	0.0235
TTTAAAA->T	96834	120	0.00123923415329326	0.00129102714966603	0.959882333701379	0.0143	0.0235
AAACAAA->A	84217	23	0.000273104005129606	0.000277555719764265	0.98396100560118	0.0235	0.998
ATTAAAA->T	84217	70	0.000831186102568365	0.00035979445154627	2.31016931749842	0.0235	0.998
TTTAAAA->T	84217	281	0.00333661849745301	0.00129102714966603	2.58446810999765	0.0235	0.998
