X3mer	binTot	count	binFrac	frac	relEnrich	minAF	maxAF
ACC->T	883098	18622	0.021087127362988	0.0208868237829575	1.009589949248	0.002	0.0031
ACT->T	883098	20197	0.0228706213806395	0.0229675846363536	0.995778256301247	0.002	0.0031
CCC->T	883098	17354	0.0196512731316343	0.0194313191697274	1.01131955890311	0.002	0.0031
GCC->T	883098	15878	0.0179798844522352	0.0180193527086173	0.99780967401991	0.002	0.0031
TCA->T	883098	18513	0.020963698253195	0.0202815225291796	1.03363533102773	0.002	0.0031
TCC->T	883098	20550	0.0232703505160243	0.0225527627981003	1.03181817342505	0.002	0.0031
TCT->T	883098	19788	0.0224074791246272	0.0221530583737775	1.01148467839325	0.002	0.0031
ACC->T	431740	9226	0.0213693426599342	0.0208868237829575	1.02310159179733	0.0031	0.0041
ACT->T	431740	9939	0.0230207995552879	0.0229675846363536	1.00231695756331	0.0031	0.0041
CCC->T	431740	8521	0.0197364154352156	0.0194313191697274	1.01570126365705	0.0031	0.0041
GCC->T	431740	7764	0.0179830453513689	0.0180193527086173	0.997985090927764	0.0031	0.0041
TCA->T	431740	8597	0.0199124473062491	0.0202815225291796	0.981802390703188	0.0031	0.0041
TCC->T	431740	9931	0.0230022698846528	0.0225527627981003	1.01993135344776	0.0031	0.0041
TCT->T	431740	9703	0.0224741742715523	0.0221530583737775	1.01449533027706	0.0031	0.0041
ACC->T	269513	5803	0.0215314289106648	0.0208868237829575	1.03086180715678	0.0041	0.0051
ACT->T	269513	6305	0.0233940477824817	0.0229675846363536	1.01856804504611	0.0041	0.0051
CCC->T	269513	5252	0.019487000627057	0.0194313191697274	1.00286555209367	0.0041	0.0051
GCC->T	269513	4874	0.0180844708789557	0.0180193527086173	1.00361379076105	0.0041	0.0051
TCA->T	269513	5319	0.0197355971697098	0.0202815225291796	0.973082624409268	0.0041	0.0051
TCC->T	269513	6166	0.022878302716381	0.0225527627981003	1.01443459150416	0.0041	0.0051
TCT->T	269513	6061	0.0224887111196862	0.0221530583737775	1.01515153078394	0.0041	0.0051
ACC->T	189131	4005	0.0211757987849691	0.0208868237829575	1.01383527744642	0.0051	0.0061
ACT->T	189131	4313	0.0228042996653113	0.0229675846363536	0.992890633750672	0.0051	0.0061
CCC->T	189131	3762	0.0198909750384654	0.0194313191697274	1.02365541241554	0.0051	0.0061
GCC->T	189131	3435	0.018162014688232	0.0180193527086173	1.00791715340288	0.0051	0.0061
TCA->T	189131	3707	0.0196001713098329	0.0202815225291796	0.966405321968975	0.0051	0.0061
TCC->T	189131	4384	0.0231797008422733	0.0225527627981003	1.02779872469664	0.0051	0.0061
TCT->T	189131	4255	0.022497633915117	0.0221530583737775	1.01555431017811	0.0051	0.0061
ACC->T	140503	3002	0.0213660918272208	0.0208868237829575	1.02294595144018	0.0061	0.0072
ACT->T	140503	3212	0.022860721835121	0.0229675846363536	0.995347233811276	0.0061	0.0072
CCC->T	140503	2820	0.0200707458203739	0.0194313191697274	1.03290701187404	0.0061	0.0072
GCC->T	140503	2518	0.0179213255232984	0.0180193527086173	0.994559894192427	0.0061	0.0072
TCA->T	140503	2787	0.0198358753905611	0.0202815225291796	0.978026938659195	0.0061	0.0072
TCC->T	140503	3177	0.0226116168338043	0.0225527627981003	1.00260961533764	0.0061	0.0072
TCT->T	140503	3221	0.0229247774068881	0.0221530583737775	1.03483577843248	0.0061	0.0072
ACC->T	107530	2264	0.0210545894169069	0.0208868237829575	1.00803212760795	0.0072	0.0082
ACT->T	107530	2467	0.0229424346693946	0.0229675846363536	0.998904979894175	0.0072	0.0082
CCC->T	107530	2071	0.0192597414674974	0.0194313191697274	0.991170043539952	0.0072	0.0082
GCC->T	107530	1952	0.0181530735608667	0.0180193527086173	1.00742095758997	0.0072	0.0082
TCA->T	107530	2169	0.0201711150376639	0.0202815225291796	0.994556252305177	0.0072	0.0082
TCC->T	107530	2350	0.0218543662233795	0.0225527627981003	0.969032770797395	0.0072	0.0082
TCT->T	107530	2478	0.0230447317027806	0.0221530583737775	1.04025057461405	0.0072	0.0082
ACC->T	117407	2495	0.021250862384696	0.0208868237829575	1.01742910293692	0.0082	0.0102
ACT->T	117407	2712	0.0230991337824832	0.0229675846363536	1.00572760036427	0.0082	0.0102
CCC->T	117407	2297	0.0195644212014616	0.0194313191697274	1.0068498711061	0.0082	0.0102
GCC->T	117407	2214	0.0188574786852573	0.0180193527086173	1.04651254627139	0.0082	0.0102
TCA->T	117407	2310	0.0196751471377345	0.0202815225291796	0.97010207736758	0.0082	0.0102
TCC->T	117407	2585	0.0220174265588934	0.0225527627981003	0.976262941973036	0.0082	0.0102
TCT->T	117407	2648	0.0225540214808316	0.0221530583737775	1.01809967275348	0.0082	0.0102
ACC->T	115418	2395	0.0207506628082275	0.0208868237829575	0.99348101098832	0.0102	0.0143
ACT->T	115418	2714	0.0235145297960457	0.0229675846363536	1.02381378661935	0.0102	0.0143
CCC->T	115418	2217	0.0192084423573446	0.0194313191697274	0.988530021537083	0.0102	0.0143
GCC->T	115418	2297	0.0199015751442583	0.0180193527086173	1.10445560759465	0.0102	0.0143
TCA->T	115418	2320	0.0201008508204959	0.0202815225291796	0.991091807411216	0.0102	0.0143
TCC->T	115418	2524	0.0218683394271258	0.0225527627981003	0.969652349155546	0.0102	0.0143
TCT->T	115418	2540	0.0220069659845085	0.0221530583737775	0.993405317369547	0.0102	0.0143
ACC->T	96834	1922	0.0198484003552471	0.0208868237829575	0.950283325100026	0.0143	0.0235
ACT->T	96834	2217	0.0228948509820931	0.0229675846363536	0.99683320403899	0.0143	0.0235
CCC->T	96834	1883	0.0194456492554268	0.0194313191697274	1.00073747364109	0.0143	0.0235
GCC->T	96834	1760	0.0181754342483012	0.0180193527086173	1.00866188382057	0.0143	0.0235
TCA->T	96834	1902	0.0196418613296982	0.0202815225291796	0.968460888547145	0.0143	0.0235
TCC->T	96834	2009	0.0207468451163847	0.0225527627981003	0.919924769400419	0.0143	0.0235
TCT->T	96834	2081	0.0214903856083607	0.0221530583737775	0.970086623966957	0.0143	0.0235
ACC->T	84217	1400	0.0166237220513673	0.0208868237829575	0.795895164535805	0.0235	0.998
ACT->T	84217	1865	0.0221451725898572	0.0229675846363536	0.964192488695797	0.0235	0.998
CCC->T	84217	1348	0.0160062695180308	0.0194313191697274	0.82373560838666	0.0235	0.998
GCC->T	84217	1277	0.0151632093282829	0.0180193527086173	0.841495783643298	0.0235	0.998
TCA->T	84217	1419	0.0168493297077787	0.0202815225291796	0.830772427638856	0.0235	0.998
TCC->T	84217	1412	0.0167662110975219	0.0225527627981003	0.743421604156373	0.0235	0.998
TCT->T	84217	1491	0.0177042639847062	0.0221530583737775	0.799179223292378	0.0235	0.998
