Context	Count	Count	Count	Count	Count	Count	Count	Count	Count	Count	Count	Count	Count	Count	Count	Count	Count	Count	Count	Count	Count	Count	Count	One_mer
AAA->C	934	1120	873	1140	952	860	669	706	623	597	574	531	612	401	252	293	220	372	172	223	159	75	866	A->C
AAA->G	1607	1926	1498	1867	1570	1562	1268	1214	1122	1033	1012	968	1092	644	455	588	435	674	282	439	264	157	1436	A->G
AAA->T	499	620	498	671	524	541	413	443	400	346	350	324	396	224	139	187	131	224	105	140	89	52	498	A->T
AAC->C	286	353	307	302	275	289	228	230	219	169	172	170	197	116	71	107	88	120	54	83	49	34	268	A->C
AAC->G	1185	1384	1047	1383	1189	1227	884	917	762	816	768	659	759	468	308	447	273	532	191	365	215	115	1130	A->G
AAC->T	293	397	323	421	342	328	239	284	226	220	193	224	241	117	94	99	93	164	59	92	51	26	329	A->T
AAG->C	457	494	397	464	448	375	309	332	287	281	288	230	299	179	108	145	89	201	59	119	70	53	335	A->C
AAG->G	1179	1341	1067	1187	1040	1149	851	851	789	768	712	650	794	431	335	431	300	486	197	361	205	135	922	A->G
AAG->T	263	362	257	303	282	264	184	195	203	185	183	160	178	121	78	90	51	131	46	80	55	33	231	A->T
AAT->C	485	537	464	578	474	488	349	379	303	295	283	259	341	206	137	152	112	204	67	122	82	45	404	A->C
AAT->G	2927	3542	2694	3373	2926	2874	2140	2335	1972	1924	1818	1650	2079	1236	801	986	685	1289	392	780	516	253	2380	A->G
AAT->T	576	672	552	730	589	600	429	486	386	365	360	324	425	262	130	176	128	271	91	150	121	57	598	A->T
ACA->A	867	1037	816	1036	848	903	651	668	627	594	605	488	548	347	242	320	180	412	126	260	155	91	925	C->A
ACA->G	664	826	654	727	650	641	503	632	542	410	439	382	412	303	201	297	173	286	120	182	97	69	596	C->G
ACA->T	2798	3384	2505	3138	2704	2818	2021	2129	1867	1774	1859	1663	1824	1168	775	1007	744	1193	450	886	503	360	2306	C->T
ACC->A	1122	1147	891	1089	999	925	775	811	656	662	702	610	605	385	308	383	287	473	193	370	171	129	991	C->A
ACC->G	398	509	358	370	386	332	309	344	278	264	248	221	217	160	125	162	109	161	95	140	72	65	356	C->G
ACC->T	2303	2405	1770	2132	1963	1994	1572	1580	1413	1433	1416	1160	1238	881	577	847	650	899	454	718	371	316	1788	C->T
ACG->A	217	204	123	200	147	149	150	145	109	149	128	109	129	74	46	88	58	92	42	54	33	31	154	C->A
ACG->G	125	167	116	149	115	117	113	86	106	93	65	78	69	56	42	65	35	54	33	40	28	26	97	C->G
ACG->T	4550	5255	3569	4318	3800	3870	3201	3203	2764	3180	2711	2597	2587	1741	1248	1836	1419	1892	1001	1537	755	749	3515	C->T
ACT->A	564	617	482	596	477	521	361	454	383	345	371	310	315	218	125	210	124	229	71	128	94	52	536	C->A
ACT->G	709	824	607	785	674	630	529	648	548	447	424	397	421	285	208	319	185	300	127	209	112	72	618	C->G
ACT->T	2195	2433	1919	2332	2031	1975	1536	1601	1370	1407	1328	1245	1350	850	547	717	581	903	381	607	349	187	1766	C->T
AGA->A	2291	2550	1993	2424	2094	2090	1551	1750	1375	1419	1460	1298	1401	919	580	750	614	915	368	648	386	234	1865	C->T
AGA->C	1087	1320	980	1188	1057	988	820	954	948	722	701	703	581	451	364	489	266	424	217	347	188	145	966	C->G
AGA->T	985	1094	852	1151	911	940	653	743	607	570	579	557	655	338	231	295	205	423	117	236	175	70	911	C->A
AGC->A	1962	2033	1595	1970	1661	1717	1296	1397	1152	1208	1187	1117	1078	712	461	724	560	742	327	571	289	262	1647	C->T
AGC->C	431	512	369	436	380	365	318	332	346	254	264	216	241	170	161	206	130	177	97	151	61	66	323	C->G
AGC->T	456	509	357	479	386	411	319	366	334	285	281	225	280	162	135	184	107	172	92	133	79	71	388	C->A
AGG->A	2455	2563	1899	2423	2070	2128	1549	1692	1463	1521	1496	1274	1305	919	691	893	733	914	510	798	393	332	1927	C->T
AGG->C	603	759	517	607	547	608	485	551	476	458	399	363	332	271	209	311	207	244	151	211	84	100	520	C->G
AGG->T	480	502	393	500	430	399	317	383	318	331	311	270	264	182	128	200	137	192	90	160	85	61	454	C->A
ATA->A	575	648	503	715	541	544	413	465	391	327	354	324	431	200	143	163	121	227	64	139	113	39	563	A->T
ATA->C	3453	4158	3422	4325	3669	3358	2637	2746	2391	2138	2176	2078	2492	1363	879	1040	758	1568	391	885	601	265	3063	A->G
ATA->G	366	406	344	438	366	355	247	278	243	213	195	206	226	138	98	90	71	173	43	88	81	27	360	A->C
ATC->A	666	709	588	733	646	632	455	561	414	403	384	354	443	261	160	227	156	301	110	191	112	72	603	A->T
ATC->C	1132	1250	952	1195	1031	1001	802	850	719	703	703	674	712	427	277	355	255	483	188	306	176	127	917	A->G
ATC->G	216	259	186	258	220	213	166	153	121	144	140	116	133	81	59	77	59	90	43	63	35	19	172	A->C
ATG->A	693	854	598	788	652	625	495	527	453	469	464	423	427	269	158	245	159	330	94	201	124	74	603	A->T
ATG->C	3308	3718	3037	3551	3214	3112	2445	2460	2202	2032	1991	1911	2106	1321	903	1088	858	1405	454	981	591	328	2595	A->G
ATG->G	558	674	466	617	525	539	440	413	353	344	352	314	349	204	131	203	118	241	75	153	96	66	430	A->C
CAA->C	618	664	492	561	572	521	391	453	376	388	376	330	373	222	157	172	145	220	88	143	97	49	476	A->C
CAA->G	1182	1406	1045	1281	1116	1074	794	806	696	712	709	644	758	410	314	422	277	517	201	354	219	126	885	A->G
CAA->T	269	347	246	326	269	249	205	188	202	161	192	147	172	91	62	77	63	125	36	66	47	31	268	A->T
CAC->C	418	462	350	429	341	347	334	328	265	251	263	225	270	171	134	194	142	165	100	155	72	52	339	A->C
CAC->G	1159	1303	1011	1141	978	1075	874	855	696	799	745	665	697	449	368	437	316	504	238	403	221	154	866	A->G
CAC->T	311	362	265	317	297	325	238	267	203	194	198	172	158	113	96	128	91	122	58	105	65	48	277	A->T
CAG->C	532	587	362	475	419	428	382	379	333	336	298	318	295	220	147	185	133	219	100	168	101	81	340	A->C
CAG->G	1691	1858	1342	1514	1463	1432	1186	1151	1024	1188	1016	907	956	640	464	606	550	725	386	563	267	233	1186	A->G
CAG->T	365	387	292	342	331	314	245	283	244	240	215	245	236	105	90	135	113	119	78	112	63	50	308	A->T
CCA->A	629	712	527	622	590	563	431	475	406	433	349	353	361	230	174	228	178	230	107	198	114	91	583	C->A
CCA->G	509	608	363	441	460	435	327	357	352	339	349	253	284	202	143	194	148	194	103	158	76	79	386	C->G
CCA->T	1914	2098	1507	1881	1601	1673	1285	1442	1213	1222	1195	1035	1032	765	551	784	605	770	402	672	321	271	1543	C->T
CCC->A	596	645	452	525	516	475	364	446	388	375	408	319	291	247	167	257	170	239	137	175	108	83	482	C->A
CCC->G	618	673	454	526	473	486	396	451	461	397	316	301	300	252	156	269	197	242	162	235	99	103	381	C->G
CCC->T	2027	2137	1497	1819	1634	1584	1258	1362	1166	1316	1262	1027	991	790	544	794	665	716	444	738	301	389	1564	C->T
CCG->A	175	171	124	133	119	120	132	94	97	122	100	63	71	57	52	77	62	71	43	60	25	38	107	C->A
CCG->G	173	163	101	109	131	118	127	112	90	115	85	98	89	55	49	78	75	63	60	63	26	36	99	C->G
CCG->T	4269	4277	2816	3109	3013	3174	2790	2621	2378	2717	2405	2080	1827	1483	1141	1812	1526	1482	1197	1468	695	854	2685	C->T
CGA->A	2901	3087	2244	2581	2268	2377	2047	1934	1700	1971	1744	1619	1592	1117	797	1136	943	1106	715	1016	470	486	2003	C->T
CGA->C	141	145	131	143	115	113	105	97	97	115	95	77	73	62	34	71	42	68	52	56	22	25	113	C->G
CGA->T	133	161	102	141	121	122	87	92	88	93	86	88	93	53	42	61	46	58	38	46	16	28	118	C->A
CGC->A	3290	3507	2345	2638	2585	2678	2292	2258	1922	2189	1916	1832	1642	1175	942	1474	1273	1192	1001	1163	549	674	2300	C->T
CGC->C	105	121	70	70	83	81	57	63	60	79	61	39	36	36	29	46	38	34	35	34	21	22	73	C->G
CGC->T	247	274	193	209	181	200	186	177	145	175	136	121	130	88	71	94	80	110	80	93	41	60	159	C->A
CTA->A	188	252	193	269	194	201	127	143	150	123	131	136	131	93	56	69	44	94	23	42	44	17	223	A->T
CTA->C	1117	1248	1018	1129	1018	1004	741	786	667	679	646	629	708	412	289	372	239	454	153	276	168	97	893	A->G
CTA->G	227	243	208	263	203	198	144	157	145	134	130	116	133	84	58	67	56	84	34	65	49	28	173	A->C
CTC->A	282	328	240	282	249	259	215	219	207	190	210	144	163	115	86	117	83	123	64	112	59	45	240	A->T
CTC->C	828	927	654	811	648	745	548	578	548	554	497	500	444	319	222	301	246	313	181	248	120	120	607	A->G
CTC->G	319	344	246	299	275	281	229	235	215	190	174	179	169	131	101	120	108	111	60	85	41	54	215	A->C
GAA->C	351	445	322	414	361	326	287	288	267	203	204	213	208	144	90	119	80	167	27	85	41	47	271	A->C
GAA->G	925	1069	827	1013	898	902	628	652	558	613	578	578	564	378	251	309	242	319	132	266	183	99	765	A->G
GAA->T	290	327	266	355	280	286	201	207	177	194	196	156	194	104	63	96	70	119	34	85	50	29	254	A->T
GAC->C	158	173	134	131	127	142	115	104	101	87	91	92	83	44	46	45	42	47	30	47	21	34	115	A->C
GAC->G	659	706	530	672	589	534	446	469	370	406	401	384	354	234	167	246	175	290	119	196	114	91	589	A->G
GAC->T	304	357	251	308	237	224	218	224	168	190	190	178	177	113	79	114	76	122	55	89	43	28	267	A->T
GCA->A	766	869	700	843	738	668	540	614	452	542	491	435	462	279	188	262	177	319	127	268	132	98	736	C->A
GCA->G	320	404	261	338	282	294	254	270	253	226	239	158	209	136	107	118	90	152	63	102	70	47	275	C->G
GCA->T	1621	1841	1318	1667	1356	1411	1160	1232	1030	1100	1035	886	925	654	433	591	459	651	296	508	266	243	1318	C->T
GCC->A	700	833	556	655	569	597	521	483	438	480	456	407	369	270	181	302	208	291	168	236	115	128	510	C->A
GCC->G	393	478	289	333	295	327	300	301	258	247	237	201	194	163	131	182	122	141	84	134	66	54	273	C->G
GCC->T	1846	1921	1420	1642	1509	1511	1231	1300	1115	1229	1163	1042	907	699	506	718	575	697	461	604	288	312	1464	C->T
GGA->A	2706	3038	2238	2648	2405	2415	1922	1939	1633	1856	1751	1611	1566	1103	776	1036	815	1089	511	891	438	398	2298	C->T
GGA->C	516	663	473	572	515	469	418	459	399	381	351	279	312	237	172	282	168	180	120	172	94	70	435	C->G
GGA->T	639	750	522	645	552	563	448	492	422	404	393	342	362	200	168	237	180	274	110	185	123	84	538	C->A
GTA->A	214	235	189	250	182	201	159	167	140	149	152	106	138	73	50	68	49	74	21	47	32	15	177	A->T
GTA->C	1137	1251	984	1304	1115	1097	786	804	726	702	719	615	754	412	266	377	273	475	152	295	194	114	973	A->G
GTA->G	155	207	163	198	139	148	110	107	124	107	97	99	100	49	48	58	45	60	28	46	28	13	132	A->C
TAA->C	422	467	373	470	397	380	313	299	302	234	235	237	272	167	101	127	81	176	62	83	63	37	337	A->C
TAA->G	1351	1654	1336	1603	1373	1379	1054	1022	888	863	804	749	1006	552	361	450	318	589	174	327	271	106	1127	A->G
TAA->T	541	615	488	624	522	518	393	369	362	343	312	318	346	187	137	177	136	221	90	154	88	31	453	A->T
TCA->A	595	694	577	736	578	573	412	435	365	377	418	348	383	244	129	201	139	267	74	163	112	62	580	C->A
TCA->G	570	717	534	644	528	537	496	497	457	387	379	327	383	231	184	256	157	239	108	163	95	67	502	C->G
TCA->T	1993	2132	1681	2035	1757	1707	1330	1435	1226	1215	1236	1130	1177	688	500	685	483	776	302	542	289	213	1594	C->T
