Context	Count	Count	Count	Count	Count	Count	Count	Count	Count	Count	Count	Count	Count	Count	Count	Count	Count	Count	Count	Count	Count	Count	Count
AAA	6849887	7838744	6111687	7608048	6478171	6393807	4869824	4687966	4151510	4175991	4047856	3893888	4537997	2686078	1762051	1996324	1701508	2856747	1034334	1794886	1160031	633832	7154991
AAC	2611061	2946201	2250776	2733543	2393503	2365841	1802604	1770633	1565306	1600681	1545980	1463366	1623513	1015475	682321	790955	659773	1058387	398442	728557	425755	269624	2685088
AAG	3634021	4061258	3072823	3682982	3260261	3216780	2449540	2434704	2147013	2215501	2135767	2005705	2177777	1389577	948651	1097287	918872	1440637	534334	1022195	569760	375009	3567602
AAT	4501874	5219726	4091933	5205448	4362551	4260711	3184100	3121479	2730720	2737416	2675250	2561197	3103661	1784590	1131154	1274235	1040504	1930602	588052	1151883	780647	385992	4759301
ACA	3622383	4098522	3076574	3741075	3294709	3237017	2496602	2460473	2171980	2245620	2143788	2013257	2245871	1415314	955882	1131080	928403	1475281	584850	1041780	597485	407530	3682712
ACC	2116661	2250076	1646415	1877038	1740742	1733260	1401123	1346768	1222352	1298646	1206204	1131053	1117480	791284	574050	717187	620066	775071	431662	654991	317426	293593	1969788
ACG	409641	449412	306878	362598	337048	342791	288533	269165	246616	275751	235841	223342	228517	159112	119297	162586	139426	164212	103227	139998	73115	72758	356861
ACT	2904235	3203705	2441901	2933027	2580533	2548185	1968635	1923408	1709981	1754563	1690065	1600690	1742206	1108249	756531	884259	751224	1141314	467723	810503	455588	311055	2834211
CAA	3467114	3881084	2961067	3565960	3140214	3091669	2376797	2328629	2062353	2118489	2034309	1929387	2113834	1333432	903903	1060179	887661	1382087	545246	977498	552957	361195	3577019
CAC	2711339	2921329	2099270	2426408	2246810	2232370	1824091	1751837	1578682	1695860	1559760	1458515	1473143	1025378	740364	944323	800633	1024762	565086	857760	423016	393111	2469615
CAG	3687705	3911455	2808790	3171504	2977501	2961490	2425598	2329225	2110385	2281104	2097609	1935794	1907914	1373013	1011057	1263059	1094706	1339115	757470	1169242	545477	543841	3217178
CAT	3326831	3783144	2849244	3481837	3062131	2985823	2284177	2270730	2001767	2071050	1975950	1859431	2082520	1292777	871592	1037092	829311	1365039	495788	952218	543980	353513	3418064
CCA	3392332	3595641	2607579	2938607	2761777	2736043	2234086	2142125	1953172	2098698	1929263	1797370	1754946	1263328	924638	1166611	1005699	1227112	694784	1075771	503511	487389	3105473
CCC	2397800	2451921	1705066	1837332	1807942	1809026	1522038	1446551	1355557	1474582	1342728	1214653	1108463	881531	667108	876559	772778	812169	555573	812267	347010	415982	1981667
CCG	437669	434526	287179	316886	309916	325807	296633	255359	254365	281841	238123	222269	200074	162293	129857	186288	177695	150152	146124	155018	72451	98217	318005
CCT	3273493	3428435	2466472	2765434	2604688	2604482	2124884	2041521	1858256	1996193	1852178	1711632	1652994	1204425	890349	1113734	977576	1165983	672061	1028242	471552	475307	2830751
GAA	3570097	4048527	3062200	3717718	3274753	3228518	2445370	2429050	2138692	2206227	2131410	1993978	2204971	1383587	932957	1079076	887704	1453595	512917	1001326	576380	368996	3591547
GAC	1718304	1860127	1356020	1573079	1443331	1429950	1137070	1113087	997284	1065959	983566	916333	939749	648234	463488	571643	482943	649199	326992	528345	264231	230825	1583743
GAG	3126929	3256130	2352335	2657086	2488487	2490418	2045082	1950026	1773062	1904396	1764937	1648022	1592671	1146233	843038	1071910	943678	1119766	666303	978337	453230	449172	2686588
GAT	2432061	2704352	2054177	2477860	2187525	2152689	1666527	1634944	1447183	1488088	1438840	1356122	1471406	934745	635746	764921	629971	968150	396638	690338	386929	267274	2452957
GCA	2611131	2840821	2052563	2380886	2193049	2170996	1749200	1693880	1518308	1634442	1502233	1401840	1437565	982282	709678	881713	747759	990895	494833	813967	399006	354742	2405202
GCC	2147474	2184511	1527240	1653865	1608834	1613018	1391142	1282480	1208839	1320448	1184125	1091579	1002383	778999	602250	789985	715628	726185	527539	711954	309386	368756	1730556
GCG	370199	366564	242488	270606	262790	279709	252795	215609	216420	238758	199907	191369	171474	137113	111437	155980	153063	127063	127835	130251	59939	81412	267042
GCT	2547713	2715005	1966221	2231261	2078559	2065084	1673489	1614948	1459820	1572784	1445594	1346371	1340297	946599	694141	860502	747610	932052	498353	794894	376178	355799	2242253
TAA	3709750	4297580	3392263	4338305	3601382	3523186	2614104	2569151	2241961	2228907	2191261	2106894	2586145	1472611	925256	1023209	843770	1593948	462671	923814	646852	300458	3843391
TAC	2012121	2274004	1765681	2180671	1869322	1833037	1391078	1364219	1209622	1212054	1186537	1130100	1297664	784803	519584	588155	495730	823505	296943	532592	330609	191354	2105102
TAG	2349971	2620214	2029622	2462234	2141318	2106926	1593119	1570474	1393935	1400902	1382560	1308578	1448003	901577	602390	683128	576249	934273	337182	621915	370057	223625	2395022
TAT	3708794	4359438	3453525	4469695	3686058	3579513	2643660	2598853	2270041	2215325	2250164	2140290	2662927	1487542	915028	1008449	819868	1621986	443189	903390	661477	292656	4138908
TCA	3567274	3962170	2981668	3585204	3177157	3127365	2430839	2383987	2109755	2187805	2092353	1970701	2139041	1363732	936755	1125261	930526	1417720	589183	1025226	565421	402034	3488526
TCC	2839363	3024001	2187590	2490048	2326801	2320062	1863337	1809770	1634611	1757650	1629238	1508624	1488163	1059752	768593	959453	825296	1041990	553739	892097	420710	398590	2553897
TCG	367552	381050	266458	306400	286302	296277	253551	228818	215501	240842	204107	195716	190741	138181	105787	145944	131362	136542	102724	122931	59448	66125	313236
TCT	4073245	4501951	3389003	4044123	3603833	3557863	2746338	2704567	2396350	2478383	2393053	2239422	2390884	1551154	1064121	1256907	1057099	1594457	657185	1158094	635218	449524	3959191
