Context	Count	Count	Count	Count	Count	Count	Count	Count	Count	Count	Count	Count	Count	Count	Count	Count	Count	Count	Count	Count	Count	Count	Count	One_mer
AAA->C	1473	1687	1349	1696	1492	1386	1084	1021	1059	943	873	845	1029	642	419	467	386	611	261	349	269	135	1258	A->C
AAA->G	2571	3053	2361	2829	2569	2432	1949	1805	1638	1630	1587	1499	1742	1038	706	925	662	1100	442	717	452	254	2006	A->G
AAA->T	823	1062	873	1031	904	820	681	663	546	563	568	496	614	336	237	291	186	370	152	213	161	77	829	A->T
AAC->C	499	629	469	544	465	458	314	376	343	325	284	272	339	185	148	191	120	191	104	143	82	51	437	A->C
AAC->G	1934	2264	1736	2153	1915	1813	1403	1499	1218	1220	1113	1142	1279	770	524	699	503	793	311	597	344	177	1766	A->G
AAC->T	618	679	522	707	568	547	398	422	366	364	383	331	352	238	144	185	131	229	96	178	92	54	569	A->T
AAG->C	690	809	606	708	670	645	526	509	468	434	403	388	487	277	199	242	182	292	104	194	110	54	463	A->C
AAG->G	1857	2205	1617	2023	1794	1772	1373	1379	1194	1229	1146	1023	1166	741	512	633	495	769	282	528	319	192	1442	A->G
AAG->T	431	522	427	545	438	452	333	353	290	284	287	262	262	197	103	151	99	214	74	114	64	44	405	A->T
AAT->C	720	851	643	882	697	701	507	481	487	431	437	366	536	311	203	227	180	337	87	168	137	68	598	A->C
AAT->G	4586	5711	4372	5411	4619	4375	3470	3445	3238	3006	2902	2650	3239	1818	1266	1575	1121	1941	609	1226	838	415	3714	A->G
AAT->T	916	1142	904	1195	1004	930	695	703	627	637	560	539	697	399	219	306	212	405	145	243	179	69	949	A->T
ACA->A	1371	1604	1332	1586	1316	1310	1031	988	964	906	906	771	958	528	384	483	275	597	202	349	264	130	1333	C->A
ACA->G	1024	1296	969	1176	984	1036	783	841	797	718	688	541	618	423	291	436	242	404	192	276	159	117	917	C->G
ACA->T	4410	5037	3771	4600	3974	3978	3088	3012	2747	2742	2631	2389	2712	1695	1099	1449	1104	1806	722	1234	689	512	3380	C->T
ACC->A	1766	2048	1514	1845	1624	1621	1223	1342	1049	1179	1169	1018	1081	736	487	634	497	709	333	595	287	244	1472	C->A
ACC->G	622	746	556	619	614	554	490	514	435	418	414	374	376	245	183	301	165	281	145	185	105	114	509	C->G
ACC->T	2784	2829	2159	2522	2349	2265	1796	1765	1630	1743	1628	1448	1432	1034	734	929	745	1045	568	802	403	374	2005	C->T
ACG->A	296	350	265	306	250	281	257	246	186	220	172	190	172	120	85	144	86	140	84	102	63	44	233	C->A
ACG->G	199	236	163	174	154	172	144	154	132	137	118	104	133	89	58	100	64	81	56	67	31	41	169	C->G
ACG->T	7087	8235	5655	6652	6206	6045	5069	4897	4169	4835	4240	3912	4055	2748	2006	2850	2219	2912	1580	2486	1306	1227	5068	C->T
ACT->A	849	986	793	957	845	749	647	603	551	529	537	483	555	320	220	301	181	340	115	240	152	72	756	C->A
ACT->G	1030	1271	954	1153	973	948	850	888	832	661	644	563	653	421	341	457	271	442	173	273	185	110	845	C->G
ACT->T	3080	3386	2651	3230	2904	2861	2177	2133	1888	1907	1838	1717	1864	1183	783	964	769	1234	517	916	487	343	2373	C->T
AGA->A	3081	3252	2421	3029	2617	2680	2041	2095	1783	1856	1739	1658	1743	1167	747	998	801	1172	495	866	489	301	2478	C->T
AGA->C	1640	2067	1554	1808	1663	1505	1299	1453	1398	1038	1051	902	998	734	525	781	422	631	274	463	276	208	1398	C->G
AGA->T	1474	1722	1359	1764	1469	1346	1093	1061	945	876	974	857	1038	547	354	485	320	659	219	372	271	134	1430	C->A
AGC->A	3040	3386	2503	2986	2771	2608	2039	2120	1890	1897	1887	1683	1657	1097	798	1098	823	1267	567	935	511	405	2539	C->T
AGC->C	650	854	543	654	594	589	507	596	504	478	414	367	360	260	216	329	188	253	152	230	105	99	519	C->G
AGC->T	671	801	616	740	664	620	467	545	453	465	417	399	399	236	186	235	197	287	136	195	107	83	597	C->A
AGG->A	3945	4144	2947	3723	3251	3258	2492	2587	2085	2436	2382	2122	2029	1422	1074	1451	1084	1530	783	1222	587	550	3099	C->T
AGG->C	1002	1262	877	986	909	908	815	858	804	698	684	546	552	397	382	521	310	411	220	339	155	166	759	C->G
AGG->T	838	898	647	815	676	664	520	569	488	530	521	424	450	306	217	332	188	306	120	215	104	114	609	C->A
ATA->A	890	1160	962	1139	906	930	686	670	577	545	548	517	667	371	244	301	202	457	125	226	197	79	866	A->T
ATA->C	5313	6527	5131	6555	5481	5227	3946	3989	3679	3161	3295	3063	3817	2205	1387	1619	1224	2369	642	1343	991	447	4340	A->G
ATA->G	535	677	500	710	578	519	421	396	341	320	341	290	389	223	131	176	122	267	72	145	103	45	505	A->C
ATC->A	1160	1270	997	1351	1153	1081	774	801	722	696	753	645	751	458	295	383	249	470	173	347	183	124	1044	A->T
ATC->C	1781	2045	1482	1968	1650	1600	1228	1215	1162	1077	1100	988	1048	673	436	635	377	713	293	503	296	182	1363	A->G
ATC->G	336	444	305	353	311	307	232	231	209	230	218	195	224	148	90	122	87	139	52	110	69	41	273	A->C
ATG->A	1184	1312	1034	1249	1125	1085	811	892	708	741	721	647	704	448	269	444	248	477	176	309	200	109	936	A->T
ATG->C	5228	6131	4440	5534	4822	4736	3578	3704	3282	3292	3173	2843	3370	2077	1393	1723	1256	2176	808	1524	802	577	3689	A->G
ATG->G	862	1082	803	968	869	786	643	644	597	593	542	524	594	358	248	316	235	400	121	262	145	118	672	A->C
CAA->C	889	1056	789	980	858	844	601	638	626	576	576	482	576	317	205	320	254	361	154	240	139	84	690	A->C
CAA->G	1888	2077	1605	1909	1758	1741	1263	1239	1169	1201	1081	1052	1158	698	503	605	465	700	285	572	276	206	1363	A->G
CAA->T	416	498	435	521	465	419	281	343	294	254	290	243	278	156	106	156	109	184	64	133	80	50	368	A->T
CAC->C	734	874	536	646	591	598	493	484	434	453	412	378	395	227	220	267	200	255	146	236	118	107	532	A->C
CAC->G	1908	2002	1481	1869	1565	1586	1354	1260	1138	1197	1126	1026	1084	760	569	701	534	764	392	628	293	273	1318	A->G
CAC->T	583	646	436	600	473	462	400	448	373	383	373	325	305	249	178	202	152	220	119	160	105	79	431	A->T
CAG->C	826	925	664	741	629	693	567	548	528	537	493	434	462	330	220	321	218	294	167	291	111	115	535	A->C
CAG->G	2692	2973	2043	2333	2244	2208	1783	1696	1563	1596	1575	1477	1520	1004	736	964	783	1041	588	903	368	401	1716	A->G
CAG->T	557	662	493	588	480	494	395	379	343	342	318	298	314	233	168	218	159	233	112	184	100	94	449	A->T
CCA->A	1044	1087	872	1018	916	866	696	697	586	642	594	581	588	392	276	375	273	388	188	341	156	130	874	C->A
CCA->G	777	881	636	696	624	611	512	526	565	508	475	377	405	321	251	337	239	279	164	250	129	135	559	C->G
CCA->T	2998	3414	2382	2839	2560	2558	2027	2024	1889	1926	1826	1646	1604	1170	852	1184	865	1112	626	990	444	467	2285	C->T
CCC->A	944	1066	694	883	812	763	644	687	631	617	587	503	490	344	285	398	257	368	269	318	147	184	740	C->A
CCC->G	1036	1120	718	787	791	783	713	652	646	633	602	490	473	402	312	434	300	351	228	336	141	185	647	C->G
CCC->T	2804	2994	1944	2321	2221	2348	1782	1766	1616	1737	1702	1414	1273	1018	748	1105	850	1007	659	932	417	485	1981	C->T
CCG->A	273	227	161	236	214	209	189	158	176	174	138	144	143	103	76	111	106	92	97	91	45	44	189	C->A
CCG->G	279	286	186	183	173	204	181	168	159	189	154	129	118	95	87	146	109	81	95	95	48	53	152	C->G
CCG->T	6586	6726	4494	5001	4723	4824	4435	3880	3718	4248	3630	3270	2958	2417	1790	2843	2368	2211	1868	2381	1039	1352	3935	C->T
CGA->A	4630	4812	3402	3910	3624	3781	3128	3030	2537	3116	2578	2415	2381	1670	1250	1823	1536	1738	1116	1474	696	764	3049	C->T
CGA->C	232	266	164	202	210	192	181	137	160	150	112	120	116	81	70	126	77	79	77	75	43	41	159	C->G
CGA->T	243	246	181	229	192	179	160	159	124	171	130	139	114	85	66	107	76	90	56	82	39	29	155	C->A
CGC->A	5385	5521	3747	4256	4001	4010	3622	3393	2973	3391	3035	2722	2427	2004	1521	2171	1983	1963	1503	1839	871	1055	3435	C->T
CGC->C	154	147	98	116	112	134	108	95	96	104	84	71	86	61	45	69	69	62	51	52	32	33	96	C->G
CGC->T	365	413	261	364	306	297	248	227	245	265	207	196	185	151	109	166	123	142	109	141	75	67	251	C->A
CTA->A	328	416	305	370	326	302	250	235	197	186	187	183	218	112	85	99	58	134	38	88	52	33	310	A->T
CTA->C	1648	1844	1431	1759	1568	1477	1151	1073	983	988	975	864	1014	655	432	497	432	651	231	414	260	141	1271	A->G
CTA->G	326	408	344	406	351	323	223	264	227	221	209	190	235	116	78	98	64	143	53	90	56	38	281	A->C
CTC->A	502	511	354	443	413	415	331	326	282	302	283	254	240	186	126	172	138	192	93	173	74	62	384	A->T
CTC->C	1273	1439	1060	1163	1072	1033	876	919	770	798	748	680	756	475	358	472	343	474	270	420	221	186	898	A->G
CTC->G	507	517	373	440	388	425	368	327	310	319	288	259	253	200	148	171	131	202	101	141	91	62	323	A->C
GAA->C	550	641	484	558	527	544	402	386	377	342	333	306	354	203	172	182	133	212	76	169	103	64	402	A->C
GAA->G	1496	1714	1298	1599	1411	1459	1089	1060	935	928	969	858	908	567	387	474	341	655	217	414	251	132	1235	A->G
GAA->T	474	577	415	560	450	446	372	371	322	283	290	295	295	177	110	162	99	217	75	117	77	26	419	A->T
GAC->C	236	264	196	246	203	194	126	155	164	160	140	136	155	80	76	93	69	96	52	70	40	34	166	A->C
GAC->G	1097	1191	870	1070	888	959	663	685	655	607	623	599	592	390	287	343	254	420	170	339	192	137	909	A->G
GAC->T	541	597	424	572	471	444	378	394	325	328	335	254	280	212	122	198	143	220	95	170	79	69	481	A->T
GCA->A	1225	1324	1032	1362	1149	1152	848	918	751	803	803	657	711	443	308	432	334	474	180	383	193	122	1078	C->A
GCA->G	489	620	473	467	465	458	438	418	371	367	338	295	311	215	179	225	134	225	102	160	86	75	412	C->G
GCA->T	2479	2806	1988	2436	2200	2072	1706	1732	1568	1603	1467	1299	1456	910	723	953	680	956	501	803	383	329	1917	C->T
GCC->A	1238	1270	846	1116	955	964	735	789	697	779	719	616	601	447	320	469	371	432	232	402	179	152	828	C->A
GCC->G	619	673	524	524	534	508	414	416	434	425	362	316	315	229	162	272	190	217	115	202	91	123	391	C->G
GCC->T	2611	2874	1979	2460	2197	2195	1849	1922	1615	1801	1663	1362	1400	974	765	1100	861	1040	662	977	461	472	2034	C->T
GGA->A	2766	3001	2285	2652	2315	2286	1899	1967	1708	1749	1607	1469	1547	1028	742	1015	785	1046	577	930	418	407	2047	C->T
GGA->C	863	1086	701	797	777	766	683	623	668	594	548	470	499	346	253	379	279	339	187	282	150	129	586	C->G
GGA->T	990	1097	838	984	906	880	699	739	642	650	626	547	586	386	281	425	242	390	186	367	164	139	793	C->A
GTA->A	345	371	319	438	320	327	258	247	218	227	207	192	220	130	92	85	89	152	69	82	73	29	287	A->T
GTA->C	1772	2094	1672	2121	1701	1689	1266	1234	1104	1142	1015	1053	1174	691	458	551	447	788	230	484	312	168	1483	A->G
GTA->G	269	384	284	311	253	263	210	200	234	198	204	175	189	116	83	99	50	134	48	58	47	30	213	A->C
TAA->C	619	761	571	774	670	616	479	484	407	404	400	357	456	281	181	233	115	309	74	141	107	51	506	A->C
TAA->G	2143	2437	1993	2410	2037	2055	1553	1480	1292	1313	1185	1148	1515	862	573	644	473	980	263	568	413	160	1770	A->G
TAA->T	848	952	748	1043	803	866	643	560	509	521	509	442	611	352	227	284	226	354	125	189	164	58	723	A->T
TCA->A	969	1111	847	1136	891	906	654	715	632	607	613	496	622	379	255	315	251	418	131	248	185	86	888	C->A
TCA->G	897	1120	822	991	949	786	662	727	686	565	561	525	633	325	249	404	246	365	170	275	158	119	718	C->G
TCA->T	2742	3072	2284	2789	2528	2447	1967	1962	1658	1720	1640	1423	1638	1069	741	976	702	1080	478	767	422	307	2047	C->T
