Context	Count	Count	Count	Count	Count	Count	Count	Count	Count	Count	Count	Count	Count	Count	Count	Count	Count	Count	Count	Count	Count	Count	Count	One_mer
AAA->C	931	1118	869	1140	952	858	666	701	623	597	574	530	612	401	252	292	220	372	171	223	159	74	864	A->C
AAA->G	1600	1918	1488	1862	1568	1556	1260	1210	1117	1032	1011	964	1091	642	452	588	431	672	279	439	263	156	1425	A->G
AAA->T	497	620	496	670	524	538	413	441	398	346	348	324	395	223	139	186	131	223	105	140	89	52	497	A->T
AAC->C	282	351	304	300	273	287	220	229	217	167	170	169	197	115	71	106	88	120	53	81	47	34	262	A->C
AAC->G	1180	1378	1044	1373	1188	1222	879	914	762	814	767	659	757	465	307	445	272	531	188	362	214	115	1119	A->G
AAC->T	291	393	321	419	342	326	239	283	224	220	193	223	240	117	94	99	92	163	58	91	51	26	326	A->T
AAG->C	457	493	397	464	448	374	306	331	286	280	288	230	299	179	108	145	89	200	59	118	70	53	335	A->C
AAG->G	1171	1330	1061	1185	1037	1142	846	844	785	765	709	647	793	430	334	427	299	485	196	356	202	133	915	A->G
AAG->T	261	360	257	300	282	262	181	194	203	184	183	160	178	121	78	90	50	131	46	80	55	32	230	A->T
AAT->C	483	537	463	578	474	487	347	377	302	295	283	259	340	205	137	152	111	203	66	120	82	45	400	A->C
AAT->G	2920	3539	2689	3367	2923	2869	2132	2330	1969	1922	1817	1648	2078	1235	800	982	681	1288	391	779	516	252	2373	A->G
AAT->T	575	670	549	726	588	597	424	485	385	363	359	324	425	261	130	174	128	271	91	150	121	57	597	A->T
ACA->A	866	1033	811	1033	846	895	647	667	626	594	603	488	547	347	242	320	180	410	125	257	155	91	921	C->A
ACA->G	660	822	653	721	650	637	499	629	539	405	439	381	411	303	200	297	173	286	120	180	97	69	590	C->G
ACA->T	2789	3377	2495	3126	2697	2809	2010	2120	1860	1771	1856	1660	1822	1165	775	1006	740	1192	449	879	501	359	2294	C->T
ACC->A	1122	1146	890	1087	999	923	774	809	655	662	702	610	605	385	308	383	287	473	193	370	171	129	990	C->A
ACC->G	397	508	358	370	385	330	309	344	278	264	246	221	217	160	125	162	109	160	95	140	72	65	355	C->G
ACC->T	2303	2403	1770	2128	1961	1988	1572	1577	1411	1428	1416	1160	1237	880	576	844	650	899	454	717	371	316	1783	C->T
ACG->A	217	204	123	200	146	148	146	145	108	148	128	108	129	73	46	88	58	90	42	54	33	31	153	C->A
ACG->G	124	164	115	148	115	114	112	82	105	90	65	77	68	56	42	65	35	54	31	39	27	26	94	C->G
ACG->T	4536	5247	3558	4309	3794	3859	3195	3201	2760	3177	2709	2593	2584	1738	1248	1831	1418	1890	999	1534	754	748	3505	C->T
ACT->A	563	617	481	596	477	519	357	453	382	344	371	309	314	218	125	210	124	229	71	128	93	52	535	C->A
ACT->G	709	820	605	783	674	624	526	647	546	446	422	396	421	285	208	319	185	300	127	209	112	71	614	C->G
ACT->T	2179	2422	1911	2327	2025	1967	1527	1598	1365	1406	1324	1243	1347	850	545	715	578	902	381	605	348	186	1755	C->T
AGA->A	2288	2549	1992	2421	2089	2087	1548	1745	1372	1416	1457	1296	1399	917	579	748	612	915	368	648	385	233	1862	C->T
AGA->C	1084	1319	979	1186	1056	984	817	952	947	722	699	703	581	451	364	489	266	424	217	345	188	145	964	C->G
AGA->T	984	1094	849	1150	910	936	651	743	606	570	579	557	655	338	231	294	204	423	117	236	174	70	909	C->A
AGC->A	1959	2030	1594	1966	1659	1713	1289	1394	1149	1208	1186	1115	1075	712	460	724	559	742	327	571	288	262	1640	C->T
AGC->C	430	510	369	434	378	365	317	331	345	252	264	216	240	169	160	204	130	177	97	151	61	65	323	C->G
AGC->T	455	509	357	478	386	410	319	365	333	284	281	225	280	162	135	183	107	172	92	133	79	71	388	C->A
AGG->A	2450	2561	1896	2419	2066	2122	1547	1691	1462	1520	1495	1273	1304	919	690	891	733	914	509	798	393	332	1926	C->T
AGG->C	603	759	517	607	547	608	485	551	476	458	399	363	331	271	209	311	207	244	151	210	84	100	520	C->G
AGG->T	479	500	393	496	430	398	316	380	317	331	311	270	264	181	128	200	137	191	90	159	85	61	448	C->A
ATA->A	572	643	500	714	541	543	411	462	391	327	352	323	431	199	143	163	121	226	64	139	111	39	559	A->T
ATA->C	3446	4152	3416	4316	3662	3349	2631	2741	2388	2133	2171	2074	2489	1362	878	1039	757	1567	389	882	599	263	3056	A->G
ATA->G	363	401	342	437	363	352	243	278	242	212	195	205	226	138	98	89	71	173	43	87	79	26	358	A->C
ATC->A	664	708	588	733	646	632	455	560	414	403	384	354	443	260	160	227	156	301	110	191	112	72	601	A->T
ATC->C	1121	1243	948	1189	1029	993	801	846	715	697	700	670	711	426	277	354	255	481	186	304	174	126	912	A->G
ATC->G	214	258	184	257	220	212	163	152	121	144	140	116	131	81	58	77	59	90	43	60	35	19	171	A->C
ATG->A	691	853	597	788	651	624	494	527	452	469	464	423	427	269	158	245	159	330	94	201	124	74	603	A->T
ATG->C	3294	3708	3031	3544	3211	3102	2441	2455	2197	2023	1985	1907	2104	1314	902	1084	853	1404	454	977	588	323	2588	A->G
ATG->G	558	669	465	615	522	537	440	409	350	344	352	313	348	203	131	202	118	240	74	153	96	66	429	A->C
CAA->C	617	664	492	561	571	521	391	451	372	388	376	329	373	222	155	170	145	220	87	142	96	49	473	A->C
CAA->G	1179	1403	1039	1276	1111	1061	789	805	695	706	708	639	756	409	314	421	276	515	197	353	219	123	878	A->G
CAA->T	269	347	246	326	269	248	205	187	202	161	191	147	172	91	62	76	63	125	35	66	47	31	268	A->T
CAC->C	417	461	350	426	340	345	330	327	265	251	263	224	270	170	133	194	142	165	100	155	72	52	337	A->C
CAC->G	1152	1291	1005	1136	973	1066	864	847	692	798	740	663	696	449	366	433	315	503	235	397	220	152	852	A->G
CAC->T	311	362	264	317	297	323	238	267	203	194	198	172	158	113	96	128	91	122	58	104	64	48	277	A->T
CAG->C	532	587	362	475	419	428	382	379	333	336	298	318	295	220	147	185	133	219	100	168	101	81	340	A->C
CAG->G	1683	1849	1334	1507	1456	1420	1171	1144	1020	1186	1004	904	954	637	464	601	549	723	384	559	266	225	1179	A->G
CAG->T	364	386	291	341	331	314	245	283	244	239	214	244	236	105	89	135	113	119	77	112	62	50	306	A->T
CCA->A	629	711	526	621	588	561	430	475	405	433	347	352	361	230	174	228	178	230	107	198	112	91	582	C->A
CCA->G	509	608	363	439	460	433	327	357	352	339	348	253	284	202	143	193	147	194	103	158	76	78	386	C->G
CCA->T	1913	2094	1504	1879	1599	1673	1283	1441	1210	1220	1193	1032	1031	764	550	784	605	769	402	672	321	271	1536	C->T
CCC->A	596	645	452	523	516	474	363	446	388	373	407	319	291	246	166	257	170	237	136	175	108	83	481	C->A
CCC->G	618	673	454	526	471	486	396	451	461	397	316	301	300	252	156	269	197	242	162	235	99	103	381	C->G
CCC->T	2026	2136	1494	1818	1633	1584	1257	1359	1165	1316	1259	1027	990	790	544	794	665	716	444	737	301	389	1557	C->T
CCG->A	175	169	124	133	118	117	131	94	97	122	99	63	71	57	52	77	62	71	43	60	25	37	106	C->A
CCG->G	171	163	101	109	130	118	127	112	88	115	85	98	89	55	48	77	75	63	59	61	25	36	98	C->G
CCG->T	4266	4275	2810	3107	3013	3172	2786	2619	2372	2714	2405	2076	1827	1482	1140	1809	1525	1481	1197	1467	694	853	2681	C->T
CGA->A	2899	3083	2236	2578	2267	2374	2046	1929	1700	1968	1744	1618	1592	1117	797	1136	941	1105	715	1014	469	486	2001	C->T
CGA->C	138	144	128	140	114	112	105	97	96	114	95	77	73	62	34	71	42	68	52	55	21	25	112	C->G
CGA->T	132	160	101	139	121	120	87	92	88	92	86	87	93	53	41	61	46	58	38	46	16	28	117	C->A
CGC->A	3288	3505	2343	2636	2585	2675	2287	2258	1920	2187	1914	1832	1642	1174	942	1471	1271	1191	1000	1162	548	674	2299	C->T
CGC->C	105	117	68	69	81	79	56	62	58	77	60	39	36	35	29	46	38	34	35	33	21	22	72	C->G
CGC->T	246	274	193	209	181	200	186	177	144	174	136	120	130	88	71	93	80	110	80	93	41	60	160	C->A
CTA->A	187	252	192	268	193	199	127	143	150	119	131	136	130	93	56	68	44	94	23	42	44	17	223	A->T
CTA->C	1112	1242	1012	1125	1014	1002	737	784	662	679	640	629	705	410	288	371	238	452	152	274	166	95	886	A->G
CTA->G	227	243	208	263	203	198	142	157	145	134	130	116	133	84	58	67	56	84	34	64	49	27	173	A->C
CTC->A	281	326	238	280	248	258	215	219	207	189	210	143	163	115	86	116	83	123	64	112	59	45	236	A->T
CTC->C	824	923	652	806	644	739	546	573	546	552	495	497	444	316	220	300	246	313	178	246	119	118	602	A->G
CTC->G	318	343	246	299	275	281	228	235	215	189	174	179	169	131	101	120	107	111	60	85	41	54	215	A->C
GAA->C	350	444	322	410	361	323	287	288	267	201	204	212	208	144	90	119	80	167	27	85	40	47	269	A->C
GAA->G	919	1061	819	1005	890	891	618	649	547	609	576	574	563	376	250	307	241	316	130	261	178	95	753	A->G
GAA->T	290	326	265	355	279	286	201	207	175	194	195	156	193	103	63	96	70	119	34	85	49	29	253	A->T
GAC->C	155	172	134	130	127	142	114	104	101	86	91	91	83	43	46	43	42	47	30	45	21	34	113	A->C
GAC->G	656	706	528	668	587	531	443	464	368	402	400	384	353	233	167	245	174	288	119	196	114	91	584	A->G
GAC->T	304	357	250	308	236	223	218	224	166	190	189	178	177	113	79	114	76	122	55	89	43	27	266	A->T
GCA->A	766	868	698	842	738	668	539	614	451	541	491	435	461	279	188	261	177	319	127	267	132	97	736	C->A
GCA->G	315	404	261	335	280	293	251	269	253	226	239	156	209	135	107	118	90	152	63	102	69	46	274	C->G
GCA->T	1614	1837	1313	1663	1355	1405	1158	1230	1027	1099	1033	886	925	653	432	590	459	651	296	506	266	243	1316	C->T
GCC->A	700	833	556	655	569	596	520	483	438	480	456	407	369	270	180	302	208	291	168	236	115	128	510	C->A
GCC->G	392	475	287	332	295	326	297	300	258	247	235	199	194	162	130	182	122	140	84	132	66	54	272	C->G
GCC->T	1846	1919	1418	1640	1509	1510	1231	1297	1115	1229	1163	1040	907	697	506	717	574	697	461	603	288	311	1460	C->T
GGA->A	2705	3035	2235	2646	2403	2408	1920	1938	1631	1853	1751	1610	1566	1103	776	1035	815	1089	510	891	437	397	2297	C->T
GGA->C	516	661	472	570	515	468	416	458	399	381	350	279	312	237	172	282	168	180	120	172	94	69	434	C->G
GGA->T	639	750	522	645	552	563	446	492	422	404	392	341	362	200	168	237	180	273	110	185	123	84	537	C->A
GTA->A	211	234	189	247	182	200	159	167	140	149	151	105	138	73	50	68	49	74	21	46	32	15	177	A->T
GTA->C	1130	1249	981	1301	1114	1093	783	803	724	701	718	612	754	411	264	377	271	474	152	293	193	114	968	A->G
GTA->G	154	206	163	198	138	144	110	107	124	107	97	98	99	48	46	57	45	60	28	44	28	13	132	A->C
TAA->C	421	467	373	468	396	380	312	298	301	234	234	236	271	167	101	125	81	176	62	82	63	37	337	A->C
TAA->G	1343	1651	1333	1597	1369	1371	1050	1022	885	860	799	748	1005	549	361	445	318	589	174	324	269	106	1120	A->G
TAA->T	540	610	486	624	522	515	392	369	362	343	312	318	346	186	137	176	136	221	90	154	87	31	450	A->T
TCA->A	594	690	577	734	577	572	411	434	365	375	418	348	383	244	129	200	138	267	74	162	112	62	579	C->A
TCA->G	570	713	533	639	528	536	492	496	457	387	378	327	382	231	184	256	156	238	107	163	93	67	502	C->G
TCA->T	1991	2128	1677	2034	1756	1702	1323	1430	1223	1213	1235	1129	1176	688	499	685	482	775	301	541	288	213	1586	C->T
