Context	X1mer	Count	Rate	context_in_genome	chr1	chr2	chr3	chr4	chr5	chr6	chr7	chr8	chr9	chr10	chr11	chr12	chr13	chr14	chr15	chr16	chr17	chr18	chr19	chr20	chr21	chr22
AAA->C	A->C	7281	1.56525855053881e-09	87707853	621	491	395	423	409	335	468	517	442	399	406	374	482	257	176	207	181	251	103	158	127	59
AAA->G	A->G	12567	2.70163496835891e-09	87707853	1108	848	666	614	680	639	838	879	791	712	710	653	743	451	301	361	293	477	166	326	192	119
AAA->T	A->T	4281	9.2032301261594e-10	87707853	344	291	232	205	232	240	255	300	264	252	264	214	259	149	86	135	103	170	50	106	89	41
AAC->C	A->C	2244	1.28741972794722e-09	32865196	203	148	108	149	108	110	152	137	124	135	134	141	130	100	49	53	53	83	28	49	34	16
AAC->G	A->G	9398	5.39178725634938e-09	32865196	863	649	466	539	478	474	551	597	537	545	508	486	556	359	232	286	217	367	146	263	181	98
AAC->T	A->T	2613	1.49912110032357e-09	32865196	217	169	145	162	144	135	146	189	128	161	144	135	171	107	65	78	66	93	31	59	49	19
AAG->C	A->C	3302	1.38309557094697e-09	45015120	315	228	164	172	160	153	211	216	180	191	199	174	214	115	76	107	91	125	40	95	53	23
AAG->G	A->G	9036	3.7848732825793e-09	45015120	869	596	476	440	469	449	577	613	551	484	520	508	521	336	230	291	205	319	117	242	130	93
AAG->T	A->T	2218	9.29044814161232e-10	45015120	195	132	115	114	138	125	151	138	126	106	140	121	133	89	56	67	38	86	38	48	41	21
AAT->C	A->C	3558	1.15442772878841e-09	58112924	309	241	178	200	186	193	240	226	234	220	196	169	209	119	88	90	81	144	48	89	70	28
AAT->G	A->G	22961	7.44991992150387e-09	58112924	2018	1565	1249	1253	1212	1146	1546	1542	1438	1329	1348	1200	1410	863	506	629	470	858	237	572	378	192
AAT->T	A->T	4717	1.53047655893619e-09	58112924	430	305	247	267	285	214	293	321	289	282	270	234	299	169	111	147	92	186	60	94	79	43
ACA->A	C->A	6723	2.77915201243616e-09	45612549	586	483	333	391	339	357	433	503	363	416	411	343	396	254	154	183	133	229	92	155	112	57
ACA->G	C->G	5266	2.17685772683159e-09	45612549	425	385	244	266	267	277	330	398	370	319	303	249	270	187	124	187	136	179	75	125	93	57
ACA->T	C->T	21919	9.06087058762281e-09	45612549	1958	1404	1149	1088	1158	1147	1367	1483	1296	1294	1338	1139	1294	799	539	685	471	816	310	564	365	255
ACC->A	C->A	8543	6.34450153033142e-09	25389049	806	556	430	429	435	379	552	576	477	532	498	472	478	296	188	291	205	312	160	239	145	87
ACC->G	C->G	3292	2.44482020810617e-09	25389049	287	235	166	161	139	154	220	245	223	174	186	178	172	111	89	125	70	106	63	92	54	42
ACC->T	C->T	14392	1.068829053313e-08	25389049	1375	934	708	721	671	720	905	946	817	909	864	726	792	521	342	449	409	479	266	414	221	203
ACG->A	C->A	1600	5.87458295685593e-09	5135426	153	98	71	70	73	69	94	104	68	117	78	84	98	66	39	72	51	63	30	44	35	23
ACG->G	C->G	1084	3.98002995326989e-09	5135426	105	69	57	52	30	46	77	68	69	57	48	56	57	39	36	41	31	33	26	38	25	24
ACG->T	C->T	34930	1.28249489176861e-07	5135426	3284	2364	1616	1579	1608	1540	2261	2220	1872	2308	2069	1801	1829	1249	894	1227	1007	1346	674	1093	561	528
ACT->A	C->A	4244	2.23113260939694e-09	35866048	373	310	218	258	193	211	284	291	224	250	289	216	271	154	104	139	90	127	54	96	64	28
ACT->G	C->G	5416	2.84727007834444e-09	35866048	466	386	293	287	274	259	372	411	388	292	292	276	274	190	136	200	114	195	68	133	63	47
ACT->T	C->T	15732	8.27054152003595e-09	35866048	1450	1031	805	859	831	806	1001	1071	914	912	985	813	916	519	367	479	344	593	240	383	238	175
TCT->T	C->T	15340	5.76256990494108e-09	50192946	1412	1029	792	803	809	769	955	1030	827	919	927	772	871	559	338	486	366	565	221	459	242	189
TCT->G	C->G	8614	3.23590463892845e-09	50192946	709	641	479	452	407	402	601	636	581	467	490	406	406	275	248	349	195	286	137	231	122	94
TCT->A	C->A	7315	2.7479269136013e-09	50192946	664	497	408	449	396	368	482	498	407	402	444	375	436	264	166	228	140	250	92	171	117	61
GCT->T	C->T	14483	8.97876804593477e-09	30414124	1391	986	692	763	697	739	911	950	803	908	855	789	770	483	299	457	351	554	237	419	257	172
GCT->G	C->G	3498	2.16859287610853e-09	30414124	293	258	167	160	167	168	228	260	194	202	228	172	181	110	120	154	97	93	64	90	48	44
GCT->A	C->A	3424	2.12271641160537e-09	30414124	293	223	183	190	174	187	211	229	169	234	216	189	181	100	77	126	73	119	55	104	51	40
CCT->T	C->T	18176	8.88522425262305e-09	38571227	1721	1162	932	937	881	919	1163	1225	1014	1070	1059	936	898	609	433	581	519	643	362	570	302	240
CCT->G	C->G	5155	2.51998960289788e-09	38571227	465	359	255	258	227	238	322	376	369	299	273	227	241	191	139	230	145	165	94	144	72	66
CCT->A	C->A	3870	1.89182536628803e-09	38571227	370	240	197	208	220	191	236	262	236	215	248	185	179	134	107	134	99	125	69	113	57	45
TAT->T	A->T	4398	1.71218733374288e-09	48432566	410	277	268	256	261	243	293	286	258	232	243	231	290	148	109	130	73	158	46	80	77	29
TAT->G	A->G	26727	1.04051002430527e-08	48432566	2377	1789	1482	1556	1450	1341	1794	1777	1619	1410	1576	1401	1773	969	586	691	531	1050	256	631	487	181
TAT->C	A->C	2767	1.07722199919658e-09	48432566	242	203	151	153	139	114	177	189	185	161	163	148	177	90	69	84	62	94	31	54	56	25
GAT->T	A->T	5294	3.29028346767708e-09	30337805	498	328	277	330	255	279	337	370	266	323	320	266	317	186	107	154	111	220	76	133	92	49
GAT->G	A->G	8456	5.25550377836747e-09	30337805	730	559	459	475	438	448	562	575	524	510	491	436	478	298	197	245	192	339	107	191	118	84
GAT->C	A->C	1659	1.03108807572276e-09	30337805	153	100	82	79	76	84	127	129	90	102	84	83	84	59	37	68	54	66	25	37	24	16
CAT->T	A->T	5522	2.4798325868095e-09	41986297	476	335	274	311	323	254	326	411	319	345	325	273	348	191	124	190	119	230	60	150	86	52
CAT->G	A->G	24595	1.10451797306374e-08	41986297	2208	1608	1363	1293	1222	1195	1629	1621	1500	1421	1438	1292	1485	875	617	716	567	940	314	644	402	245
CAT->C	A->C	4263	1.9144379423341e-09	41986297	368	280	206	209	209	217	305	292	283	242	234	205	252	146	89	137	106	174	62	114	83	50
CAA->C	A->C	4149	1.80711333269408e-09	43290398	374	260	221	234	225	213	276	268	275	238	230	197	216	148	118	132	121	145	63	94	55	46
CAA->G	A->G	8608	3.74924838945061e-09	43290398	837	582	430	388	434	429	554	582	521	479	523	443	487	310	209	277	214	335	126	226	144	78
CAA->T	A->T	2143	9.33392111825356e-10	43290398	206	133	135	117	110	115	140	148	137	120	137	104	102	66	43	61	46	86	23	57	28	29
CAC->C	A->C	3120	1.78717020142904e-09	32917149	312	205	157	140	138	170	222	219	192	180	165	151	155	94	92	123	68	97	58	93	47	42
CAC->G	A->G	8744	5.0086590516973e-09	32917149	879	582	419	373	407	430	545	603	571	521	482	455	469	301	194	307	222	318	180	230	135	121
CAC->T	A->T	2509	1.43718270364919e-09	32917149	227	156	130	124	111	93	145	198	148	164	159	122	123	96	72	112	64	93	32	80	31	29
CAG->C	A->C	3715	1.59483203635645e-09	43921524	336	261	172	180	158	210	244	238	238	203	230	188	211	132	96	133	89	125	69	102	60	40
CAG->G	A->G	12367	5.30909496463531e-09	43921524	1206	820	591	574	588	549	814	790	714	798	691	639	675	430	337	425	361	406	275	344	173	167
CAG->T	A->T	2732	1.17283475728824e-09	43921524	255	185	123	134	118	168	177	181	148	167	169	136	122	93	69	84	86	106	51	71	49	40
CCA->A	C->A	4911	2.28683369717928e-09	40491968	440	306	244	248	262	249	315	353	288	304	299	249	244	181	113	177	120	147	76	152	86	58
CCA->G	C->G	3740	1.74155121715547e-09	40491968	354	262	178	170	157	167	228	278	238	254	226	161	162	134	100	168	107	119	67	94	59	57
CCA->T	C->T	14780	6.8823868956037e-09	40491968	1376	943	725	679	686	725	930	955	821	949	877	730	766	534	426	519	422	528	293	455	224	217
CCC->A	C->A	4679	3.17896675143464e-09	27752403	448	325	203	219	213	204	282	337	266	312	262	256	208	168	123	168	149	153	94	129	72	88
CCC->G	C->G	4689	3.18576086716756e-09	27752403	495	331	203	207	181	189	285	329	302	297	261	218	207	181	131	196	132	171	92	134	61	86
CCC->T	C->T	14078	9.5647561288089e-09	27752403	1372	965	656	629	607	645	858	901	764	950	798	689	673	483	377	568	453	492	297	443	217	241
CCG->A	C->A	1355	4.94693137662299e-09	5164603	136	81	66	64	45	52	93	93	58	84	72	57	74	49	35	55	55	36	40	48	30	32
CCG->G	C->G	1309	4.77899127084834e-09	5164603	117	78	49	52	59	51	84	83	84	95	83	46	50	51	41	64	39	44	50	34	17	38
CCG->T	C->T	30294	1.10599512268204e-07	5164603	2924	2054	1260	1205	1261	1293	2046	1941	1673	1937	1610	1599	1373	1034	827	1200	1096	1028	805	1011	500	617
TCG->T	C->T	21928	9.26100822585808e-08	4464515	2156	1437	969	961	953	1010	1484	1326	1182	1472	1269	1144	1063	738	575	865	697	747	481	673	354	372
TCG->G	C->G	1194	5.04270513575089e-09	4464515	115	93	54	52	55	54	79	83	61	69	59	63	56	49	23	52	39	39	27	38	15	19
TCG->A	C->A	1148	4.84843006351928e-09	4464515	95	67	46	68	61	59	71	72	70	79	60	55	61	49	31	47	32	41	20	35	20	9
GCG->T	C->T	24842	1.06824019587555e-07	4384814	2441	1638	1043	1038	1023	1109	1631	1561	1350	1584	1371	1266	1110	920	639	993	870	838	697	796	421	503
GCG->G	C->G	792	3.40570902154993e-09	4384814	68	43	31	36	35	40	56	50	51	49	49	42	37	22	33	30	18	41	18	25	12	6
GCG->A	C->A	1748	7.51664061826929e-09	4384814	172	124	57	86	69	93	97	102	92	112	100	95	113	58	46	67	45	59	45	54	31	31
TAG->T	A->T	1562	1.00851749534862e-09	29203246	128	108	75	87	85	90	106	121	107	99	91	67	73	60	41	44	36	54	11	33	35	11
TAG->G	A->G	7973	5.14782969936912e-09	29203246	745	510	436	435	398	385	507	574	468	476	491	401	460	302	198	218	173	309	109	173	127	78
TAG->C	A->C	1611	1.04015472791718e-09	29203246	165	111	89	103	79	74	95	93	98	98	88	87	102	43	27	49	35	61	30	38	32	14
GAG->T	A->T	2217	1.13272120730268e-09	36904234	197	146	111	109	120	106	147	130	139	125	145	120	130	69	53	79	59	68	36	66	34	28
GAG->G	A->G	5936	3.03285209136162e-09	36904234	568	383	295	279	285	265	370	408	380	348	341	328	309	217	163	167	151	197	131	185	91	75
GAG->C	A->C	2262	1.15571284209232e-09	36904234	207	142	106	117	107	107	170	143	125	155	134	124	107	66	53	90	50	86	40	62	37	34
GAA->C	A->C	2685	1.12825680624987e-09	44871425	249	210	157	133	136	145	164	176	166	150	176	154	138	92	61	76	57	80	41	64	37	23
GAA->G	A->G	7037	2.95699930934091e-09	44871425	627	469	341	367	396	368	449	440	406	408	455	370	439	242	134	219	163	262	107	171	134	70
GAA->T	A->T	2352	9.8832774983229e-10	44871425	223	154	108	125	128	143	141	176	150	121	152	113	134	74	54	69	56	79	32	65	39	16
GAC->C	A->C	1076	9.75235594932159e-10	20803493	96	66	61	52	50	63	60	73	55	71	72	51	65	38	33	36	40	31	15	24	12	12
GAC->G	A->G	4974	4.50819874460275e-09	20803493	495	283	264	280	236	236	309	317	266	338	290	266	264	169	105	181	116	171	89	156	95	48
GAC->T	A->T	2413	2.1870292663302e-09	20803493	218	172	115	130	126	119	169	176	136	141	125	109	138	87	50	80	61	84	47	68	37	25
GCA->A	C->A	5972	3.54996465457917e-09	31719717	581	411	308	359	313	281	392	375	317	334	362	313	295	209	132	193	141	231	78	170	104	73
GCA->G	C->G	2633	1.56514684117665e-09	31719717	245	195	122	116	115	135	162	187	142	187	153	126	139	95	71	95	63	90	49	73	36	37
GCA->T	C->T	12093	7.18850009508137e-09	31719717	1179	874	558	575	569	616	781	779	646	759	738	609	646	421	284	386	311	436	208	369	179	170
GCC->A	C->A	5409	4.10083803662923e-09	24870121	543	357	262	270	221	247	322	357	308	354	333	286	278	184	148	185	122	187	125	153	94	73
GCC->G	C->G	2918	2.21228422830174e-09	24870121	313	179	130	124	125	127	195	197	167	165	166	146	131	96	85	124	88	119	81	82	35	43
GCC->T	C->T	13131	9.95527902735781e-09	24870121	1218	842	605	649	611	666	803	900	716	841	786	681	645	432	329	471	400	431	288	405	202	210
TCC->T	C->T	15544	8.62840456498852e-09	33967675	1566	1067	735	720	717	775	969	1073	838	916	943	802	800	592	379	546	424	533	273	456	224	196
TCC->G	C->G	4405	2.44519570951971e-09	33967675	400	296	214	210	202	198	302	320	309	262	227	209	190	145	121	216	112	139	80	130	50	73
TCC->A	C->A	4925	2.73384537329957e-09	33967675	453	378	240	255	207	232	312	330	304	280	316	247	251	181	127	164	125	176	66	146	73	62
TAC->T	A->T	1608	1.19290192236837e-09	25416447	147	107	84	105	93	76	98	99	94	95	100	90	108	70	20	50	22	55	15	34	27	19
TAC->G	A->G	8507	6.31095563034062e-09	25416447	771	522	473	483	452	450	520	573	528	491	499	443	553	248	204	258	195	341	106	193	138	66
TAC->C	A->C	1276	9.46606251829627e-10	25416447	96	107	64	73	58	65	78	80	81	71	77	68	69	67	36	34	26	43	8	36	27	12
TAA->C	A->C	3086	1.21651439636986e-09	47831302	267	208	186	163	166	146	205	216	187	169	184	145	201	116	87	93	51	114	32	68	59	23
TAA->G	A->G	10209	4.0244314557809e-09	47831302	935	687	541	579	591	532	680	648	637	575	581	479	622	375	222	272	218	410	109	248	181	87
TAA->T	A->T	3966	1.5634141594306e-09	47831302	381	291	204	233	216	218	255	227	215	211	244	204	239	144	103	111	95	147	41	77	74	36
TCA->A	C->A	4694	1.99827240525655e-09	44291657	389	335	234	279	266	247	317	321	271	267	262	238	282	159	118	152	89	167	65	116	73	47
TCA->G	C->G	4627	1.96974998276993e-09	44291657	401	293	229	235	216	201	292	352	314	242	281	227	252	182	109	197	108	171	70	135	74	46
TCA->T	C->T	13916	5.92414972125056e-09	44291657	1302	931	682	689	722	657	865	932	792	842	887	748	785	494	343	462	333	514	215	344	212	165
