Context	X1mer	Count	Rate	context_in_genome	chr1	chr2	chr3	chr4	chr5	chr6	chr7	chr8	chr9	chr10	chr11	chr12	chr13	chr14	chr15	chr16	chr17	chr18	chr19	chr20	chr21	chr22
AAA->C	A->C	7586	1.623444620042e-09	87271167	345	357	431	421	613	396	498	491	517	454	435	433	498	325	214	226	181	270	127	152	139	63
AAA->G	A->G	13089	2.80111608643947e-09	87271167	616	629	704	681	975	681	939	891	783	797	776	723	850	513	340	465	317	523	213	340	210	123
AAA->T	A->T	4495	9.61954068954496e-10	87271167	204	235	262	249	344	249	329	315	264	275	277	228	309	155	113	143	90	176	80	87	73	38
AAC->C	A->C	2312	1.3203984159937e-09	32702297	99	133	129	115	180	124	145	176	156	138	122	113	139	80	60	78	62	82	50	66	42	23
AAC->G	A->G	9717	5.54944265061019e-09	32702297	462	482	517	543	742	482	695	677	581	606	526	536	632	393	274	332	233	379	143	257	152	73
AAC->T	A->T	2909	1.66134904503705e-09	32702297	160	159	149	192	202	171	179	214	159	177	184	155	158	112	66	100	65	115	41	80	47	24
AAG->C	A->C	3499	1.45899532845761e-09	44790454	172	193	200	199	250	160	244	244	235	194	199	185	239	118	106	110	77	143	50	97	56	28
AAG->G	A->G	9306	3.88036882727252e-09	44790454	444	486	461	470	665	457	649	691	608	586	586	498	542	363	257	314	236	356	139	257	155	86
AAG->T	A->T	2274	9.48201022267108e-10	44790454	109	105	129	134	167	140	162	155	125	154	135	119	124	103	49	67	52	105	31	50	36	23
AAT->C	A->C	3563	1.1508141157648e-09	57823725	163	180	172	211	278	216	239	221	234	190	202	181	243	142	105	102	80	160	49	86	74	35
AAT->G	A->G	23644	7.63678050888098e-09	57823725	1070	1242	1257	1301	1744	1176	1688	1644	1580	1477	1421	1284	1545	880	624	780	533	901	289	612	394	202
AAT->T	A->T	4735	1.52935864107391e-09	57823725	213	208	262	278	376	248	343	331	299	312	238	258	359	179	96	137	96	179	69	129	90	35
ACA->A	C->A	6962	2.86492031938863e-09	45385476	343	353	382	357	490	354	494	445	458	446	448	368	470	235	182	251	131	279	106	174	132	64
ACA->G	C->G	5392	2.21885239329841e-09	45385476	255	293	306	305	382	281	393	405	364	308	331	262	291	192	141	208	112	193	101	134	72	63
ACA->T	C->T	21329	8.77705910546397e-09	45385476	1064	1103	1053	1072	1534	1113	1469	1431	1359	1411	1267	1169	1300	803	519	694	532	881	355	618	322	260
ACC->A	C->A	8979	6.63797983246849e-09	25263148	436	429	464	453	614	453	600	653	513	552	610	518	525	327	238	312	246	336	157	284	149	110
ACC->G	C->G	3385	2.50245703674194e-09	25263148	168	161	156	153	238	168	242	267	225	207	194	173	188	112	95	148	88	142	72	70	59	59
ACC->T	C->T	12742	9.41988406563242e-09	25263148	701	636	612	661	825	616	860	858	777	850	782	687	704	482	358	450	374	487	276	370	206	170
ACG->A	C->A	1570	5.73833283115514e-09	5109864	66	83	79	75	90	91	135	109	86	102	83	90	80	46	43	69	48	60	42	47	26	20
ACG->G	C->G	1054	3.85235847390925e-09	5109864	43	45	59	50	60	60	63	72	66	64	57	42	75	47	28	46	30	48	27	27	18	27
ACG->T	C->T	34875	1.27467743621997e-07	5109864	1807	1802	1618	1623	2145	1611	2428	2363	1982	2347	2012	1895	1934	1319	951	1377	1076	1356	794	1184	632	619
ACT->A	C->A	4224	2.21055962606658e-09	35687580	204	219	241	248	304	212	277	297	279	244	271	247	273	155	108	137	80	153	45	124	69	37
ACT->G	C->G	5470	2.86263284909663e-09	35687580	243	312	285	276	375	253	402	395	390	321	321	255	318	213	170	233	125	230	81	139	84	49
ACT->T	C->T	14837	7.76469535320781e-09	35687580	752	719	813	770	1059	807	1047	1000	859	928	883	845	908	559	376	467	402	600	243	419	222	159
TCT->T	C->T	14016	5.24139453132493e-09	49942774	743	677	738	757	988	756	926	980	860	834	843	806	814	563	358	466	378	538	220	413	221	137
TCT->G	C->G	9038	3.37983189027645e-09	49942774	382	493	472	479	658	432	645	725	651	505	520	438	514	355	266	409	197	314	128	215	143	97
TCT->A	C->A	7466	2.79197000362956e-09	49942774	350	364	432	444	538	387	520	526	481	437	440	417	509	270	184	216	144	319	106	182	128	72
GCT->T	C->T	14482	8.93733540342577e-09	30263274	783	746	686	761	1021	736	936	1006	891	924	911	770	801	507	362	516	396	615	288	429	220	177
GCT->G	C->G	3477	2.14577511377651e-09	30263274	189	190	161	167	215	167	246	283	238	221	197	176	163	113	101	159	87	127	71	117	39	50
GCT->A	C->A	3454	2.13158103048147e-09	30263274	172	185	179	197	229	150	230	293	225	229	200	192	181	111	89	105	96	135	69	105	46	36
CCT->T	C->T	18290	8.90031529466444e-09	38379891	1029	928	863	974	1158	981	1197	1228	974	1185	1087	1008	1009	673	505	715	520	753	399	588	271	245
CCT->G	C->G	5526	2.68907284408506e-09	38379891	262	293	250	230	325	285	413	424	401	346	334	278	283	187	186	276	129	197	113	164	76	74
CCT->A	C->A	3990	1.94162154323188e-09	38379891	216	229	193	225	249	192	262	286	251	259	243	197	227	160	110	165	102	149	67	99	52	57
TAT->T	A->T	4510	1.74782603682572e-09	48191868	208	225	291	246	341	245	322	319	297	242	249	235	289	160	99	134	78	227	51	110	98	44
TAT->G	A->G	27004	1.04652537247099e-08	48191868	1266	1345	1555	1534	2132	1385	1916	1869	1787	1510	1544	1457	1864	1015	656	796	586	1163	306	628	468	222
TAT->C	A->C	2836	1.0990764169485e-09	48191868	142	138	141	165	230	157	202	199	148	139	169	151	181	122	71	84	62	147	34	73	54	27
GAT->T	A->T	5822	3.60209418781302e-09	30186486	289	269	334	349	452	314	385	392	329	346	355	325	368	204	144	198	116	236	90	170	102	55
GAT->G	A->G	8658	5.35673848816302e-09	30186486	436	441	449	506	653	451	585	577	549	518	546	438	505	330	215	336	177	325	143	242	153	83
GAT->C	A->C	1696	1.04932183829112e-09	30186486	85	101	91	72	103	84	110	120	104	104	102	97	104	72	41	64	48	70	24	48	32	20
CAT->T	A->T	5727	2.56033223311238e-09	41775945	277	282	337	310	431	293	401	418	363	346	337	289	354	220	120	221	115	223	89	151	98	52
CAT->G	A->G	25294	1.13080222637235e-08	41775945	1265	1294	1313	1283	1754	1315	1680	1761	1590	1596	1523	1335	1669	962	665	855	618	1006	402	732	394	282
CAT->C	A->C	4504	2.01357366473515e-09	41775945	215	199	236	236	325	220	306	307	306	297	268	261	269	173	129	148	107	191	58	131	67	55
CAA->C	A->C	4493	1.94807606563222e-09	43075064	211	239	259	254	333	227	286	318	294	270	275	238	279	161	105	165	103	170	75	120	69	42
CAA->G	A->G	9012	3.90742521777822e-09	43075064	463	446	466	450	665	502	596	577	551	605	502	477	592	325	238	324	240	360	136	270	127	100
CAA->T	A->T	2213	9.59513094423346e-10	43075064	91	105	116	136	166	132	138	173	144	121	129	127	133	72	52	89	47	79	29	67	37	30
CAC->C	A->C	3152	1.7972947932609e-09	32753847	164	178	146	166	208	137	206	221	184	215	185	171	184	101	96	127	94	121	59	94	53	42
CAC->G	A->G	9333	5.32174882788832e-09	32753847	474	443	424	504	556	451	675	585	572	616	561	528	524	369	270	335	274	352	197	313	163	147
CAC->T	A->T	2858	1.62965371800116e-09	32753847	153	142	127	170	190	114	193	213	177	183	179	156	150	107	90	103	76	110	54	84	43	44
CAG->C	A->C	3949	1.68760487113376e-09	43703054	200	228	176	197	247	188	277	257	262	255	239	226	219	157	113	135	103	135	82	154	50	49
CAG->G	A->G	12817	5.47734404490286e-09	43703054	691	631	608	591	802	625	874	829	753	788	779	710	745	520	376	484	382	508	290	449	180	202
CAG->T	A->T	2846	1.21623789902423e-09	43703054	144	157	161	136	193	154	200	200	172	170	154	149	138	116	91	101	69	107	50	82	52	50
CCA->A	C->A	4869	2.25700611105343e-09	40290482	260	231	274	267	321	253	335	344	276	305	288	270	272	187	111	185	128	187	80	159	78	58
CCA->G	C->G	3910	1.81246537157916e-09	40290482	207	217	196	186	233	176	239	262	270	243	244	192	199	155	128	165	112	147	82	124	67	66
CCA->T	C->T	14854	6.88551422747745e-09	40290482	800	800	746	709	906	760	1018	954	931	953	878	822	808	559	414	556	409	535	327	503	211	255
CCC->A	C->A	4792	3.24095431926579e-09	27614636	259	235	221	246	281	213	295	333	316	301	302	262	231	161	146	212	123	185	147	156	70	97
CCC->G	C->G	4800	3.24636492747825e-09	27614636	286	236	199	200	313	196	338	308	300	333	290	258	229	197	151	216	148	156	108	172	78	88
CCC->T	C->T	13063	8.83484688492676e-09	27614636	761	675	557	620	819	672	856	888	766	832	835	684	601	491	369	547	412	466	312	454	206	240
CCG->A	C->A	1284	4.6666328452159e-09	5138742	66	41	46	58	89	53	102	68	92	93	68	68	72	57	34	50	53	46	43	40	24	21
CCG->G	C->G	1315	4.77930077216426e-09	5138742	70	59	54	45	52	60	99	77	90	91	82	69	52	39	45	73	55	50	62	46	22	23
CCG->T	C->T	30079	1.09320599183216e-07	5138742	1764	1531	1213	1231	1576	1329	2180	1841	1822	2023	1764	1570	1435	1111	843	1366	1142	1068	915	1191	503	661
TCG->T	C->T	21352	8.97677483547712e-08	4442359	1188	1070	921	953	1267	1051	1501	1438	1206	1471	1223	1164	1113	790	598	844	737	864	554	694	341	364
TCG->G	C->G	1174	4.93571265307706e-09	4442359	61	53	43	53	77	57	86	60	85	75	62	51	58	44	38	61	40	39	47	41	21	22
TCG->A	C->A	1150	4.83481222405334e-09	4442359	52	53	51	59	75	51	85	82	65	78	60	61	57	40	33	54	41	45	33	40	23	12
GCG->T	C->T	24827	1.06281152326938e-07	4362781	1402	1238	1066	1064	1358	1071	1702	1623	1455	1614	1494	1286	1187	940	733	1061	987	934	747	905	451	509
GCG->G	C->G	761	3.25774185043702e-09	4362781	45	36	22	31	31	42	44	43	45	47	50	47	48	32	25	27	28	36	24	24	17	17
GCG->A	C->A	1847	7.90676635710536e-09	4362781	88	97	71	100	119	72	108	119	117	121	111	90	80	70	58	81	57	78	68	76	33	33
TAG->T	A->T	1560	1.0026527192183e-09	29058252	76	87	85	85	123	94	112	105	102	91	84	91	108	57	36	32	28	65	13	44	27	15
TAG->G	A->G	7864	5.05439806662351e-09	29058252	403	374	443	422	602	410	533	512	468	490	473	400	511	306	215	246	195	331	115	212	128	75
TAG->C	A->C	1698	1.09134892130299e-09	29058252	72	97	113	89	144	89	111	120	109	110	89	84	109	53	35	52	33	65	25	47	31	21
GAG->T	A->T	2349	1.19470589748644e-09	36721248	141	128	102	115	170	114	173	169	137	149	121	120	114	82	73	71	71	101	44	87	33	34
GAG->G	A->G	5960	3.031267411247e-09	36721248	332	279	288	255	389	272	401	418	378	379	341	319	367	204	185	241	164	236	121	194	109	88
GAG->C	A->C	2390	1.21555857598663e-09	36721248	120	129	107	109	141	115	191	159	138	152	143	140	134	100	69	83	57	98	47	73	50	35
GAA->C	A->C	2729	1.14155403350632e-09	44648049	131	125	124	132	210	153	188	190	185	165	163	144	174	90	96	83	69	105	38	83	47	34
GAA->G	A->G	7189	3.00719382443272e-09	44648049	354	334	365	363	495	405	538	505	419	438	437	432	414	276	191	222	161	334	106	216	122	62
GAA->T	A->T	2390	9.99748677200474e-10	44648049	101	126	127	145	186	113	191	165	165	133	145	141	144	76	57	82	45	113	29	55	33	18
GAC->C	A->C	1028	9.27519927061226e-10	20699759	49	53	49	52	62	54	54	66	80	76	57	49	66	33	33	35	29	43	24	30	17	17
GAC->G	A->G	5121	4.62045675727679e-09	20699759	295	281	268	274	349	247	332	319	327	291	313	291	282	182	141	177	116	224	87	174	87	64
GAC->T	A->T	2584	2.33143141199047e-09	20699759	129	116	122	134	167	125	172	184	168	170	155	131	143	114	66	101	78	108	46	88	38	29
GCA->A	C->A	5955	3.52383509938284e-09	31561789	266	261	323	350	395	337	427	440	330	378	397	302	358	204	147	208	155	230	90	193	98	66
GCA->G	C->G	2699	1.5971168653626e-09	31561789	106	138	145	102	185	132	217	207	181	182	163	139	134	90	89	114	71	108	53	69	45	29
GCA->T	C->T	12029	7.11808772636041e-09	31561789	624	600	558	641	821	583	840	817	771	759	703	609	709	421	347	457	340	433	249	396	174	177
GCC->A	C->A	5691	4.29504896663722e-09	24746620	321	288	241	294	329	279	360	388	331	429	352	299	306	213	164	220	173	200	120	216	89	79
GCC->G	C->G	2959	2.23318395576868e-09	24746620	164	156	157	132	191	150	180	189	191	208	169	147	151	113	87	141	77	98	50	106	34	68
GCC->T	C->T	12979	9.79536821964234e-09	24746620	645	646	573	669	775	642	912	903	768	834	805	647	652	433	363	549	406	507	342	463	219	226
TCC->T	C->T	13052	7.21211254728663e-09	33799478	658	621	647	661	815	643	918	935	829	844	774	695	734	474	359	490	346	484	282	451	205	187
TCC->G	C->G	4600	2.54181104179578e-09	33799478	214	254	203	208	281	219	345	316	330	300	276	225	261	180	123	188	135	167	101	145	63	66
TCC->A	C->A	5088	2.81146403927324e-09	33799478	238	261	260	268	346	269	344	371	314	317	305	262	278	184	135	205	124	183	95	181	79	69
TAC->T	A->T	1714	1.26580839857522e-09	25289385	78	71	93	110	125	73	115	117	109	94	105	88	122	67	50	46	43	76	32	44	36	20
TAC->G	A->G	8833	6.52327046943692e-09	25289385	402	457	486	512	650	476	618	576	532	537	521	482	596	309	216	284	222	369	115	239	159	75
TAC->C	A->C	1370	1.01176050527891e-09	25289385	60	79	86	82	94	62	76	78	96	76	95	89	96	45	39	54	25	62	22	26	14	14
TAA->C	A->C	3202	1.25651971735288e-09	47593478	130	156	171	175	270	155	230	230	199	198	203	173	227	127	85	104	57	142	31	76	47	16
TAA->G	A->G	10465	4.10664548472763e-09	47593478	521	504	604	562	763	608	754	726	616	629	545	522	747	390	289	314	207	472	128	272	220	72
TAA->T	A->T	4129	1.6202904162867e-09	47593478	183	200	215	260	305	223	296	280	229	248	232	219	291	161	129	141	106	152	57	89	82	31
TCA->A	C->A	4675	1.98117294814676e-09	44071177	220	236	241	281	339	236	287	344	300	304	292	238	303	181	118	152	118	198	59	107	83	38
TCA->G	C->G	4773	2.02270341850364e-09	44071177	209	256	251	257	368	218	325	368	312	270	281	257	297	168	114	193	116	170	81	139	64	59
TCA->T	C->T	13139	5.56804948998937e-09	44071177	692	694	667	685	898	674	922	919	773	860	760	651	806	508	353	473	335	528	233	373	189	146
