Context	X1mer	Count	Rate	context_in_genome	chr1	chr2	chr3	chr4	chr5	chr6	chr7	chr8	chr9	chr10	chr11	chr12	chr13	chr14	chr15	chr16	chr17	chr18	chr19	chr20	chr21	chr22
AAA->C	A->C	6631	1.55646105571428e-09	87271167	506	595	468	599	518	469	367	379	340	337	309	284	305	216	133	150	113	198	93	117	96	39
AAA->G	A->G	11650	2.73454551335717e-09	87271167	818	1038	809	1066	856	844	683	633	616	563	560	492	566	357	262	320	220	347	149	238	135	78
AAA->T	A->T	3958	9.29041299731131e-10	87271167	279	327	264	369	289	284	219	261	217	205	178	174	215	126	69	88	70	131	51	71	46	25
AAC->C	A->C	2066	1.29414241990165e-09	32702297	128	199	154	158	142	145	128	121	119	100	97	83	115	59	33	55	41	68	25	47	30	19
AAC->G	A->G	8446	5.29057448135981e-09	32702297	644	759	579	715	624	661	473	478	408	442	405	351	401	241	138	235	140	281	104	192	113	62
AAC->T	A->T	2438	1.52716322348511e-09	32702297	157	212	179	229	190	180	121	165	115	109	96	119	129	60	59	58	56	86	35	46	25	12
AAG->C	A->C	3025	1.38347058161887e-09	44790454	240	254	217	250	253	205	165	168	159	155	172	115	155	97	50	79	41	106	31	54	34	25
AAG->G	A->G	8052	3.68254714816368e-09	44790454	602	690	579	641	554	611	442	454	421	408	394	323	383	239	192	229	156	263	104	188	106	73
AAG->T	A->T	2000	9.1469129363231e-10	44790454	150	193	162	155	142	129	93	116	109	97	99	86	103	59	42	54	26	72	25	41	26	21
AAT->C	A->C	3418	1.21086578345809e-09	57823725	263	278	232	296	248	259	185	227	158	161	153	144	179	112	78	87	65	117	38	64	48	26
AAT->G	A->G	20628	7.30770607992203e-09	57823725	1495	1849	1443	1801	1533	1516	1138	1249	1057	1021	957	847	1071	634	439	506	359	683	205	400	279	146
AAT->T	A->T	4217	1.49392071645488e-09	57823725	309	346	304	394	304	321	246	251	197	204	195	169	222	136	72	92	76	156	50	80	67	26
ACA->A	C->A	6361	2.87103518645847e-09	45385476	461	549	475	558	440	509	367	353	335	323	315	251	290	181	131	178	100	208	72	139	80	46
ACA->G	C->G	4930	2.22515382317878e-09	45385476	349	469	358	402	347	336	241	347	283	236	217	210	193	164	108	164	111	141	72	84	57	41
ACA->T	C->T	20134	9.08747405190296e-09	45385476	1469	1773	1368	1695	1460	1473	1093	1129	1023	945	1042	935	937	607	407	531	394	680	238	468	274	193
ACC->A	C->A	7245	5.87463566630376e-09	25263148	561	621	465	596	537	481	400	456	340	340	375	333	327	183	172	190	164	248	99	191	94	72
ACC->G	C->G	2746	2.22660449132783e-09	25263148	206	255	180	175	187	166	167	196	146	153	129	110	114	79	63	79	56	79	53	80	38	35
ACC->T	C->T	15556	1.26136414665316e-08	25263148	1277	1332	963	1216	1055	1077	869	886	828	786	779	631	680	474	337	473	366	512	246	389	198	182
ACG->A	C->A	1348	5.40394057885774e-09	5109864	110	108	69	106	85	78	88	79	65	85	70	59	69	39	28	46	36	50	23	25	14	16
ACG->G	C->G	954	3.82445052836075e-09	5109864	69	96	61	80	61	67	57	46	56	42	42	41	40	26	26	33	20	27	20	20	14	10
ACG->T	C->T	30173	1.20959272318898e-07	5109864	2357	2651	1885	2273	2006	2056	1672	1731	1420	1650	1410	1339	1330	917	649	975	733	997	520	808	399	395
ACT->A	C->A	3691	2.11863898880588e-09	35687580	289	324	240	322	268	277	197	234	191	184	209	162	159	101	69	100	67	120	37	66	50	25
ACT->G	C->G	5079	2.91535286484558e-09	35687580	366	421	342	403	352	331	291	335	303	248	254	219	242	162	101	172	91	164	66	117	58	41
ACT->T	C->T	15086	8.65938439044309e-09	35687580	1176	1306	1052	1272	1088	1039	836	904	767	733	693	669	697	484	312	388	340	485	195	356	192	102
TCT->T	C->T	16065	6.58928182960434e-09	49942774	1258	1419	1097	1365	1191	1157	864	955	748	787	819	713	787	509	301	417	326	480	203	332	221	116
TCT->G	C->G	7889	3.23578240608457e-09	49942774	573	703	512	617	546	513	449	493	507	355	371	375	306	245	201	267	135	220	116	198	98	89
TCT->A	C->A	6529	2.67795960569479e-09	49942774	494	571	439	609	504	489	359	387	318	311	301	298	346	185	123	158	109	222	59	114	89	44
GCT->T	C->T	13076	8.85093224485535e-09	30263274	1024	1100	872	1071	904	992	726	758	646	662	657	620	556	372	254	376	317	389	180	295	169	136
GCT->G	C->G	2989	2.02320560415055e-09	30263274	205	261	199	218	191	196	160	178	178	162	149	120	125	84	91	110	67	93	56	80	31	35
GCT->A	C->A	3062	2.07261811974205e-09	30263274	249	259	197	242	193	219	175	192	184	156	155	115	147	84	71	81	60	90	54	63	43	33
CCT->T	C->T	16214	8.65399113281622e-09	38379891	1313	1357	1044	1322	1147	1142	842	896	794	800	823	685	720	488	387	486	384	507	286	413	212	166
CCT->G	C->G	4497	2.40020957963948e-09	38379891	320	419	269	326	272	320	226	295	261	262	224	197	180	143	116	144	123	124	68	109	44	55
CCT->A	C->A	3259	1.73944474539584e-09	38379891	252	264	206	269	236	217	162	194	180	167	160	141	146	84	67	101	79	110	47	90	54	33
TAT->T	A->T	3985	1.69388756285479e-09	48191868	279	348	281	406	281	291	226	247	213	181	183	185	229	101	75	81	66	133	22	74	62	21
TAT->G	A->G	25120	1.06776551013582e-08	48191868	1818	2287	1850	2335	1966	1791	1442	1426	1277	1126	1174	1149	1350	694	473	535	417	880	213	455	322	140
TAT->C	A->C	2537	1.07839215733064e-09	48191868	204	226	179	221	200	183	145	144	139	117	110	112	123	75	54	49	41	99	19	48	36	13
GAT->T	A->T	4584	3.11072817850595e-09	30186486	347	401	305	387	344	330	260	308	243	206	215	188	238	136	85	114	75	156	54	96	54	42
GAT->G	A->G	7608	5.16283158422192e-09	30186486	597	665	490	627	557	538	428	447	376	369	375	349	377	236	141	198	141	272	98	162	85	80
GAT->C	A->C	1532	1.03962381532965e-09	30186486	125	146	120	137	116	127	90	72	66	71	75	65	67	43	30	33	29	38	20	37	17	8
CAT->T	A->T	4846	2.37622270493462e-09	41775945	375	445	313	425	349	318	263	278	231	257	256	225	233	145	73	124	84	177	50	118	70	37
CAT->G	A->G	22997	1.12765153828687e-08	41775945	1788	1985	1611	1913	1736	1661	1306	1292	1182	1069	1109	1033	1096	700	460	582	481	740	247	515	326	165
CAT->C	A->C	3810	1.86822296859284e-09	41775945	300	353	250	324	289	271	226	234	187	181	182	172	180	102	73	109	57	116	36	80	58	30
CAA->C	A->C	3913	1.86086098576013e-09	43075064	342	333	261	302	290	275	212	250	205	209	195	167	205	118	87	96	68	109	44	71	45	29
CAA->G	A->G	8096	3.85012280621365e-09	43075064	652	710	587	689	622	573	437	438	371	365	377	334	404	227	170	235	158	271	100	186	118	72
CAA->T	A->T	1948	9.26388244380458e-10	43075064	134	188	151	182	159	131	98	107	111	73	117	79	90	51	41	41	32	78	18	35	18	14
CAC->C	A->C	2831	1.77054743920994e-09	32753847	223	239	181	254	183	169	171	170	130	138	137	97	131	86	71	106	73	79	61	77	32	23
CAC->G	A->G	8090	5.05960041794717e-09	32753847	621	705	516	635	539	579	480	431	372	436	401	349	377	239	190	236	166	266	129	213	127	83
CAC->T	A->T	2169	1.3565232764558e-09	32753847	163	188	140	165	148	179	129	131	119	103	105	100	87	50	52	61	55	58	33	47	37	19
CAG->C	A->C	3465	1.62413253487762e-09	43703054	279	319	172	244	238	226	192	202	178	189	154	179	160	114	84	101	76	123	52	82	55	46
CAG->G	A->G	11293	5.29331276085801e-09	43703054	939	972	684	823	790	748	656	618	570	621	530	483	514	339	250	323	292	391	194	286	143	127
CAG->T	A->T	2470	1.15775104217828e-09	43703054	194	198	149	185	176	167	128	161	119	139	123	139	125	59	45	73	58	54	49	55	43	31
CCA->A	C->A	4211	2.14098089879279e-09	40290482	319	365	286	320	318	307	227	249	222	232	199	179	181	123	89	113	87	133	60	102	58	42
CCA->G	C->G	3374	1.71542853301517e-09	40290482	271	326	202	247	249	247	176	186	175	176	161	133	146	104	80	93	88	96	64	84	35	35
CCA->T	C->T	12865	6.54089747398938e-09	40290482	1053	1135	792	1005	862	878	665	755	640	624	645	555	539	389	294	417	341	421	208	342	163	142
CCC->A	C->A	3883	2.8804350157665e-09	27614636	313	333	241	274	254	273	200	235	198	202	213	177	159	133	90	136	84	120	70	75	60	43
CCC->G	C->G	3996	2.96425916121631e-09	27614636	321	359	253	264	252	259	206	236	243	209	154	169	156	139	82	151	111	122	87	123	46	54
CCC->T	C->T	13265	9.84006450789148e-09	27614636	1066	1175	837	997	895	840	671	739	616	731	671	550	567	421	289	455	373	372	220	407	152	221
CCG->A	C->A	1060	4.2255093377267e-09	5138742	89	96	71	70	66	63	64	53	44	66	54	32	45	25	29	45	28	41	20	32	8	19
CCG->G	C->G	1089	4.3411128950796e-09	5138742	95	89	58	57	70	63	68	54	51	66	40	61	43	31	23	45	39	36	34	34	16	16
CCG->T	C->T	25813	1.02899125032773e-07	5138742	2256	2263	1471	1672	1592	1657	1444	1362	1220	1416	1275	1118	956	776	610	932	836	755	645	751	353	453
TCG->T	C->T	18963	8.74426693906999e-08	4442359	1488	1598	1150	1441	1196	1211	1097	1046	915	1006	932	864	834	594	427	596	508	607	396	560	269	228
TCG->G	C->G	994	4.58355815927626e-09	4442359	83	75	82	69	60	46	50	57	59	60	50	35	35	33	18	36	23	39	19	33	16	16
TCG->A	C->A	912	4.20543766726353e-09	4442359	84	77	49	78	57	56	41	46	44	51	43	46	50	27	23	35	18	27	16	18	13	13
GCG->T	C->T	21480	1.0085579988246e-07	4362781	1756	1822	1214	1411	1376	1413	1232	1192	1032	1136	1016	999	856	635	499	793	667	631	519	620	297	364
GCG->G	C->G	643	3.01910052720771e-09	4362781	54	64	47	34	45	47	33	29	32	42	30	22	19	18	19	22	17	16	14	11	12	16
GCG->A	C->A	1613	7.57357566156459e-09	4362781	138	147	102	107	83	106	101	90	78	88	74	69	68	48	30	53	36	50	42	48	26	29
TAG->T	A->T	1418	9.99624194977443e-10	29058252	97	150	114	136	101	106	50	82	77	50	68	75	57	46	28	39	28	46	11	17	28	12
TAG->G	A->G	7409	5.22300117107749e-09	29058252	621	660	583	591	536	526	394	413	355	345	361	336	387	224	151	197	123	238	84	142	93	49
TAG->C	A->C	1492	1.05179076086484e-09	29058252	110	138	109	136	111	94	78	78	75	67	72	65	68	45	29	38	30	46	24	37	28	14
GAG->T	A->T	2079	1.15975718267931e-09	36721248	139	182	130	165	142	145	115	132	115	107	108	71	98	63	44	65	45	54	32	62	41	24
GAG->G	A->G	5380	3.00119944339331e-09	36721248	465	488	346	409	340	372	287	290	293	281	224	255	226	156	129	161	141	164	91	130	68	64
GAG->C	A->C	2103	1.17314543298441e-09	36721248	168	165	133	171	147	134	125	120	122	96	99	112	81	68	51	61	61	56	26	54	24	29
GAA->C	A->C	2475	1.13554076933244e-09	44648049	192	223	168	206	191	182	155	143	146	111	104	116	125	74	45	65	44	83	16	44	23	19
GAA->G	A->G	6288	2.88496176063127e-09	44648049	498	552	450	550	477	447	333	353	283	318	296	317	269	218	121	147	136	171	63	138	99	52
GAA->T	A->T	2069	9.49266202726798e-10	44648049	158	185	149	209	162	158	98	107	97	103	114	92	99	56	31	48	35	63	21	41	26	17
GAC->C	A->C	973	9.62891970800825e-10	20699759	78	92	73	80	63	65	52	65	50	45	44	46	36	24	22	23	21	23	18	24	12	17
GAC->G	A->G	4310	4.26522548217015e-09	20699759	349	391	289	371	303	291	230	240	186	222	234	189	173	127	77	133	92	146	67	95	57	48
GAC->T	A->T	1976	1.95547228602511e-09	20699759	143	205	127	161	126	122	114	121	97	87	100	92	92	53	40	57	39	72	33	54	22	19
GCA->A	C->A	5277	3.42495994080875e-09	31561789	420	481	371	441	382	345	288	345	235	306	260	216	216	140	105	134	85	171	74	138	76	48
GCA->G	C->G	2304	1.4953776205464e-09	31561789	175	217	125	174	151	156	133	134	139	118	127	81	103	71	53	65	48	86	27	52	39	30
GCA->T	C->T	11199	7.26854773111941e-09	31561789	882	1005	707	922	732	757	642	673	557	594	560	459	489	346	244	308	265	318	162	276	157	144
GCC->A	C->A	4676	3.87069210957338e-09	24746620	370	432	290	336	292	312	263	249	225	253	237	218	192	145	105	153	114	154	83	126	66	61
GCC->G	C->G	2621	2.16960736081947e-09	24746620	216	270	144	175	160	171	158	147	141	127	124	107	92	96	70	86	68	68	46	79	39	37
GCC->T	C->T	12275	1.01609806768634e-08	24746620	1031	1016	784	868	814	857	643	741	592	655	647	561	489	366	289	383	303	376	238	328	149	145
TCC->T	C->T	19824	1.20146551536968e-08	33799478	1518	1736	1300	1529	1398	1410	1110	1078	950	1054	995	960	870	612	415	576	432	612	278	487	270	234
TCC->G	C->G	3839	2.32668791036329e-09	33799478	277	370	234	297	276	257	218	253	194	205	192	140	159	128	86	132	86	101	62	94	43	35
TCC->A	C->A	4322	2.61941785584531e-09	33799478	351	374	296	341	300	302	243	262	234	208	197	172	195	116	85	132	112	151	55	97	56	43
TAC->T	A->T	1427	1.15588790456368e-09	25289385	105	109	102	135	97	109	87	93	71	71	96	54	81	40	22	31	29	37	12	23	16	7
TAC->G	A->G	7841	6.35130838099774e-09	25289385	622	680	525	699	572	577	439	438	389	355	417	331	393	217	159	198	158	272	80	161	99	60
TAC->C	A->C	1123	9.0964409027681e-10	25289385	83	117	87	105	79	75	56	49	70	55	59	49	46	23	22	33	21	36	15	24	15	4
TAA->C	A->C	2862	1.23183403877218e-09	47593478	220	244	193	272	222	224	154	155	166	135	133	113	142	90	59	63	51	104	29	40	34	19
TAA->G	A->G	9735	4.19004345473345e-09	47593478	754	860	729	851	735	763	553	546	465	470	426	401	517	271	201	224	178	325	82	190	139	55
TAA->T	A->T	3792	1.6321155398407e-09	47593478	291	351	257	337	292	269	222	198	200	194	157	184	192	99	70	100	64	118	51	85	42	19
TCA->A	C->A	4208	1.9559200383436e-09	44071177	331	378	320	394	306	292	207	225	215	200	226	187	184	126	68	115	74	144	40	84	61	31
TCA->G	C->G	4274	1.98659749141647e-09	44071177	288	407	308	348	268	297	268	276	235	197	210	173	204	123	95	134	81	135	57	80	52	38
TCA->T	C->T	13176	6.12433517709487e-09	44071177	1053	1139	911	1093	969	928	735	748	669	662	653	617	630	362	264	351	271	420	160	285	152	104
