Context	X1mer	Count	Rate	context_in_genome	chr1	chr2	chr3	chr4	chr5	chr6	chr7	chr8	chr9	chr10	chr11	chr12	chr13	chr14	chr15	chr16	chr17	chr18	chr19	chr20	chr21	chr22
AAA->C	A->C	8205	1.63775399253769e-09	87271167	366	399	470	463	663	406	584	527	547	484	458	454	538	350	231	238	190	327	141	169	131	69
AAA->G	A->G	14210	2.83637833442542e-09	87271167	646	684	771	721	1080	748	1036	964	871	846	851	777	930	517	373	480	357	595	242	358	232	131
AAA->T	A->T	4947	9.87442900802433e-10	87271167	220	256	290	278	393	251	376	343	284	301	299	267	327	179	126	161	107	184	78	101	85	41
AAC->C	A->C	2654	1.41372040014492e-09	32702297	122	155	144	128	207	132	163	190	181	163	135	144	178	96	70	89	61	101	45	79	43	28
AAC->G	A->G	10558	5.62398642981539e-09	32702297	493	518	573	570	796	567	718	798	625	640	586	616	673	400	282	338	264	394	159	287	174	87
AAC->T	A->T	3200	1.70456114561558e-09	32702297	161	159	150	198	257	181	193	232	205	188	212	162	181	123	77	90	61	135	49	102	48	36
AAG->C	A->C	3811	1.48215747670692e-09	44790454	178	203	202	203	291	193	277	264	249	235	207	189	242	146	108	129	98	146	52	106	61	32
AAG->G	A->G	9945	3.86776596847293e-09	44790454	469	510	508	543	729	503	674	755	630	622	603	518	592	375	272	308	268	409	135	266	161	95
AAG->T	A->T	2452	9.53621131693878e-10	44790454	122	121	148	147	164	140	166	177	151	143	144	127	139	108	55	83	51	110	48	52	37	19
AAT->C	A->C	3920	1.18092105666422e-09	57823725	203	185	190	215	296	223	262	250	269	233	218	193	278	163	104	121	91	188	46	84	76	32
AAT->G	A->G	25590	7.70912495919324e-09	57823725	1157	1331	1451	1403	1890	1280	1804	1780	1698	1545	1448	1374	1656	988	671	865	596	1014	337	650	447	205
AAT->T	A->T	5397	1.62587524051449e-09	57823725	229	249	301	322	454	269	378	379	323	348	290	290	363	228	123	171	112	221	73	137	103	34
ACA->A	C->A	7648	2.93543081853341e-09	45385476	393	353	460	433	503	453	546	512	497	452	468	401	501	259	178	261	158	310	110	182	146	72
ACA->G	C->G	5820	2.23381372435466e-09	45385476	273	305	329	326	444	314	405	423	407	368	350	277	311	217	157	225	124	199	105	122	85	54
ACA->T	C->T	22861	8.77443566193674e-09	45385476	1132	1193	1167	1166	1612	1182	1657	1574	1461	1425	1293	1270	1420	882	569	733	546	969	362	648	352	248
ACC->A	C->A	9624	6.6360402710712e-09	25263148	462	465	494	491	628	497	636	722	548	614	599	517	585	381	269	334	261	360	169	313	150	129
ACC->G	C->G	3547	2.44576421877489e-09	25263148	185	188	154	165	254	184	258	253	232	223	210	172	188	110	98	154	85	147	65	106	55	61
ACC->T	C->T	13627	9.39623033810134e-09	25263148	727	685	653	698	886	670	922	931	791	892	847	752	791	533	373	480	389	535	279	420	203	170
ACG->A	C->A	1694	5.77490613232050e-09	5109864	71	79	77	85	104	80	140	122	100	120	86	105	86	63	39	68	37	78	39	56	31	28
ACG->G	C->G	1046	3.56585113011053e-09	5109864	48	41	57	46	69	53	61	77	56	73	58	55	62	46	25	49	27	41	33	33	17	19
ACG->T	C->T	37084	1.26420672379559e-07	5109864	1932	1943	1763	1746	2312	1763	2570	2490	2100	2453	2170	2004	2054	1382	1047	1376	1130	1512	816	1220	668	633
ACT->A	C->A	4546	2.21897902537266e-09	35687580	238	223	275	266	324	208	326	330	269	249	270	261	287	166	116	152	88	188	59	136	81	34
ACT->G	C->G	6040	2.94822554185017e-09	35687580	264	313	315	304	415	297	452	471	445	367	355	307	357	231	174	224	140	234	86	151	90	48
ACT->T	C->T	16034	7.82646495662676e-09	35687580	752	733	857	839	1172	897	1115	1114	978	972	945	899	1005	635	390	478	429	646	266	483	258	171
TCT->T	C->T	15385	5.36618578533983e-09	49942774	788	736	825	850	1079	849	1029	1076	935	959	874	841	884	589	386	533	408	618	259	454	257	156
TCT->G	C->G	9641	3.3627167472513e-09	49942774	402	540	515	519	727	434	697	775	745	521	558	460	545	397	264	390	213	315	131	242	139	112
TCT->A	C->A	8106	2.82731894546407e-09	49942774	390	401	477	508	617	416	563	526	506	476	509	430	556	290	176	234	166	364	101	192	140	68
GCT->T	C->T	15652	9.00937769957436e-09	30263274	805	773	744	844	1131	799	1028	1107	988	928	944	847	874	571	399	571	401	667	284	490	261	196
GCT->G	C->G	3779	2.17521328435289e-09	30263274	206	201	172	177	245	179	269	311	271	235	216	176	178	141	102	166	102	128	80	117	49	58
GCT->A	C->A	3621	2.08426761117805e-09	30263274	177	189	192	222	219	172	239	279	242	248	202	189	203	115	97	124	92	150	75	107	42	46
CCT->T	C->T	19608	8.89959874556194e-09	38379891	1079	995	932	1065	1298	1029	1272	1338	1084	1230	1218	1074	1039	758	514	722	563	790	414	605	313	276
CCT->G	C->G	5764	2.61614071651464e-09	38379891	267	308	282	272	342	288	429	451	412	333	353	282	279	216	184	276	156	197	107	175	72	83
CCT->A	C->A	4116	1.86815322504758e-09	38379891	229	221	203	248	281	195	265	267	255	285	275	219	214	161	104	177	96	151	57	108	52	53
TAT->T	A->T	5065	1.83082381896498e-09	48191868	244	239	334	311	383	257	353	347	312	282	266	285	331	207	120	152	90	237	62	112	97	44
TAT->G	A->G	29533	1.06751668006896e-08	48191868	1353	1453	1691	1704	2301	1542	2095	2056	1976	1662	1746	1536	2035	1162	715	832	634	1245	336	709	540	210
TAT->C	A->C	3047	1.10138601705554e-09	48191868	146	166	157	186	245	166	197	222	176	163	183	139	208	120	74	85	70	151	38	69	59	27
GAT->T	A->T	6258	3.61130246080811e-09	30186486	288	284	347	372	502	345	439	396	379	379	398	333	381	254	141	194	141	250	88	187	97	63
GAT->G	A->G	9321	5.37886708807805e-09	30186486	430	437	488	555	693	476	664	650	608	556	593	509	532	350	230	309	191	372	169	256	169	84
GAT->C	A->C	1874	1.08142870111128e-09	30186486	87	101	104	91	127	95	107	128	111	131	111	114	117	77	47	67	45	70	30	50	42	22
CAT->T	A->T	6258	2.60945697757285e-09	41775945	296	301	334	343	472	342	414	486	383	375	375	345	367	227	133	254	130	242	96	174	110	59
CAT->G	A->G	27430	1.14377444702498e-08	41775945	1392	1368	1413	1429	1901	1396	1810	1979	1709	1680	1631	1468	1795	1091	723	905	643	1176	419	778	431	293
CAT->C	A->C	4924	2.05320648091542e-09	41775945	224	241	267	245	365	237	358	332	320	308	286	262	313	198	129	174	119	201	61	145	70	69
CAA->C	A->C	4776	1.93143123992995e-09	43075064	215	244	272	267	357	242	316	311	340	300	291	267	309	152	108	163	120	178	80	127	72	45
CAA->G	A->G	9553	3.86326688338585e-09	43075064	480	443	502	500	744	522	633	635	626	614	515	530	595	362	260	324	249	358	147	273	139	102
CAA->T	A->T	2401	9.70972865802305e-10	43075064	105	123	130	152	213	134	139	175	156	118	147	128	146	76	60	78	64	103	36	55	45	18
CAC->C	A->C	3496	1.85930215574829e-09	32753847	205	208	166	163	218	154	245	245	219	221	190	198	185	110	114	127	99	126	72	122	59	50
CAC->G	A->G	9736	5.17796504243859e-09	32753847	508	472	474	507	603	441	676	672	617	608	564	544	540	386	269	334	307	387	201	344	140	142
CAC->T	A->T	3007	1.599233862224e-09	32753847	156	154	139	177	192	149	204	227	168	194	187	171	157	113	93	120	75	112	55	85	43	36
CAG->C	A->C	4130	1.64618685589555e-09	43703054	214	211	206	184	246	214	292	280	260	276	250	219	242	171	107	163	110	132	89	152	62	50
CAG->G	A->G	13242	5.27816134280118e-09	43703054	726	680	651	622	835	673	904	881	818	783	782	736	750	511	365	500	366	504	300	479	179	197
CAG->T	A->T	2945	1.17385479191583e-09	43703054	150	154	131	150	214	136	209	203	165	173	165	158	172	132	84	103	84	122	62	88	45	45
CCA->A	C->A	5204	2.24996462424406e-09	40290482	286	241	277	298	351	264	344	351	301	316	306	306	312	196	129	187	137	191	98	150	96	67
CCA->G	C->G	4157	1.79729111125722e-09	40290482	219	223	214	183	239	206	270	274	283	291	249	205	217	163	124	158	138	170	92	117	60	62
CCA->T	C->T	15647	6.76502622512429e-09	40290482	810	823	767	749	991	793	1055	1050	1012	1020	924	858	856	593	412	601	439	573	310	542	236	233
CCC->A	C->A	4980	3.14145530127724e-09	27614636	256	259	227	269	320	232	332	341	302	320	316	247	260	176	139	203	129	201	138	152	70	91
CCC->G	C->G	5126	3.23355419163598e-09	27614636	279	257	230	230	337	218	364	337	329	353	303	267	239	209	174	232	164	177	107	155	81	84
CCC->T	C->T	13752	8.67495849461138e-09	27614636	777	701	627	652	838	690	923	915	814	877	872	734	625	527	413	560	418	505	353	463	218	250
CCG->A	C->A	1340	4.54243633970254e-09	5138742	87	58	44	64	80	57	97	76	87	92	68	74	75	50	36	55	59	42	53	44	24	18
CCG->G	C->G	1367	4.63396304206969e-09	5138742	88	64	59	52	68	62	86	85	79	99	78	62	58	47	43	87	51	47	59	46	20	27
CCG->T	C->T	31332	1.06211653280269e-07	5138742	1793	1542	1289	1310	1659	1388	2257	1957	1844	2161	1814	1639	1500	1219	894	1400	1161	1127	950	1225	531	672
TCG->T	C->T	22697	8.90011606615757e-08	4442359	1245	1126	1028	965	1350	1124	1565	1531	1303	1633	1299	1234	1247	867	625	917	748	901	530	723	369	367
TCG->G	C->G	1211	4.7486630638925e-09	4442359	65	55	40	57	96	65	94	64	76	72	71	63	62	43	39	52	40	42	36	37	25	17
TCG->A	C->A	1245	4.88198638690848e-09	4442359	53	68	56	61	83	52	84	89	65	85	74	78	65	40	30	64	43	43	36	41	25	10
GCG->T	C->T	26038	1.03964501245519e-07	4362781	1456	1287	1146	1142	1427	1160	1762	1756	1509	1757	1532	1442	1188	1010	765	1020	980	1007	753	948	450	541
GCG->G	C->G	814	3.25013841362058e-09	4362781	39	39	38	40	36	51	50	56	38	57	36	42	38	34	22	39	31	35	29	31	18	15
GCG->A	C->A	1929	7.70210933645467e-09	4362781	93	105	73	111	121	81	134	122	137	145	97	90	100	71	56	79	57	66	55	73	34	29
TAG->T	A->T	1695	1.01611083339376e-09	29058252	70	93	95	91	146	95	117	108	107	112	101	90	116	55	50	48	32	56	21	40	34	18
TAG->G	A->G	8422	5.04878196981842e-09	29058252	419	404	468	474	662	433	589	557	511	500	506	448	519	322	233	261	230	338	113	221	144	70
TAG->C	A->C	1775	1.06406886682827e-09	29058252	76	93	118	98	136	87	122	124	124	109	107	89	131	58	39	50	36	64	25	39	31	19
GAG->T	A->T	2478	1.17550568636382e-09	36721248	140	114	112	144	170	128	168	173	145	150	143	136	130	90	54	93	67	116	56	82	41	26
GAG->G	A->G	6398	3.03506270434048e-09	36721248	318	316	326	303	410	299	434	488	412	395	367	337	392	237	180	235	164	252	132	198	111	92
GAG->C	A->C	2510	1.19068574365343e-09	36721248	138	124	118	112	138	119	184	173	163	163	153	133	129	112	82	95	69	102	53	73	46	31
GAA->C	A->C	2950	1.15096043498041e-09	44648049	152	140	154	150	230	168	201	203	194	184	181	142	181	117	86	79	68	117	39	95	45	24
GAA->G	A->G	7786	3.03775523618898e-09	44648049	364	355	412	413	578	452	569	525	492	489	488	412	474	319	218	222	167	342	113	197	119	66
GAA->T	A->T	2654	1.03547423540272e-09	44648049	144	135	133	161	203	142	205	200	172	149	155	151	160	97	48	85	47	109	39	68	35	16
GAC->C	A->C	1215	1.02247301192727e-09	20699759	55	59	64	59	82	59	55	82	86	86	67	71	83	39	39	48	31	47	28	39	19	17
GAC->G	A->G	5389	4.53506754014492e-09	20699759	289	285	273	289	347	274	330	355	347	349	315	315	306	225	140	173	131	194	103	172	106	71
GAC->T	A->T	2729	2.29656695436175e-09	20699759	135	134	121	161	189	125	198	200	182	170	160	133	154	112	68	95	75	117	46	82	39	33
GCA->A	C->A	6331	3.49423062937211e-09	31561789	294	283	345	372	454	344	444	463	367	404	393	351	387	222	163	202	160	251	84	186	100	62
GCA->G	C->G	2886	1.59285256616141e-09	31561789	118	162	149	120	197	138	242	211	191	179	170	144	145	117	90	108	66	105	59	88	48	39
GCA->T	C->T	13015	7.18329041877713e-09	31561789	663	658	613	709	862	632	900	954	810	847	756	645	757	475	363	472	353	498	256	423	199	170
GCC->A	C->A	5954	4.19115580290498e-09	24746620	346	292	256	320	356	298	383	404	373	409	375	320	308	230	157	237	190	225	117	195	90	73
GCC->G	C->G	3182	2.23988205657435e-09	24746620	181	173	145	132	202	159	197	215	206	221	171	172	173	131	84	135	97	116	57	99	56	60
GCC->T	C->T	13942	9.81409039370192e-09	24746620	747	679	593	743	817	686	989	983	809	895	885	701	724	483	403	571	403	551	341	493	222	224
TCC->T	C->T	14195	7.31587486890751e-09	33799478	759	692	709	719	887	745	963	1005	900	901	829	735	784	498	411	520	402	542	307	468	227	192
TCC->G	C->G	4761	2.45374288487979e-09	33799478	211	285	207	215	305	233	347	292	353	320	285	229	259	191	134	192	142	179	92	149	76	65
TCC->A	C->A	5303	2.73308097427380e-09	33799478	237	268	261	264	373	258	344	396	335	335	328	281	294	202	146	206	132	207	96	187	80	73
TAC->T	A->T	1864	1.28395116245307e-09	25289385	91	86	116	118	135	107	131	128	114	105	98	91	121	69	51	45	48	76	29	50	40	15
TAC->G	A->G	9571	6.5926483775957e-09	25289385	452	478	553	545	737	511	652	649	562	625	507	544	622	359	248	273	223	421	124	242	160	84
TAC->C	A->C	1568	1.08006192206353e-09	25289385	73	98	95	85	111	75	94	106	123	108	94	82	100	59	46	46	26	60	28	24	20	15
TAA->C	A->C	3568	1.30592509534642e-09	47593478	159	176	202	186	312	192	255	247	216	229	209	160	252	146	79	113	58	170	44	75	64	24
TAA->G	A->G	11303	4.13701551364926e-09	47593478	536	558	647	629	834	620	801	779	687	651	621	583	807	447	297	339	250	501	127	284	222	83
TAA->T	A->T	4590	1.67998772075114e-09	47593478	216	217	255	255	343	253	315	284	290	263	261	252	328	172	126	154	126	191	63	101	96	29
TCA->A	C->A	5066	2.00240260255764e-09	44071177	253	243	283	301	370	260	316	365	340	285	322	279	324	199	135	136	129	211	66	121	95	33
TCA->G	C->G	5088	2.01109838961967e-09	44071177	214	266	289	254	404	230	339	380	341	277	278	295	343	181	125	219	122	179	88	124	77	63
TCA->T	C->T	14111	5.57755687419874e-09	44071177	736	717	719	745	1014	725	990	1000	889	900	823	688	855	564	346	478	350	559	244	408	213	148
