Context	X1mer	Count	Rate	context_in_genome	chr1	chr2	chr3	chr4	chr5	chr6	chr7	chr8	chr9	chr10	chr11	chr12	chr13	chr14	chr15	chr16	chr17	chr18	chr19	chr20	chr21	chr22
AAA->C	A->C	48481	1.67095756247287e-09	87271167	3599	4187	3404	4309	3807	3423	2770	2768	2448	2324	2335	2173	2324	1423	952	1214	893	1555	638	917	658	360
AAA->G	A->G	83385	2.87396704578702e-09	87271167	6284	7457	5647	7160	6354	5940	4770	4668	4006	4009	4144	3718	4023	2567	1743	1981	1703	2726	1023	1680	1152	630
AAA->T	A->T	29637	1.02147582102285e-09	87271167	2247	2562	2007	2819	2264	2034	1731	1720	1430	1425	1484	1323	1459	851	568	712	537	911	400	536	398	219
AAC->C	A->C	16284	1.49777807730538e-09	32702297	1225	1457	1084	1378	1156	1156	940	876	800	811	817	708	758	512	359	436	328	502	223	357	247	154
AAC->G	A->G	61576	5.66366880914739e-09	32702297	4865	5279	4042	5459	4610	4408	3468	3464	2904	2950	2991	2770	3047	1856	1227	1431	1183	2067	704	1430	920	501
AAC->T	A->T	16597	1.52656735132875e-09	32702297	1227	1450	1147	1556	1270	1184	930	958	766	818	820	756	785	509	297	424	308	537	178	335	223	119
AAG->C	A->C	21264	1.4279866043769e-09	44790454	1592	1914	1428	1946	1655	1531	1166	1221	996	1004	1053	929	931	627	450	557	405	669	245	456	297	192
AAG->G	A->G	60141	4.03877644722683e-09	44790454	4787	5318	4079	5165	4556	4113	3275	3354	2899	2942	2948	2616	2823	1823	1279	1553	1240	1905	793	1332	822	519
AAG->T	A->T	14724	9.88792078764367e-10	44790454	1149	1278	998	1337	1084	1044	804	846	662	744	774	687	708	450	280	356	262	477	161	280	233	110
AAT->C	A->C	24776	1.28881256428312e-09	57823725	1904	2196	1667	2365	1850	1740	1402	1432	1214	1166	1201	1090	1289	707	456	506	441	809	271	504	370	196
AAT->G	A->G	148357	7.7173218275489e-09	57823725	11044	13257	10326	13095	11595	10442	8412	8412	7449	6937	7295	6541	7300	4490	2995	3488	2629	4927	1490	3133	2014	1086
AAT->T	A->T	29946	1.55774867008486e-09	57823725	2193	2613	2145	2862	2431	2066	1711	1810	1338	1359	1425	1342	1524	862	563	690	495	980	315	597	441	184
ACA->A	C->A	43106	2.85683701540382e-09	45385476	3213	3741	2911	3994	3261	3007	2475	2515	2059	2040	2279	1866	2087	1292	803	1077	748	1360	523	899	622	334
ACA->G	C->G	35909	2.37985803336277e-09	45385476	2532	3173	2423	2896	2624	2402	2061	2286	1993	1711	1767	1543	1607	1069	809	1163	675	1105	490	764	500	316
ACA->T	C->T	143379	9.50239953676018e-09	45385476	10950	12581	9575	12379	10818	9873	8134	8120	6776	7023	7112	6441	6861	4309	3020	3617	2826	4687	1787	3222	1964	1304
ACC->A	C->A	47720	5.68169089795976e-09	25263148	3696	4108	3129	3964	3500	3383	2629	2798	2217	2355	2476	2156	2059	1403	1006	1324	974	1501	794	1130	628	490
ACC->G	C->G	20780	2.47413111608558e-09	25263148	1523	1822	1287	1579	1442	1359	1215	1328	1216	1003	1063	885	799	596	494	774	459	573	354	498	269	242
ACC->T	C->T	84133	1.00171353796741e-08	25263148	6892	7151	5419	6668	5920	5785	4625	4766	3868	4434	4079	3719	3702	2690	1842	2396	1990	2566	1333	2238	1086	964
ACG->A	C->A	10871	6.39918681038166e-09	5109864	841	890	620	887	667	720	645	668	480	574	533	470	513	330	225	372	272	351	208	309	163	133
ACG->G	C->G	7702	4.5337629301407e-09	5109864	646	626	444	588	455	520	432	432	409	394	404	334	348	254	183	268	171	250	161	182	101	100
ACG->T	C->T	207919	1.22390996451821e-07	5109864	16484	18345	12613	16095	14326	13879	11902	11501	9416	11187	9979	9387	9117	6323	4342	6010	5086	7009	3584	5680	2911	2743
ACT->A	C->A	26285	2.21541716642295e-09	35687580	1931	2328	1805	2440	2016	1718	1513	1514	1310	1218	1375	1154	1179	766	574	695	456	845	299	577	355	217
ACT->G	C->G	35873	3.02353661826481e-09	35687580	2509	3194	2343	2950	2704	2344	2167	2317	2195	1693	1715	1534	1538	1063	835	1182	656	1022	452	674	467	319
ACT->T	C->T	99236	8.36405318345626e-09	35687580	7937	8629	6744	8743	7325	6799	5449	5589	4633	4774	5009	4448	4868	3058	1984	2396	1935	3260	1266	2221	1382	787
TCT->T	C->T	89744	5.40502112971519e-09	49942774	7237	7638	5924	7710	6740	6378	4944	5004	4207	4556	4506	4031	4205	2612	1784	2346	1813	2881	1150	2080	1206	792
TCT->G	C->G	56312	3.39150862293325e-09	49942774	4096	5066	3706	4389	4023	3679	3188	3702	3519	2693	2801	2340	2287	1687	1314	1915	1069	1598	739	1258	729	514
TCT->A	C->A	45296	2.72804685652054e-09	49942774	3368	3867	3171	4176	3498	3241	2513	2597	2104	2176	2310	1999	2271	1384	850	1048	796	1459	498	965	649	356
GCT->T	C->T	86323	8.57976217149662e-09	30263274	7024	7325	5560	7123	6188	5952	4668	4871	3941	4403	4429	3972	3885	2574	1715	2336	1938	2759	1209	2257	1232	962
GCT->G	C->G	22487	2.23501398179447e-09	30263274	1662	1957	1414	1626	1524	1431	1303	1489	1360	1128	1076	933	902	630	556	887	520	648	360	543	282	256
GCT->A	C->A	21825	2.16921688765351e-09	30263274	1643	1887	1459	1800	1600	1524	1214	1306	981	1081	1137	954	958	654	451	616	469	683	310	555	310	233
CCT->T	C->T	112273	8.79905889863946e-09	38379891	9223	9658	7085	9129	7814	7557	6239	6401	5139	5815	5588	4993	4917	3313	2311	3203	2636	3486	1836	2919	1582	1429
CCT->G	C->G	32058	2.5124493882998e-09	38379891	2383	2799	2039	2283	2259	2034	1829	1996	1908	1568	1563	1367	1200	968	766	1336	736	920	560	766	356	422
CCT->A	C->A	23880	1.87152322018215e-09	38379891	1853	2004	1560	1987	1735	1576	1400	1381	1175	1194	1241	1047	1072	692	492	723	536	734	367	580	295	236
TAT->T	A->T	28768	1.79556257076107e-09	48191868	2128	2492	2026	2752	2352	2065	1685	1636	1365	1247	1418	1265	1545	874	507	607	494	959	267	528	403	153
TAT->G	A->G	169791	1.05975516008097e-08	48191868	12412	15304	12055	15924	13361	12122	9626	9433	8408	7690	8355	7362	8805	5284	3210	3775	2837	5518	1504	3285	2486	1035
TAT->C	A->C	19628	1.22508697646337e-09	48191868	1463	1715	1366	1850	1566	1388	1137	1135	944	889	954	860	1036	581	359	433	335	603	177	402	304	131
GAT->T	A->T	29450	2.93452202605182e-09	30186486	2185	2519	2076	2744	2268	2078	1682	1747	1347	1432	1498	1279	1378	894	518	706	523	964	328	631	430	223
GAT->G	A->G	54102	5.39095112575402e-09	30186486	4126	4706	3697	4745	4081	3708	3137	3063	2622	2541	2663	2501	2544	1606	1119	1439	982	1731	679	1220	740	452
GAT->C	A->C	11686	1.1644422545481e-09	30186486	965	1055	750	982	866	811	654	651	544	581	584	526	530	364	239	266	223	383	170	256	170	116
CAT->T	A->T	33840	2.43651284915806e-09	41775945	2550	2954	2264	2978	2549	2383	1925	1974	1596	1663	1717	1459	1657	983	676	890	598	1091	356	782	516	279
CAT->G	A->G	156660	1.1279672072964e-08	41775945	12078	13990	10413	13141	11713	10882	8756	8679	7631	7742	7698	6900	7601	4816	3234	4018	3085	5093	1950	3657	2180	1403
CAT->C	A->C	27489	1.97923468411661e-09	41775945	2000	2480	1812	2379	2042	1937	1554	1595	1360	1378	1367	1288	1228	826	578	701	487	909	321	622	379	246
CAA->C	A->C	27249	1.9027830404034e-09	43075064	2013	2491	1873	2285	2051	1893	1549	1540	1305	1337	1374	1217	1308	801	569	716	521	892	361	579	343	231
CAA->G	A->G	59073	4.12503587455502e-09	43075064	4731	5141	4011	5016	4278	4067	3270	3285	2855	2877	2920	2601	2860	1808	1228	1491	1211	1955	810	1409	732	517
CAA->T	A->T	13557	9.46678031441478e-10	43075064	1019	1160	922	1207	1018	933	822	744	663	642	692	577	642	419	266	346	288	434	149	305	205	104
CAC->C	A->C	19154	1.75898364504434e-09	32753847	1514	1618	1178	1477	1366	1226	1111	1161	917	997	930	868	828	553	414	665	404	606	348	464	274	235
CAC->G	A->G	60389	5.54574832100777e-09	32753847	4861	5217	3734	4568	4260	4023	3552	3228	2856	3143	2948	2757	2695	1807	1356	1735	1485	1951	1047	1574	839	753
CAC->T	A->T	15966	1.46621765045306e-09	32753847	1238	1471	1052	1292	1099	990	896	946	747	835	760	734	702	439	336	440	370	498	249	417	248	207
CAG->C	A->C	23075	1.58816111060354e-09	43703054	1795	2011	1517	1730	1645	1541	1377	1364	1114	1187	1187	963	1007	657	530	664	520	732	380	559	310	285
CAG->G	A->G	81263	5.59301132528605e-09	43703054	6561	7071	5217	5980	5673	5299	4558	4490	3870	4182	4039	3557	3547	2541	1807	2390	2076	2603	1470	2160	1132	1040
CAG->T	A->T	17652	1.21491743984285e-09	43703054	1324	1533	1080	1430	1230	1184	1000	1057	828	908	931	810	779	523	371	483	408	559	259	484	242	229
CCA->A	C->A	30387	2.26855857439232e-09	40290482	2474	2681	1949	2465	2124	2028	1785	1714	1492	1541	1576	1331	1282	942	618	868	616	963	451	720	427	340
CCA->G	C->G	22458	1.67661462018965e-09	40290482	1726	1924	1452	1702	1516	1454	1291	1403	1255	1137	1128	935	938	665	536	784	498	650	375	538	274	277
CCA->T	C->T	94236	7.03524157753102e-09	40290482	7607	8015	6024	7349	6626	6246	5289	5308	4468	4835	4672	4196	4172	2902	2116	2738	2266	2891	1584	2548	1243	1141
CCC->A	C->A	26786	2.91764988555538e-09	27614636	2123	2260	1672	2036	1860	1741	1474	1472	1356	1372	1354	1190	1013	856	662	881	646	827	480	730	358	423
CCC->G	C->G	26640	2.90174691821084e-09	27614636	2128	2411	1588	1805	1726	1637	1537	1545	1412	1414	1289	1163	1006	819	679	995	687	757	504	798	320	420
CCC->T	C->T	83649	9.1114199685217e-09	27614636	7067	7104	5084	6048	5734	5463	4625	4863	3910	4351	4231	3710	3371	2580	1899	2613	2102	2503	1558	2505	1099	1229
CCG->A	C->A	8974	5.25283653299231e-09	5138742	769	736	480	652	549	521	522	502	382	492	421	391	398	259	192	336	280	301	239	256	127	169
CCG->G	C->G	8164	4.7787115506295e-09	5138742	669	645	443	535	467	459	512	457	397	418	407	351	334	271	213	336	270	199	266	224	121	170
CCG->T	C->T	178545	1.04509438241933e-07	5138742	15175	15023	10124	11934	11223	11134	10497	9405	8281	9884	8723	8023	6901	5426	4191	5991	5523	5449	4456	5382	2540	3260
TCG->T	C->T	126725	8.58051356080402e-08	4442359	10372	10720	7602	9539	8547	8363	7403	6815	5821	6967	6147	5838	5350	3802	2825	3747	3444	3867	2583	3468	1716	1789
TCG->G	C->G	7589	5.13849022789045e-09	4442359	596	650	433	557	446	474	442	426	369	409	350	331	336	242	200	286	220	248	159	208	84	123
TCG->A	C->A	7217	4.88661009022076e-09	4442359	540	590	422	632	466	446	447	440	331	411	335	323	278	233	149	218	188	248	150	186	95	89
GCG->T	C->T	145894	1.00586258221252e-07	4362781	12234	12317	8475	10030	9407	9243	8620	7907	6719	7956	6963	6534	5780	4406	3439	4705	4330	4303	3612	4386	2007	2521
GCG->G	C->G	5701	3.93054037944919e-09	4362781	444	487	308	381	314	336	298	319	326	281	275	274	258	173	155	208	186	160	175	168	86	89
GCG->A	C->A	12026	8.29129601881353e-09	4362781	978	988	671	880	745	762	645	676	579	673	591	523	507	350	257	408	370	379	304	349	173	218
TAG->T	A->T	10286	1.06473533868771e-09	29058252	815	923	691	932	826	731	543	586	497	496	525	432	512	290	184	237	187	323	110	230	143	73
TAG->G	A->G	50067	5.18258839219111e-09	29058252	3892	4496	3333	4389	3722	3539	2788	2677	2450	2437	2506	2282	2450	1591	1040	1233	934	1597	593	1073	630	415
TAG->C	A->C	10427	1.07933068019607e-09	29058252	810	915	693	922	786	745	593	596	514	506	503	448	506	331	194	260	171	347	120	245	138	84
GAG->T	A->T	13351	1.09360628542995e-09	36721248	1077	1170	821	1048	973	855	740	754	671	692	696	595	596	409	274	422	263	418	233	321	157	166
GAG->G	A->G	39184	3.20963738209026e-09	36721248	3180	3443	2426	3101	2746	2550	2202	2236	1864	2003	1950	1797	1690	1205	856	1096	919	1170	676	1041	517	516
GAG->C	A->C	15300	1.25325265276595e-09	36721248	1210	1298	990	1201	1015	971	916	850	737	783	738	694	645	460	357	492	378	485	258	428	207	187
GAA->C	A->C	17923	1.20746027911825e-09	44648049	1310	1646	1204	1534	1283	1153	1043	1014	919	917	885	838	924	566	386	441	328	582	194	388	230	138
GAA->G	A->G	47034	3.16864848340389e-09	44648049	3669	4150	3170	4076	3576	3373	2579	2664	2167	2261	2412	2059	2278	1467	965	1149	898	1488	552	1057	624	400
GAA->T	A->T	13872	9.34547173571858e-10	44648049	1033	1205	890	1272	1078	973	820	810	670	686	685	626	639	424	299	335	260	426	143	299	195	104
GAC->C	A->C	7559	1.09840800815599e-09	20699759	580	682	472	631	514	562	412	426	365	373	401	315	303	217	178	227	169	242	129	187	97	77
GAC->G	A->G	32571	4.73293388459437e-09	20699759	2603	2793	2095	2743	2328	2213	1751	1882	1529	1641	1649	1457	1478	996	660	841	698	1076	483	841	462	352
GAC->T	A->T	13390	1.94571811472533e-09	20699759	993	1172	885	1126	1008	952	743	796	590	674	642	597	589	367	268	411	247	441	195	346	205	143
GCA->A	C->A	38298	3.64988446265331e-09	31561789	3014	3394	2463	3429	2798	2594	2145	2315	1664	1941	1952	1713	1674	1122	771	991	762	1168	516	990	521	361
GCA->G	C->G	17696	1.6864681041076e-09	31561789	1351	1596	1104	1390	1224	1137	1057	1067	966	879	817	788	780	535	390	578	403	556	240	409	236	193
GCA->T	C->T	73641	7.01815086203594e-09	31561789	5661	6644	4761	5936	5185	4881	4195	4266	3575	3698	3762	3286	3277	2212	1575	2174	1502	2224	1082	1872	1004	869
GCC->A	C->A	31240	3.79716763085643e-09	24746620	2525	2703	1922	2334	2063	2072	1678	1852	1460	1669	1616	1425	1279	924	684	998	777	911	595	904	432	417
GCC->G	C->G	19175	2.3306878784146e-09	24746620	1599	1624	1171	1386	1296	1154	1107	1139	969	943	931	872	739	628	472	727	505	536	358	504	248	267
GCC->T	C->T	78025	9.48380295766878e-09	24746620	6377	6754	4808	5873	5383	5002	4388	4335	3593	4137	4126	3268	3205	2385	1708	2542	1915	2464	1475	2189	1023	1075
TCC->T	C->T	81095	7.21686729386791e-09	33799478	6561	7031	5195	6357	5663	5575	4487	4546	3767	4159	4095	3686	3551	2467	1734	2319	1912	2447	1272	2195	1081	995
TCC->G	C->G	27021	2.40467317525871e-09	33799478	1998	2405	1732	2049	1822	1753	1602	1700	1464	1259	1259	1188	1138	777	643	1046	628	784	457	653	324	340
TCC->A	C->A	28123	2.50274318891975e-09	33799478	2159	2461	1829	2249	2036	1909	1590	1613	1355	1458	1487	1240	1197	867	551	836	583	868	445	667	383	340
TAC->T	A->T	10006	1.19010934346274e-09	25289385	757	849	721	944	818	673	562	573	472	453	495	409	491	292	192	248	159	362	109	218	142	67
TAC->G	A->G	54169	6.44283760004331e-09	25289385	4269	4699	3791	4887	4126	3728	2952	3028	2512	2526	2672	2404	2838	1620	1101	1200	1001	1824	644	1193	756	398
TAC->C	A->C	8899	1.05844323880421e-09	25289385	668	796	618	783	657	595	522	541	484	399	390	409	417	291	200	238	148	274	114	187	93	75
TAA->C	A->C	21023	1.32865394592743e-09	47593478	1468	1844	1537	1908	1616	1480	1202	1211	1097	974	1087	924	1044	669	449	478	358	645	226	407	268	131
TAA->G	A->G	64225	4.05902105680393e-09	47593478	4612	5855	4381	6065	5011	4684	3623	3619	3069	2930	3009	2770	3340	1940	1247	1441	1124	2139	688	1335	934	409
TAA->T	A->T	28418	1.79601806761003e-09	47593478	2133	2418	1979	2551	2235	2041	1603	1519	1346	1392	1278	1272	1503	918	543	595	586	938	381	578	401	208
TCA->A	C->A	29631	2.02234987986344e-09	44071177	2195	2536	2061	2761	2240	2124	1710	1685	1381	1373	1469	1312	1437	866	569	715	519	1037	372	637	392	240
TCA->G	C->G	29918	2.04193796043854e-09	44071177	2201	2635	1945	2508	2182	1924	1803	1840	1725	1351	1514	1300	1258	882	683	999	551	870	430	620	393	304
TCA->T	C->T	84049	5.73644106012765e-09	44071177	6533	7253	5605	7224	6147	5764	4761	4735	4057	4166	4088	3723	4041	2504	1745	2243	1733	2742	1143	1990	1068	784
