Context	X1mer	Count	Rate	context_in_genome	chr1	chr2	chr3	chr4	chr5	chr6	chr7	chr8	chr9	chr10	chr11	chr12	chr13	chr14	chr15	chr16	chr17	chr18	chr19	chr20	chr21	chr22
AAA->C	A->C	4273	1.55811769831e-09	87271167	221	243	256	256	273	230	286	304	269	241	278	207	271	172	99	125	95	174	76	90	75	32
AAA->G	A->G	7462	2.72096285157717e-09	87271167	363	398	389	451	418	397	500	513	489	448	462	469	461	274	195	239	189	299	132	199	107	70
AAA->T	A->T	2569	9.36766760345985e-10	87271167	125	127	150	159	137	154	173	195	174	153	161	150	170	93	63	86	59	87	33	68	35	17
AAC->C	A->C	1325	1.2893646854395e-09	32702297	55	71	92	63	70	78	82	95	98	67	92	68	93	47	35	44	36	50	23	33	22	11
AAC->G	A->G	5512	5.36375709142832e-09	32702297	283	305	289	346	332	363	372	378	305	365	316	289	325	194	130	191	124	244	75	153	86	47
AAC->T	A->T	1606	1.56280730929497e-09	32702297	72	79	98	125	89	111	100	129	95	91	80	103	102	53	35	51	43	62	25	32	21	10
AAG->C	A->C	1920	1.3641242061179e-09	44790454	87	96	101	113	119	104	142	137	119	111	133	102	127	67	49	54	34	82	25	61	32	25
AAG->G	A->G	5206	3.69876594638011e-09	44790454	276	297	287	243	280	296	368	384	341	327	292	269	355	183	143	180	128	204	78	130	87	58
AAG->T	A->T	1248	8.86680733976638e-10	44790454	56	61	78	60	73	79	83	78	89	77	71	72	81	48	33	36	23	60	26	28	24	12
AAT->C	A->C	2215	1.21900592460885e-09	57823725	109	109	138	140	127	121	151	173	127	131	119	119	152	84	66	67	51	95	24	54	35	23
AAT->G	A->G	13441	7.39713708021107e-09	57823725	631	712	775	740	808	758	947	1029	833	815	784	699	889	545	353	424	299	568	173	327	213	119
AAT->T	A->T	2730	1.50243168134635e-09	57823725	126	119	145	169	166	155	196	219	162	144	150	155	192	121	55	74	62	131	46	72	49	22
ACA->A	C->A	4110	2.88179496670926e-09	45385476	191	214	245	246	230	238	283	315	259	243	258	211	243	156	113	158	65	179	52	109	64	38
ACA->G	C->G	3263	2.28790680690324e-09	45385476	172	197	178	187	176	167	230	290	226	176	178	169	171	139	85	131	82	125	55	70	35	24
ACA->T	C->T	12782	8.96231222979993e-09	45385476	627	694	711	736	713	726	847	944	815	747	803	678	752	467	334	422	332	517	181	370	208	158
ACC->A	C->A	4687	5.90399034326131e-09	25263148	264	235	262	262	271	240	334	327	272	288	289	257	237	159	128	162	134	202	82	159	73	50
ACC->G	C->G	1850	2.33035676019488e-09	25263148	88	113	91	94	103	80	135	163	118	108	108	99	91	72	53	71	38	68	30	68	34	25
ACC->T	C->T	9746	1.22765713431672e-08	25263148	553	489	474	521	545	523	663	692	633	599	632	476	513	396	255	362	268	389	178	311	138	136
ACG->A	C->A	880	5.48039021153103e-09	5109864	55	44	30	54	40	40	54	68	51	69	59	42	53	31	21	38	23	45	20	17	15	11
ACG->G	C->G	600	3.73662968968025e-09	5109864	28	37	32	36	25	30	49	46	39	34	31	30	31	18	20	21	17	17	11	22	11	15
ACG->T	C->T	19262	1.19958268471035e-07	5109864	1050	1014	941	929	965	943	1299	1429	1183	1295	1138	1057	1043	685	508	749	566	770	413	609	330	346
ACT->A	C->A	2480	2.21142763770655e-09	35687580	131	132	138	147	141	150	169	210	148	155	156	135	125	77	56	96	53	112	34	50	42	23
ACT->G	C->G	3330	2.96937662643662e-09	35687580	139	205	171	170	193	172	234	277	248	182	186	174	175	126	102	130	93	133	56	98	38	28
ACT->T	C->T	9558	8.52291345209646e-09	35687580	512	510	557	546	547	529	662	713	571	579	550	556	564	360	229	314	247	379	136	269	149	79
TCT->T	C->T	10254	6.5336941899266e-09	49942774	546	546	578	603	585	537	664	792	586	619	641	576	605	386	277	335	264	389	158	293	161	113
TCT->G	C->G	5238	3.33757462130247e-09	49942774	265	310	293	272	283	272	342	411	428	302	298	311	256	178	142	204	107	191	89	146	80	58
TCT->A	C->A	4263	2.71631932237733e-09	49942774	200	230	249	298	267	242	252	307	281	255	265	241	300	143	100	119	77	181	52	102	69	33
GCT->T	C->T	8444	8.87913105135911e-09	30263274	531	422	448	493	454	497	572	624	451	510	497	492	435	303	194	333	245	327	134	255	125	102
GCT->G	C->G	1952	2.05258927193901e-09	30263274	100	112	117	98	85	98	133	145	137	99	123	95	83	79	75	86	50	77	43	56	30	31
GCT->A	C->A	2024	2.12829953196954e-09	30263274	101	99	107	119	96	134	137	150	150	120	123	98	117	64	49	76	52	72	35	66	32	27
CCT->T	C->T	10408	8.6298192151195e-09	38379891	595	538	584	563	523	573	653	728	636	620	660	551	576	384	302	362	326	409	206	322	155	142
CCT->G	C->G	2951	2.44682902611622e-09	38379891	140	171	158	148	121	179	189	260	198	186	163	148	141	120	96	120	90	109	55	85	32	42
CCT->A	C->A	2174	1.80257753398057e-09	38379891	129	115	107	125	116	122	138	152	130	138	129	121	101	82	52	96	68	72	40	69	42	30
TAT->T	A->T	2518	1.66272381207406e-09	48191868	127	140	130	152	169	145	168	203	181	134	154	125	180	72	57	75	58	101	28	51	52	16
TAT->G	A->G	15843	1.04616891797813e-08	48191868	787	831	947	968	1042	902	1145	1213	1016	880	940	887	1073	560	350	444	287	677	166	355	258	115
TAT->C	A->C	1612	1.06446020058117e-09	48191868	81	81	109	105	93	100	104	119	109	88	93	82	94	59	40	48	26	83	15	37	38	8
GAT->T	A->T	2925	3.08355331493579e-09	30186486	158	153	149	169	164	181	197	251	181	161	172	141	170	106	73	96	66	128	42	79	58	30
GAT->G	A->G	4916	5.18247798161516e-09	30186486	292	239	264	283	294	263	340	367	323	280	305	283	304	172	95	152	103	223	83	127	72	52
GAT->C	A->C	973	1.02574269245556e-09	30186486	53	54	57	63	66	60	75	69	51	55	58	51	56	28	29	28	21	34	16	26	14	9
CAT->T	A->T	3194	2.43302617041197e-09	41775945	150	191	181	195	178	174	216	246	188	208	194	191	179	108	69	113	56	146	42	83	48	38
CAT->G	A->G	14559	1.1090303072958e-08	41775945	746	737	854	757	862	796	1043	1074	954	820	871	827	859	563	378	479	361	588	180	420	245	145
CAT->C	A->C	2496	1.90132539804267e-09	41775945	131	148	129	158	127	129	191	173	152	160	163	140	164	81	53	93	48	92	33	53	42	36
CAA->C	A->C	2621	1.93632940568658e-09	43075064	163	137	150	143	167	133	168	204	169	173	161	139	163	95	74	73	57	96	35	65	39	17
CAA->G	A->G	5160	3.81207925728452e-09	43075064	274	267	277	304	285	296	349	345	327	310	302	269	329	163	140	182	118	228	87	147	107	54
CAA->T	A->T	1177	8.69538233686799e-10	43075064	65	69	79	80	72	57	86	80	72	58	87	57	67	41	24	29	21	55	11	29	22	16
CAC->C	A->C	1871	1.81781474888265e-09	32753847	110	114	108	94	78	90	134	154	102	92	114	101	112	68	56	90	51	57	43	60	29	14
CAC->G	A->G	5216	5.06772941217099e-09	32753847	261	268	270	279	243	279	390	361	308	320	323	264	314	198	158	201	137	204	110	172	99	57
CAC->T	A->T	1498	1.45541768777457e-09	32753847	87	85	67	86	91	96	111	120	98	82	83	81	56	46	49	55	37	48	22	44	34	20
CAG->C	A->C	2255	1.64199908455203e-09	43703054	137	119	115	112	103	116	160	162	143	153	132	120	132	100	44	93	48	80	37	69	37	43
CAG->G	A->G	7261	5.28716423633361e-09	43703054	409	390	365	341	377	391	489	524	438	491	408	384	404	249	198	282	230	309	164	220	104	94
CAG->T	A->T	1586	1.15486055348094e-09	43703054	85	86	88	88	87	76	95	138	95	108	86	93	112	40	39	65	37	48	32	41	29	18
CCA->A	C->A	2762	2.18152082209388e-09	40290482	140	161	149	170	152	157	171	194	158	189	162	161	152	101	67	102	88	97	38	78	42	33
CCA->G	C->G	2262	1.78660394626226e-09	40290482	117	137	115	124	117	120	143	149	150	132	154	116	134	94	54	79	61	89	46	71	34	26
CCA->T	C->T	8442	6.66777653154112e-09	40290482	495	439	445	443	403	452	525	635	480	511	530	462	429	329	247	332	245	345	177	288	130	100
CCC->A	C->A	2542	2.92937097752203e-09	27614636	144	140	116	134	130	131	149	193	166	158	171	129	127	108	72	94	70	104	47	76	45	38
CCC->G	C->G	2618	3.01695248589799e-09	27614636	156	144	122	130	103	124	156	194	196	168	142	125	107	122	71	123	79	104	64	101	52	35
CCC->T	C->T	8574	9.88057701072932e-09	27614636	498	457	423	428	426	400	528	569	477	555	551	469	441	331	239	362	294	329	194	316	129	158
CCG->A	C->A	702	4.34728837392013e-09	5138742	39	39	26	38	29	34	55	40	47	49	38	26	26	24	18	35	31	33	18	27	13	17
CCG->G	C->G	685	4.24201215973688e-09	5138742	45	39	24	28	33	27	51	44	29	51	35	44	29	19	17	32	35	27	22	26	12	16
CCG->T	C->T	16501	1.02186047661049e-07	5138742	1036	880	719	687	718	776	1078	1140	964	1113	994	863	761	625	479	747	617	584	461	623	296	340
TCG->T	C->T	12265	8.78601724960717e-08	4442359	680	645	653	560	609	624	839	813	711	797	708	733	657	479	303	489	390	459	293	427	195	201
TCG->G	C->G	639	4.57746842437748e-09	4442359	34	28	43	20	34	22	44	52	34	55	34	30	31	34	13	29	11	27	21	22	12	9
TCG->A	C->A	616	4.41270821504934e-09	4442359	41	35	28	31	26	36	31	46	38	35	33	35	38	24	15	23	22	25	17	17	8	12
GCG->T	C->T	13804	1.00688457747631e-07	4362781	765	711	624	592	631	668	989	946	764	894	806	772	682	518	403	603	512	504	402	498	253	267
GCG->G	C->G	417	3.04166088675472e-09	4362781	31	27	21	20	25	24	29	24	23	30	25	13	13	16	7	14	19	11	10	16	10	9
GCG->A	C->A	1070	7.80474136409485e-09	4362781	68	54	58	59	42	57	75	76	49	64	56	50	57	41	35	38	30	44	35	39	16	27
TAG->T	A->T	925	1.01300222266645e-09	29058252	44	50	44	66	48	53	41	59	75	62	56	64	51	40	27	35	19	44	13	11	20	3
TAG->G	A->G	4744	5.19533248035639e-09	29058252	240	265	291	254	271	267	326	366	295	298	305	251	294	165	113	165	108	177	67	118	74	34
TAG->C	A->C	959	1.05023689895906e-09	29058252	58	54	69	62	51	52	62	66	54	50	51	48	60	32	21	26	23	45	20	28	17	10
GAG->T	A->T	1340	1.1612494385504e-09	36721248	71	78	61	74	65	75	89	92	87	73	89	65	65	50	42	55	38	52	22	50	27	20
GAG->G	A->G	3409	2.95425323583455e-09	36721248	195	199	176	183	168	194	212	249	209	228	195	201	184	131	89	113	101	124	69	87	58	44
GAG->C	A->C	1392	1.20631284959862e-09	36721248	80	79	69	78	79	67	101	109	99	84	84	74	82	52	35	48	40	45	20	35	11	21
GAA->C	A->C	1615	1.15108711301863e-09	44648049	96	80	98	97	70	80	131	124	116	89	89	104	86	59	46	61	37	74	9	35	15	19
GAA->G	A->G	4075	2.90444581148664e-09	44648049	225	191	253	240	234	240	263	292	238	244	245	251	235	163	105	150	110	115	50	120	76	35
GAA->T	A->T	1289	9.18731448099702e-10	44648049	62	73	73	96	75	65	84	89	70	80	84	76	85	43	23	45	28	55	14	38	21	10
GAC->C	A->C	665	1.02233800879822e-09	20699759	38	26	42	31	37	40	51	49	42	41	45	36	42	22	23	17	12	22	11	19	8	11
GAC->G	A->G	2806	4.31380519201173e-09	20699759	160	147	148	153	181	137	171	198	147	169	176	150	168	104	66	125	67	125	47	85	48	34
GAC->T	A->T	1329	2.04313866720727e-09	20699759	68	77	63	83	66	66	99	102	73	80	79	76	75	46	36	54	31	56	23	42	20	14
GCA->A	C->A	3416	3.44424789120045e-09	31561789	168	168	219	194	205	184	236	267	180	219	207	201	217	118	79	104	67	128	43	114	57	41
GCA->G	C->G	1532	1.54466855073744e-09	31561789	80	88	73	64	73	72	117	124	95	94	94	72	100	56	43	59	40	66	24	47	29	22
GCA->T	C->T	7255	7.31499369164499e-09	31561789	400	403	357	390	360	378	468	522	461	455	467	378	407	268	174	254	199	303	144	225	137	105
GCC->A	C->A	3122	4.01471906606946e-09	24746620	200	177	154	164	153	153	218	221	185	201	190	171	141	111	87	126	94	112	66	106	45	47
GCC->G	C->G	1760	2.26326251001994e-09	24746620	110	99	91	81	69	88	116	140	100	103	108	95	79	81	54	75	53	63	38	62	27	28
GCC->T	C->T	7943	1.02142580210729e-08	24746620	439	403	403	391	374	441	530	567	486	505	521	460	385	291	222	290	240	281	203	264	111	136
TCC->T	C->T	12255	1.15382906269716e-08	33799478	689	630	629	625	669	634	855	873	685	787	820	700	647	473	358	421	347	445	204	400	190	174
TCC->G	C->G	2514	2.3669736953249e-09	33799478	108	154	124	141	127	122	167	210	191	154	136	119	137	104	77	114	75	72	37	72	38	35
TCC->A	C->A	2800	2.63624755247005e-09	33799478	166	146	146	171	126	153	195	206	190	172	178	154	157	72	69	104	78	115	37	79	48	38
TAC->T	A->T	917	1.15390277787961e-09	25289385	47	59	53	60	47	49	64	72	54	62	74	50	47	30	17	31	19	31	10	19	14	8
TAC->G	A->G	4950	6.22880997873943e-09	25289385	251	234	285	307	274	271	316	336	333	317	304	265	339	182	119	180	113	195	63	128	94	44
TAC->C	A->C	729	9.17333833232535e-10	25289385	37	36	46	47	39	45	47	41	53	45	44	43	39	24	19	24	26	27	9	15	16	7
TAA->C	A->C	1826	1.22093201392634e-09	47593478	103	103	99	113	119	104	140	119	124	96	110	109	109	66	45	52	38	71	28	42	22	14
TAA->G	A->G	6233	4.16761732902675e-09	47593478	295	334	381	354	377	344	484	458	376	353	351	335	448	220	146	199	145	247	72	139	124	51
TAA->T	A->T	2410	1.61141629439347e-09	47593478	134	116	135	140	132	136	175	158	165	142	153	147	154	84	62	67	52	94	33	72	37	22
TCA->A	C->A	2728	1.96982601141671e-09	44071177	146	136	162	161	167	189	193	196	161	172	177	147	154	104	50	83	50	110	25	72	52	21
TCA->G	C->G	2716	1.96116108761283e-09	44071177	131	159	148	150	141	140	205	195	191	173	175	126	156	88	83	113	69	90	46	64	41	32
TCA->T	C->T	8455	6.10516089682123e-09	44071177	469	452	463	518	462	445	563	634	522	509	519	494	476	276	221	305	203	339	134	214	140	97
