Context	X1mer	Count	Rate	context_in_genome	chr1	chr2	chr3	chr4	chr5	chr6	chr7	chr8	chr9	chr10	chr11	chr12	chr13	chr14	chr15	chr16	chr17	chr18	chr19	chr20	chr21	chr22
AAA->C	A->C	4877	1.53012534890998e-09	87707853	251	275	267	300	300	250	318	360	315	313	302	250	287	190	125	156	100	193	85	122	77	41
AAA->G	A->G	8568	2.68815132037333e-09	87707853	436	440	496	490	535	454	626	618	553	521	486	472	525	330	206	304	204	335	137	221	113	66
AAA->T	A->T	2947	9.24601066893115e-10	87707853	124	156	167	184	147	183	200	216	208	176	172	187	190	113	69	102	69	106	55	51	48	24
AAC->C	A->C	1531	1.28189277117126e-09	32865196	74	81	92	76	85	95	118	110	110	77	80	74	100	56	36	57	39	65	22	46	23	15
AAC->G	A->G	6293	5.26907329130027e-09	32865196	311	344	364	415	381	395	408	426	371	385	389	314	368	235	157	215	135	268	80	183	102	47
AAC->T	A->T	1828	1.53056824670219e-09	32865196	84	90	101	124	119	125	110	158	100	102	98	120	124	44	50	50	45	81	22	44	25	12
AAG->C	A->C	2239	1.36870046813416e-09	45015120	114	109	123	138	130	131	165	163	129	127	146	104	148	97	44	67	51	104	26	65	33	25
AAG->G	A->G	6117	3.73932146653715e-09	45015120	297	326	344	337	329	351	432	422	404	382	364	315	382	223	158	214	150	243	95	179	113	57
AAG->T	A->T	1535	9.3834534103883e-10	45015120	65	87	94	84	98	83	106	105	113	90	96	86	85	67	44	48	22	61	21	45	20	15
AAT->C	A->C	2452	1.16107553033313e-09	58112924	117	137	138	156	142	139	161	170	145	146	135	125	169	102	61	89	57	108	36	58	41	20
AAT->G	A->G	15315	7.25198684626912e-09	58112924	752	832	856	848	921	821	1052	1149	972	930	895	819	1015	578	399	485	335	661	196	391	278	130
AAT->T	A->T	3144	1.48875263758864e-09	58112924	158	164	173	189	201	191	199	241	195	169	196	158	196	137	72	88	58	143	41	73	69	33
ACA->A	C->A	4679	2.82280863126707e-09	45612549	229	260	258	293	272	296	332	325	312	279	272	236	271	170	123	169	78	205	60	121	80	38
ACA->G	C->G	3634	2.19236729344401e-09	45612549	163	194	204	212	215	212	241	283	257	215	207	187	184	150	113	148	84	140	65	84	48	28
ACA->T	C->T	15075	9.09464417960059e-09	45612549	739	821	833	856	826	828	1028	1037	942	888	910	850	937	591	404	535	344	566	235	458	256	191
ACC->A	C->A	5503	5.96438697973383e-09	25389049	306	297	296	302	334	295	351	401	326	327	330	290	292	204	158	192	155	228	102	180	78	59
ACC->G	C->G	2135	2.314004397916e-09	25389049	101	147	116	94	105	96	155	176	135	131	128	113	103	76	63	79	56	85	46	73	27	30
ACC->T	C->T	11715	1.26972185112814e-08	25389049	663	612	592	607	649	637	791	804	721	744	744	594	667	428	315	430	325	465	219	359	199	150
ACG->A	C->A	1076	5.76565338437438e-09	5135426	73	47	42	60	48	55	80	70	67	73	58	57	67	42	27	45	34	51	18	26	18	18
ACG->G	C->G	692	3.70802243679096e-09	5135426	30	50	35	40	31	39	57	38	48	37	37	31	30	25	22	37	18	28	13	19	15	12
ACG->T	C->T	22709	1.216842218455e-07	5135426	1244	1198	1151	1137	1156	1130	1522	1574	1358	1530	1316	1279	1241	821	597	887	673	896	462	743	414	380
ACT->A	C->A	2789	2.13982236972414e-09	35866048	142	160	137	180	147	165	184	222	197	155	189	158	160	86	74	100	53	115	32	62	50	21
ACT->G	C->G	3833	2.94081719008699e-09	35866048	173	234	202	207	223	189	280	306	283	239	222	202	204	144	108	151	87	144	61	82	55	37
ACT->T	C->T	11531	8.84700313563608e-09	35866048	634	608	690	618	640	648	817	845	660	714	687	620	705	449	252	383	300	465	196	330	179	91
TCT->T	C->T	11848	6.49553748302557e-09	50192946	608	608	647	696	676	701	784	921	678	719	732	666	712	474	290	372	294	441	183	326	207	113
TCT->G	C->G	6018	3.29930322188115e-09	50192946	293	353	328	336	309	294	424	486	458	337	366	328	272	213	178	246	133	208	111	171	95	79
TCT->A	C->A	4896	2.68417889237788e-09	50192946	265	256	274	332	291	278	310	368	309	289	283	281	320	183	117	133	92	213	66	121	81	34
GCT->T	C->T	9803	8.86944458827956e-09	30414124	584	518	536	545	509	553	647	718	563	595	611	564	511	344	257	344	279	366	172	299	147	141
GCT->G	C->G	2300	2.08096731133765e-09	30414124	123	138	130	125	111	112	149	166	163	138	142	107	105	88	79	102	63	73	51	75	31	29
GCT->A	C->A	2314	2.09363406888492e-09	30414124	126	121	145	119	111	125	160	173	162	146	148	121	138	74	70	82	49	72	49	59	33	31
CCT->T	C->T	12148	8.66670597709475e-09	38571227	754	616	626	681	636	646	795	805	731	748	716	641	644	427	347	477	371	486	238	411	190	162
CCT->G	C->G	3447	2.45918138813349e-09	38571227	161	195	178	164	144	193	227	280	247	244	206	190	163	136	106	144	109	108	71	102	37	42
CCT->A	C->A	2518	1.79640810424141e-09	38571227	154	117	123	145	134	154	153	190	143	157	159	142	113	90	67	105	68	98	42	77	47	40
TAT->T	A->T	2828	1.60677350057353e-09	48432566	136	162	158	178	158	185	201	197	176	163	176	163	199	100	69	76	58	114	25	60	55	19
TAT->G	A->G	18455	1.04855038730851e-08	48432566	931	981	1102	1144	1226	1046	1289	1343	1155	1022	1102	1018	1227	673	430	495	380	792	209	431	320	139
TAT->C	A->C	1864	1.05906145865243e-09	48432566	103	90	110	128	136	90	128	138	130	102	99	100	109	62	46	48	33	85	23	42	51	11
GAT->T	A->T	3401	3.08485823542384e-09	30337805	170	188	166	210	211	206	219	287	209	198	187	170	203	141	84	112	85	136	43	88	50	38
GAT->G	A->G	5620	5.09758990975653e-09	30337805	290	307	291	342	327	304	370	408	349	328	345	329	345	216	141	174	129	244	93	149	78	61
GAT->C	A->C	1108	1.00500527046446e-09	30337805	54	63	66	58	72	70	82	75	54	62	74	59	67	41	32	38	28	34	27	28	16	8
CAT->T	A->T	3688	2.41710809745157e-09	41986297	179	217	198	217	222	204	238	262	232	231	224	216	229	142	69	124	74	174	40	101	59	36
CAT->G	A->G	17059	1.11804357468618e-08	41986297	898	853	1036	933	995	916	1249	1236	1096	1001	1003	939	1001	635	446	572	431	676	217	476	274	176
CAT->C	A->C	2901	1.90130981309843e-09	41986297	153	175	150	154	172	170	211	219	171	181	178	158	171	95	65	96	59	136	39	67	56	25
CAA->C	A->C	2925	1.85928954079907e-09	43290398	189	148	159	147	201	162	191	208	191	178	173	168	180	101	80	81	71	107	35	76	55	24
CAA->G	A->G	5861	3.72557128158064e-09	43290398	295	308	346	344	349	314	395	408	342	342	327	318	365	194	159	205	138	257	100	178	108	69
CAA->T	A->T	1397	8.88009397776515e-10	43290398	82	89	79	86	94	66	87	111	90	72	100	78	77	51	29	43	23	62	10	35	23	10
CAC->C	A->C	2079	1.73798094440141e-09	32917149	102	120	104	113	92	100	161	147	112	119	126	106	113	94	67	85	63	78	47	83	30	17
CAC->G	A->G	6014	5.02752159674367e-09	32917149	304	315	295	312	303	328	437	424	355	400	378	331	367	202	153	224	149	248	108	194	116	71
CAC->T	A->T	1690	1.41278874268321e-09	32917149	98	98	92	90	93	112	115	126	110	90	93	86	77	49	48	65	46	63	30	52	32	25
CAG->C	A->C	2586	1.6201821906396e-09	43921524	145	121	118	130	115	149	195	179	172	167	128	164	161	94	69	102	55	107	59	62	57	37
CAG->G	A->G	8523	5.33983480696879e-09	43921524	487	427	410	424	457	443	594	587	505	578	524	447	507	310	224	283	254	331	192	288	129	122
CAG->T	A->T	1872	1.17284650459293e-09	43921524	108	76	94	93	112	101	131	136	112	128	96	120	127	59	44	67	50	57	48	54	33	26
CCA->A	C->A	3163	2.14952767691313e-09	40491968	163	167	177	178	166	175	222	240	210	207	176	155	175	109	82	110	86	115	56	97	46	51
CCA->G	C->G	2617	1.77847421134419e-09	40491968	152	155	124	137	135	127	150	172	157	170	186	125	142	107	73	105	77	109	60	78	43	33
CCA->T	C->T	9788	6.65177897617e-09	40491968	577	555	500	525	489	496	629	681	606	589	584	537	501	385	278	387	279	392	207	306	157	128
CCC->A	C->A	2916	2.89134330366564e-09	27752403	166	134	155	138	137	150	167	211	185	191	208	159	149	114	72	136	79	107	75	78	53	52
CCC->G	C->G	3049	3.02321870126081e-09	27752403	168	181	152	148	129	144	207	217	198	188	156	145	149	127	81	136	87	117	95	115	50	59
CCC->T	C->T	9993	9.90850261780889e-09	27752403	591	499	511	520	470	499	608	673	577	661	629	527	525	391	259	411	359	354	208	372	159	190
CCG->A	C->A	808	4.30513874174307e-09	5164603	54	38	40	38	37	36	66	51	52	57	53	28	36	20	20	39	29	33	27	24	10	20
CCG->G	C->G	850	4.5289207060416e-09	5164603	56	36	32	30	40	40	68	68	54	57	46	44	47	28	25	36	34	27	27	29	11	15
CCG->T	C->T	19293	1.0279584374313e-07	5164603	1239	1011	838	804	900	883	1337	1265	1119	1304	1192	1018	846	735	532	886	690	670	569	700	323	432
TCG->T	C->T	14080	8.67842876048649e-08	4464515	782	753	722	663	682	696	923	945	807	953	836	809	725	565	363	585	452	535	357	502	196	229
TCG->G	C->G	783	4.82614326666259e-09	4464515	39	37	45	35	43	41	55	59	53	61	49	32	38	29	16	32	18	32	23	26	8	12
TCG->A	C->A	731	4.50563311357644e-09	4464515	41	45	35	44	24	47	41	42	39	46	42	41	50	22	27	36	15	31	15	23	8	17
GCG->T	C->T	16255	1.02011358828199e-07	4384814	968	849	755	700	746	821	1143	1098	893	1115	923	850	782	565	455	718	608	579	495	571	276	345
GCG->G	C->G	491	3.0813643300305e-09	4384814	31	26	28	18	27	27	27	32	34	36	34	14	22	16	10	22	18	17	15	16	12	9
GCG->A	C->A	1182	7.41786688003270e-09	4384814	68	68	55	52	46	53	101	77	73	88	70	56	61	34	26	44	32	52	45	43	15	23
TAG->T	A->T	1059	9.9787827516847e-10	29203246	49	56	62	65	69	52	56	71	73	58	75	77	58	40	24	33	21	54	13	21	24	8
TAG->G	A->G	5518	5.19952060659076e-09	29203246	271	294	313	297	341	326	367	411	310	344	330	311	357	208	144	203	119	225	72	142	88	45
TAG->C	A->C	1140	1.07420324239099e-09	29203246	61	52	75	82	56	66	66	85	76	75	63	64	70	38	28	28	22	44	19	31	26	13
GAG->T	A->T	1519	1.13264630603617e-09	36904234	81	68	67	81	73	84	104	109	105	95	95	76	76	58	44	57	47	55	32	60	32	20
GAG->G	A->G	4082	3.04375393103335e-09	36904234	228	242	210	226	202	241	274	268	264	241	229	236	213	156	101	162	99	148	97	111	70	64
GAG->C	A->C	1594	1.18857025136383e-09	36904234	83	105	74	87	87	91	110	116	101	85	89	88	73	71	46	63	50	52	34	46	17	26
GAA->C	A->C	1805	1.10692979865859e-09	44871425	94	94	102	112	98	102	148	141	117	98	101	105	110	65	38	63	38	82	19	41	20	17
GAA->G	A->G	4820	2.95590117979747e-09	44871425	254	238	295	290	286	288	312	327	266	315	279	292	262	190	119	164	126	162	68	140	100	47
GAA->T	A->T	1480	9.07621109149429e-10	44871425	68	86	90	112	91	91	99	91	92	88	91	68	94	53	34	44	38	54	14	41	24	17
GAC->C	A->C	728	9.6295912448336e-10	20803493	37	46	55	38	44	45	52	42	40	36	40	43	37	27	23	21	19	23	18	20	11	11
GAC->G	A->G	3123	4.1309359145076e-09	20803493	158	147	174	169	189	163	223	228	174	207	205	169	173	99	76	114	79	146	49	87	51	43
GAC->T	A->T	1489	1.9695688686205e-09	20803493	92	72	89	87	71	66	109	112	85	78	94	92	98	56	38	54	40	54	24	42	19	17
GCA->A	C->A	3967	3.44148301880896e-09	31719717	214	192	237	255	228	185	259	300	212	258	247	204	234	134	101	129	86	173	70	139	65	45
GCA->G	C->G	1707	1.48087005624071e-09	31719717	102	94	80	100	75	94	104	113	126	99	118	83	105	71	54	49	45	68	25	42	33	27
GCA->T	C->T	8387	7.27595615799112e-09	31719717	477	448	454	443	428	432	540	618	514	555	521	431	466	324	212	293	237	330	157	248	134	125
GCC->A	C->A	3655	4.04410308660314e-09	24870121	225	198	195	181	162	195	271	228	228	219	224	204	177	141	106	157	103	144	83	105	52	57
GCC->G	C->G	2039	2.25606735802566e-09	24870121	113	122	97	104	86	110	149	167	126	121	117	99	90	84	55	95	61	80	37	68	23	35
GCC->T	C->T	9313	1.030444105213e-08	24870121	536	470	441	477	451	501	620	669	565	634	566	526	455	359	238	343	291	343	239	304	135	150
TCC->T	C->T	14808	1.19961895296546e-08	33967675	771	784	760	742	795	817	1019	1017	870	1013	904	902	833	554	404	529	408	559	240	442	233	212
TCC->G	C->G	2872	2.32665156193732e-09	33967675	142	164	154	158	147	157	200	239	182	175	183	133	144	112	73	126	84	87	53	86	41	32
TCC->A	C->A	3189	2.5834581584325e-09	33967675	171	171	154	174	169	179	219	246	207	210	188	153	167	110	85	126	90	134	55	83	53	45
TAC->T	A->T	1036	1.12165074722406e-09	25416447	46	47	55	63	51	51	96	81	70	65	80	55	68	38	27	36	23	29	11	20	14	10
TAC->G	A->G	5725	6.19831132032603e-09	25416447	316	279	306	352	342	337	385	392	356	348	379	290	374	183	142	202	125	237	65	145	113	57
TAC->C	A->C	807	8.73718294411022e-10	25416447	38	42	41	55	42	49	52	51	53	53	50	52	54	23	25	38	17	23	10	21	13	5
TAA->C	A->C	2082	1.19779158260432e-09	47831302	119	108	116	114	134	120	147	145	155	142	108	122	113	88	50	71	36	74	36	38	35	11
TAA->G	A->G	7122	4.09734469323148e-09	47831302	351	424	452	406	418	421	493	499	456	435	395	377	480	265	171	215	160	286	75	165	133	45
TAA->T	A->T	2770	1.5936035945312e-09	47831302	141	140	164	153	150	169	204	179	169	166	148	166	177	96	70	99	77	112	44	84	47	15
TCA->A	C->A	3115	1.93530249896392e-09	44291657	171	170	191	200	182	175	211	194	174	174	212	171	193	122	60	96	61	133	38	89	65	33
TCA->G	C->G	3214	1.99680970519102e-09	44291657	145	200	175	176	153	185	249	228	197	185	198	162	184	129	90	150	79	119	55	74	47	34
TCA->T	C->T	9955	6.18489129283654e-09	44291657	561	545	546	571	550	516	674	754	612	606	597	562	573	346	250	346	230	411	148	285	162	110
