Context	X1mer	Count	Rate	context_in_genome	chr1	chr2	chr3	chr4	chr5	chr6	chr7	chr8	chr9	chr10	chr11	chr12	chr13	chr14	chr15	chr16	chr17	chr18	chr19	chr20	chr21	chr22
AAA->C	A->C	7699	1.54065070629671e-09	87271167	702	494	424	410	418	376	500	564	454	429	441	418	479	270	176	209	195	285	105	173	105	72
AAA->G	A->G	13340	2.6694740124689e-09	87271167	1200	924	701	678	704	679	928	919	803	753	700	689	834	467	319	410	291	479	184	361	200	117
AAA->T	A->T	4628	9.26111374040936e-10	87271167	395	282	239	202	273	263	294	286	304	259	301	227	301	166	113	159	101	177	54	108	89	35
AAC->C	A->C	2406	1.2848665287677e-09	32702297	216	158	115	136	117	135	175	153	149	144	145	142	134	87	59	72	49	77	33	51	40	19
AAC->G	A->G	10043	5.36322300432837e-09	32702297	929	661	479	553	537	546	626	647	580	596	537	517	583	379	229	288	252	391	143	275	195	100
AAC->T	A->T	2768	1.47818393667041e-09	32702297	248	183	124	149	139	169	172	208	168	157	169	118	169	106	52	78	68	105	44	75	44	23
AAG->C	A->C	3712	1.44731530343277e-09	44790454	343	260	170	164	210	178	246	237	248	210	202	205	231	117	100	108	98	147	49	97	58	34
AAG->G	A->G	9707	3.78477630668694e-09	44790454	958	642	534	470	504	481	610	623	563	569	587	506	554	334	268	303	220	342	150	251	147	91
AAG->T	A->T	2406	9.38103615317686e-10	44790454	203	150	135	121	144	131	178	160	125	135	146	122	143	86	60	67	37	90	45	66	41	21
AAT->C	A->C	3811	1.15099525833336e-09	57823725	324	267	207	186	184	199	275	244	233	224	223	197	241	134	93	97	84	154	55	92	67	31
AAT->G	A->G	24356	7.35598019206699e-09	57823725	2182	1675	1297	1231	1319	1290	1682	1653	1521	1437	1395	1283	1471	886	542	651	503	895	234	624	402	183
AAT->T	A->T	4873	1.47173967301455e-09	57823725	465	336	246	257	291	264	279	309	295	283	304	231	302	181	99	151	108	193	67	105	70	37
ACA->A	C->A	7254	2.7912665285457e-09	45385476	619	511	369	422	395	416	467	508	420	406	420	368	395	267	165	224	152	272	93	176	127	62
ACA->G	C->G	5817	2.23832332458648e-09	45385476	505	422	279	293	292	293	365	452	395	324	353	265	318	216	135	202	142	201	89	138	74	64
ACA->T	C->T	23607	9.08373710220271e-09	45385476	2176	1492	1174	1193	1220	1162	1559	1610	1355	1407	1410	1234	1414	863	582	735	535	905	343	603	375	260
ACC->A	C->A	9326	6.44686529656489e-09	25263148	853	625	463	453	491	436	612	638	500	561	573	505	520	341	215	316	246	321	186	249	134	88
ACC->G	C->G	3471	2.39942841994175e-09	25263148	296	239	158	154	163	146	250	266	263	193	182	163	173	131	96	137	86	112	67	99	57	40
ACC->T	C->T	15742	1.08821095323316e-08	25263148	1516	1050	759	740	761	782	1012	1030	886	965	910	796	846	584	394	530	454	519	281	460	251	216
ACG->A	C->A	1741	5.95017968479767e-09	5109864	163	90	76	86	84	91	87	126	78	109	86	94	88	78	54	82	50	68	32	56	34	29
ACG->G	C->G	1203	4.11146821413647e-09	5109864	116	88	55	55	45	54	83	73	73	73	60	55	66	42	33	54	27	45	26	42	20	18
ACG->T	C->T	37236	1.27260706917361e-07	5109864	3530	2509	1594	1665	1730	1709	2482	2379	1994	2429	2163	1875	1998	1313	919	1352	1088	1479	718	1145	587	578
ACT->A	C->A	4563	2.23292440711399e-09	35687580	412	325	232	255	234	246	298	321	243	261	304	234	273	167	101	145	103	144	53	97	69	46
ACT->G	C->G	5934	2.90382937361702e-09	35687580	528	398	329	278	299	286	437	468	443	310	328	255	293	208	157	223	140	208	85	143	73	45
ACT->T	C->T	17087	8.36159968098988e-09	35687580	1578	1115	897	880	940	873	1086	1148	1010	999	1039	864	942	570	415	476	422	648	293	451	265	176
TCT->T	C->T	16580	5.797656977646e-09	49942774	1566	1086	866	824	841	900	1029	1110	902	967	977	845	924	589	390	526	416	618	267	454	265	218
TCT->G	C->G	9349	3.26913721857735e-09	49942774	748	656	519	462	468	449	613	657	669	531	546	447	469	312	259	378	211	330	143	240	147	95
TCT->A	C->A	7728	2.70230959730086e-09	49942774	703	496	420	434	382	408	516	532	440	411	490	407	463	259	172	234	161	262	114	208	147	69
GCT->T	C->T	15494	8.9410452516996e-09	30263274	1451	1007	786	784	783	782	961	1014	819	940	944	846	794	530	385	492	377	622	266	473	267	171
GCT->G	C->G	3790	2.18707638466125e-09	30263274	303	264	185	186	177	193	252	285	212	207	227	185	196	126	126	166	104	104	76	111	53	52
GCT->A	C->A	3789	2.18649931965211e-09	30263274	360	223	184	214	196	200	237	260	192	231	236	200	196	112	97	140	90	120	67	125	62	47
CCT->T	C->T	19565	8.9025980683355e-09	38379891	1859	1231	971	1038	960	999	1290	1311	1042	1172	1137	1022	991	640	456	622	535	747	396	598	303	245
CCT->G	C->G	5608	2.55178992932407e-09	38379891	515	378	271	274	271	266	350	453	394	324	318	242	249	178	167	221	148	185	106	137	72	89
CCT->A	C->A	4282	1.94842447884552e-09	38379891	426	284	221	206	218	203	300	299	252	247	274	192	209	141	102	153	121	137	70	123	59	45
TAT->T	A->T	4497	1.62963287840706e-09	48191868	403	308	273	242	264	244	312	298	259	237	253	254	295	150	95	132	74	163	51	92	70	28
TAT->G	A->G	28623	1.03724665062587e-08	48191868	2484	1921	1572	1570	1620	1437	1896	1870	1770	1566	1749	1451	1941	1086	609	782	575	1107	298	615	496	208
TAT->C	A->C	3023	1.09548147463298e-09	48191868	267	201	165	193	174	147	185	194	199	163	183	158	199	92	72	85	64	113	37	62	47	23
GAT->T	A->T	5795	3.35259838609679e-09	30186486	559	371	302	330	306	299	380	375	295	369	367	287	349	220	126	175	115	228	68	141	89	44
GAT->G	A->G	9079	5.25250056037494e-09	30186486	792	594	483	479	500	475	649	636	547	563	499	437	509	317	217	262	230	336	116	225	131	82
GAT->C	A->C	1819	1.05235141748232e-09	30186486	155	113	90	84	82	99	137	130	106	109	101	78	109	68	45	58	57	75	27	58	22	16
CAT->T	A->T	5887	2.46098181339502e-09	41775945	533	364	306	331	343	287	364	407	339	358	355	295	367	228	125	173	123	231	70	142	93	53
CAT->G	A->G	26711	1.11661772069975e-08	41775945	2380	1773	1379	1415	1374	1358	1804	1770	1567	1536	1520	1410	1629	1003	679	796	617	1028	338	682	387	266
CAT->C	A->C	4621	1.9317474027006e-09	41775945	381	306	220	229	246	252	327	321	301	264	260	222	263	162	98	147	122	189	72	117	75	47
CAA->C	A->C	4448	1.80334781665702e-09	43075064	410	275	217	230	247	223	298	290	283	273	253	226	243	156	105	144	119	170	69	110	73	34
CAA->G	A->G	9199	3.72954059474549e-09	43075064	883	606	440	422	469	487	671	597	533	534	537	507	524	337	224	263	214	343	129	241	143	95
CAA->T	A->T	2283	9.25594214349815e-10	43075064	218	146	116	114	111	114	154	185	121	129	139	128	126	77	55	63	50	95	27	61	33	21
CAC->C	A->C	3311	1.76537721051153e-09	32753847	312	223	136	148	160	183	248	224	214	214	159	163	160	106	93	127	79	113	66	102	49	32
CAC->G	A->G	9526	5.07912513057471e-09	32753847	933	634	453	441	448	446	592	650	597	563	545	468	536	312	240	335	265	360	189	259	136	124
CAC->T	A->T	2737	1.4593287300423e-09	32753847	241	172	139	142	135	115	179	212	160	178	162	124	138	81	75	114	68	107	43	86	32	34
CAG->C	A->C	4005	1.60041047320773e-09	43703054	325	293	183	197	192	220	277	259	240	235	246	193	215	153	94	149	118	139	69	97	62	49
CAG->G	A->G	13214	5.28035555379948e-09	43703054	1271	863	640	606	637	643	904	857	726	808	738	657	720	484	380	425	390	435	272	371	188	199
CAG->T	A->T	2975	1.18881926536654e-09	43703054	273	191	122	154	136	161	211	191	166	197	172	148	154	105	75	94	78	110	51	87	55	44
CCA->A	C->A	5290	2.29294617570733e-09	40290482	517	318	253	255	283	297	317	363	310	299	333	254	272	191	125	195	132	177	87	166	75	71
CCA->G	C->G	4048	1.75460229097604e-09	40290482	408	259	196	184	189	192	242	299	255	259	227	181	191	137	98	175	100	129	75	120	68	64
CCA->T	C->T	15789	6.84372914333515e-09	40290482	1507	1034	737	726	782	779	1001	1024	918	983	933	797	804	583	434	561	455	522	311	460	192	246
CCC->A	C->A	5196	3.28602202938587e-09	27614636	522	322	214	240	229	245	329	354	306	366	303	272	237	206	127	195	154	178	106	149	70	72
CCC->G	C->G	5023	3.17661444449677e-09	27614636	515	332	196	198	201	208	340	332	333	324	283	260	222	196	135	210	156	170	94	145	75	98
CCC->T	C->T	14918	9.43434885188192e-09	27614636	1464	988	672	657	702	714	896	948	818	967	858	733	706	500	421	608	448	550	332	487	209	240
CCG->A	C->A	1468	4.98895852015323e-09	5138742	150	87	66	62	74	60	115	85	71	97	79	65	72	56	40	64	48	38	36	47	23	33
CCG->G	C->G	1402	4.76465929513272e-09	5138742	129	95	52	47	52	66	78	90	72	90	83	72	64	49	41	66	56	50	50	41	21	38
CCG->T	C->T	32203	1.09441029444479e-07	5138742	3072	2180	1297	1209	1351	1391	2192	1974	1771	2067	1760	1619	1488	1133	878	1303	1215	1162	896	1125	492	628
TCG->T	C->T	23153	9.1019463379022e-08	4442359	2296	1480	1003	994	1012	1110	1599	1427	1284	1514	1304	1226	1133	808	571	900	703	790	546	718	359	376
TCG->G	C->G	1304	5.12630675274239e-09	4442359	126	85	48	59	55	51	101	93	75	67	61	77	49	58	39	55	44	44	25	44	25	23
TCG->A	C->A	1217	4.78429088810391e-09	4442359	119	75	45	59	64	64	77	76	70	78	75	46	70	52	33	46	41	53	15	31	17	11
GCG->T	C->T	26434	1.05813267058952e-07	4362781	2510	1731	1082	1051	1111	1177	1819	1668	1461	1707	1469	1366	1196	938	704	1046	954	916	734	823	431	540
GCG->G	C->G	835	3.34244072006602e-09	4362781	73	47	32	42	43	48	51	63	51	48	40	47	40	23	26	30	24	35	21	29	13	9
GCG->A	C->A	2033	8.13794249568170e-09	4362781	189	145	77	96	82	98	135	109	101	130	106	118	114	62	45	76	59	79	61	76	34	41
TAG->T	A->T	1697	1.01988923488672e-09	29058252	142	129	84	87	87	77	122	139	119	91	99	68	94	64	45	53	43	45	16	37	45	11
TAG->G	A->G	8463	5.08622427510093e-09	29058252	789	558	430	492	423	430	508	593	503	512	517	431	506	304	225	248	183	304	111	193	129	74
TAG->C	A->C	1677	1.00786932640249e-09	29058252	166	120	92	93	87	88	105	95	97	108	112	88	101	44	33	47	32	57	31	41	29	11
GAG->T	A->T	2356	1.1204655409517e-09	36721248	205	149	100	112	110	126	154	142	150	166	156	117	136	66	60	86	61	82	42	75	31	30
GAG->G	A->G	6583	3.13074051616512e-09	36721248	637	446	343	294	350	321	424	439	370	396	375	373	320	211	183	195	174	217	125	203	108	79
GAG->C	A->C	2484	1.18133972993379e-09	36721248	240	167	108	124	111	114	186	140	155	152	127	135	128	87	67	104	60	84	57	67	35	36
GAA->C	A->C	2888	1.12962775363677e-09	44648049	283	213	177	147	143	146	164	185	176	183	160	163	149	88	63	84	61	96	50	78	46	33
GAA->G	A->G	7436	2.90855677840826e-09	44648049	660	474	373	374	420	393	512	489	394	425	514	386	462	236	163	207	162	276	98	192	157	69
GAA->T	A->T	2436	9.52830058122986e-10	44648049	223	151	108	139	126	136	144	166	150	129	151	121	150	84	56	93	57	85	38	64	45	20
GAC->C	A->C	1125	9.49134772464206e-10	20699759	102	66	63	55	50	71	72	73	53	66	67	53	62	55	27	34	37	36	19	37	16	11
GAC->G	A->G	5394	4.55078485570838e-09	20699759	520	301	281	282	267	276	301	338	308	376	327	272	294	186	120	178	138	196	89	176	111	57
GAC->T	A->T	2494	2.10412633113398e-09	20699759	211	174	118	119	131	117	174	170	128	160	157	118	144	83	56	86	59	92	43	78	41	35
GCA->A	C->A	6453	3.57059591819595e-09	31561789	605	408	347	347	339	309	420	435	353	383	408	337	323	245	156	199	144	233	96	181	101	84
GCA->G	C->G	2918	1.61459768933764e-09	31561789	266	207	141	125	125	132	175	203	174	197	176	144	163	105	85	106	73	98	60	79	48	36
GCA->T	C->T	12891	7.13289198535007e-09	31561789	1191	894	579	593	637	675	802	844	712	787	806	649	703	433	334	418	340	491	235	394	196	178
GCC->A	C->A	5977	4.21801400620663e-09	24746620	608	429	287	312	285	290	350	414	329	366	331	294	287	196	164	204	155	205	125	181	84	81
GCC->G	C->G	3213	2.26743834732172e-09	24746620	335	194	141	131	137	139	216	248	188	185	194	187	144	105	96	122	82	125	76	80	46	42
GCC->T	C->T	14053	9.91730815278932e-09	24746620	1298	891	621	638	670	689	880	966	782	899	894	717	664	480	367	529	398	475	299	452	212	232
TCC->T	C->T	16979	8.77289166662994e-09	33799478	1683	1126	798	777	828	842	1076	1109	983	1033	999	875	853	664	434	582	446	597	303	518	229	224
TCC->G	C->G	4775	2.46719816880605e-09	33799478	408	305	242	224	203	217	346	363	324	286	269	228	211	156	136	217	110	150	98	148	64	70
TCC->A	C->A	5253	2.71417633104465e-09	33799478	518	380	267	245	217	245	314	344	316	326	343	243	298	194	116	183	132	212	78	154	63	65
TAC->T	A->T	1714	1.18362246846708e-09	25289385	169	104	93	96	96	86	112	115	100	100	99	91	86	76	24	71	32	50	20	43	35	16
TAC->G	A->G	9181	6.34004543932102e-09	25289385	866	620	515	527	477	480	580	599	565	538	526	439	574	298	222	263	198	343	115	213	151	72
TAC->C	A->C	1369	9.453787393999e-10	25289385	106	106	74	95	67	73	96	75	90	77	89	70	65	58	40	45	26	45	10	33	19	10
TAA->C	A->C	3332	1.22263887620528e-09	47593478	258	236	187	187	188	166	260	222	202	200	209	156	215	120	83	80	62	106	30	76	64	25
TAA->G	A->G	11122	4.08108931007057e-09	47593478	1040	730	562	608	633	588	732	717	673	638	633	558	757	406	241	293	236	438	126	251	180	82
TAA->T	A->T	4185	1.53563736402134e-09	47593478	378	300	223	213	229	226	280	252	217	229	266	213	274	137	107	122	90	177	59	82	71	40
TCA->A	C->A	5147	2.03957730199901e-09	44071177	453	349	281	284	296	261	354	345	302	281	283	244	301	186	125	184	104	200	70	118	73	53
TCA->G	C->G	5102	2.02174536522225e-09	44071177	414	358	263	246	237	229	333	395	358	300	331	252	278	186	133	196	106	165	71	133	69	49
TCA->T	C->T	14650	5.80528608398785e-09	44071177	1360	948	744	682	766	710	970	946	797	870	900	822	857	555	343	504	364	548	214	396	194	160
