Context	X1mer	Count	Rate	context_in_genome	chr1	chr2	chr3	chr4	chr5	chr6	chr7	chr8	chr9	chr10	chr11	chr12	chr13	chr14	chr15	chr16	chr17	chr18	chr19	chr20	chr21	chr22
AAA->C	A->C	9008	1.56250783363128e-09	87271167	800	574	478	477	466	446	599	627	547	528	508	428	603	331	228	252	219	334	136	206	131	90
AAA->G	A->G	15697	2.72276703646873e-09	87271167	1371	1024	828	810	834	818	1043	1059	989	899	869	815	962	544	393	470	372	592	210	391	260	144
AAA->T	A->T	5398	9.36325187160488e-10	87271167	454	372	295	263	305	294	335	356	347	316	339	251	326	175	124	159	119	211	77	128	108	44
AAC->C	A->C	2743	1.26973227351602e-09	32702297	244	181	148	147	136	144	173	183	152	159	179	163	153	105	58	83	60	86	39	75	49	26
AAC->G	A->G	11722	5.42610343060693e-09	32702297	1111	777	574	645	591	624	719	760	675	668	689	591	650	458	290	344	285	450	163	326	205	127
AAC->T	A->T	3250	1.50442212501898e-09	32702297	250	221	168	197	166	186	181	242	188	199	194	169	210	116	64	87	88	124	45	77	56	22
AAG->C	A->C	4190	1.41609753804071e-09	44790454	380	290	204	196	234	198	264	273	234	239	261	209	275	129	106	127	121	159	60	122	76	33
AAG->G	A->G	11207	3.7876384507929e-09	44790454	1056	731	584	551	588	546	689	743	695	639	704	601	620	406	287	369	254	398	170	291	160	125
AAG->T	A->T	2811	9.50035842346644e-10	44790454	247	171	160	143	166	161	179	193	151	151	184	150	171	95	69	83	45	113	43	64	49	23
AAT->C	A->C	4381	1.14691649022024e-09	57823725	369	289	216	238	241	242	300	303	265	256	233	217	250	142	105	123	109	196	70	112	80	25
AAT->G	A->G	28567	7.47864948096815e-09	57823725	2545	1922	1560	1518	1545	1456	1934	1926	1786	1678	1639	1474	1785	1034	680	791	586	1054	283	697	471	203
AAT->T	A->T	5816	1.52258988977879e-09	57823725	535	381	326	323	336	295	377	429	362	296	343	259	370	199	112	177	113	247	82	112	96	46
ACA->A	C->A	8416	2.8070712840148e-09	45385476	748	597	444	478	457	487	502	605	484	488	543	438	457	304	204	221	161	273	109	203	136	77
ACA->G	C->G	6736	2.24672435469625e-09	45385476	580	471	350	354	327	345	464	542	433	386	413	316	361	228	164	216	160	215	96	150	104	61
ACA->T	C->T	27396	9.13765742595882e-09	45385476	2536	1774	1430	1416	1441	1355	1752	1872	1574	1586	1594	1368	1642	948	665	855	612	1141	391	712	426	306
ACC->A	C->A	10623	6.36537984169628e-09	25263148	947	731	554	537	548	509	690	752	593	634	606	543	599	360	232	357	273	372	206	311	170	99
ACC->G	C->G	3940	2.36087701932442e-09	25263148	336	274	206	189	173	158	263	307	267	227	237	186	202	129	106	164	91	123	75	109	76	42
ACC->T	C->T	18121	1.08582366667964e-08	25263148	1731	1232	925	879	848	887	1113	1184	1037	1096	1086	952	965	664	452	580	500	634	310	514	287	245
ACG->A	C->A	2002	5.93088278548647e-09	5109864	193	123	96	99	109	89	114	127	89	132	101	90	97	83	50	83	47	101	48	57	44	30
ACG->G	C->G	1349	3.99638405475587e-09	5109864	121	94	60	64	38	57	97	83	84	92	51	66	59	59	44	60	34	51	39	49	26	21
ACG->T	C->T	43022	1.27451767830769e-07	5109864	4002	2921	1928	1915	2044	1914	2794	2800	2362	2839	2513	2181	2248	1531	1090	1507	1225	1697	849	1319	694	649
ACT->A	C->A	5220	2.21420594840664e-09	35687580	475	350	266	308	263	276	352	345	285	310	347	264	314	175	133	172	110	159	66	121	87	42
ACT->G	C->G	6742	2.85980392799953e-09	35687580	590	449	342	327	362	307	466	524	488	372	365	309	355	251	169	267	138	262	87	164	88	60
ACT->T	C->T	19714	8.36223296300545e-09	35687580	1757	1282	982	1045	1064	1032	1269	1377	1119	1139	1256	977	1181	628	514	577	434	731	303	504	325	218
TCT->T	C->T	18873	5.72048548855960e-09	49942774	1745	1234	985	984	1009	1009	1183	1272	1060	1087	1124	962	1046	653	451	577	425	707	276	537	321	226
TCT->G	C->G	10720	3.24927697967249e-09	49942774	878	758	596	554	503	492	742	764	788	584	607	509	521	359	295	423	228	397	167	267	173	115
TCT->A	C->A	9007	2.73005949215579e-09	49942774	812	609	498	512	476	474	580	625	506	501	594	433	523	331	197	239	174	321	131	235	162	74
GCT->T	C->T	17856	8.93167427552229e-09	30263274	1660	1183	888	942	895	879	1114	1226	1003	1082	1091	900	961	637	411	571	430	688	276	527	311	181
GCT->G	C->G	4263	2.13237720858823e-09	30263274	362	314	206	192	193	207	286	319	245	248	268	192	213	135	151	188	110	117	79	112	68	58
GCT->A	C->A	4392	2.19690375325347e-09	30263274	397	281	230	254	211	233	257	311	258	259	272	228	242	129	101	168	87	149	78	131	60	56
CCT->T	C->T	22471	8.86305148354475e-09	38379891	2148	1460	1109	1202	1101	1114	1400	1475	1218	1393	1326	1153	1102	806	522	730	597	866	438	670	354	287
CCT->G	C->G	6350	2.5045782083801e-09	38379891	583	407	311	304	314	302	410	476	471	371	310	275	295	223	201	236	186	190	126	173	90	96
CCT->A	C->A	4827	1.90387386013397e-09	38379891	481	322	249	248	261	211	302	330	285	261	285	232	247	179	124	159	122	169	87	138	78	57
TAT->T	A->T	5408	1.69874241891837e-09	48191868	486	339	321	320	316	294	348	364	324	280	318	294	338	175	118	170	95	205	54	111	98	40
TAT->G	A->G	33166	1.04179902118799e-08	48191868	2901	2249	1838	1910	1829	1666	2181	2217	2009	1771	2011	1677	2204	1188	735	890	642	1357	322	774	591	204
TAT->C	A->C	3362	1.05605991353616e-09	48191868	273	228	172	212	199	169	197	223	204	172	223	165	234	121	81	96	79	129	37	63	65	20
GAT->T	A->T	6664	3.34185065612804e-09	30186486	664	435	361	373	349	336	439	458	338	385	403	315	388	230	162	193	137	267	93	172	111	55
GAT->G	A->G	10533	5.28206977205831e-09	30186486	911	742	537	558	568	546	701	735	648	642	641	526	587	369	234	289	244	382	125	279	157	112
GAT->C	A->C	2055	1.0305376798234e-09	30186486	182	119	100	98	100	104	146	146	115	130	105	100	128	80	52	74	52	86	29	57	29	23
CAT->T	A->T	6814	2.46911009908166e-09	41775945	602	433	383	370	390	327	417	470	396	422	419	341	436	215	163	201	145	269	80	166	105	64
CAT->G	A->G	30553	1.10711360224893e-08	41775945	2742	2031	1630	1651	1581	1535	2013	2037	1785	1764	1788	1490	1839	1109	807	883	689	1191	418	753	495	322
CAT->C	A->C	5370	1.94586457764434e-09	41775945	435	361	259	291	305	258	350	385	347	307	302	264	299	197	128	157	131	223	91	136	88	56
CAA->C	A->C	5177	1.81935246232202e-09	43075064	472	330	277	278	310	266	341	325	347	295	291	256	283	177	136	162	123	183	70	125	77	53
CAA->G	A->G	10753	3.77892544472643e-09	43075064	992	701	539	535	558	533	704	719	647	614	644	591	643	362	257	325	234	446	150	266	193	100
CAA->T	A->T	2655	9.33046317841409e-10	43075064	244	154	150	156	130	130	176	209	144	150	174	129	159	99	53	82	56	106	31	73	27	23
CAC->C	A->C	3784	1.74885346170165e-09	32753847	365	252	184	169	164	215	261	271	222	227	208	173	196	117	113	142	77	127	80	115	58	48
CAC->G	A->G	10699	4.9447629986115e-09	32753847	1047	667	525	504	492	523	712	733	665	649	584	520	567	362	278	371	285	408	199	290	180	138
CAC->T	A->T	3135	1.44890475751445e-09	32753847	279	222	153	151	156	144	211	242	185	199	178	153	157	95	91	115	73	107	43	101	42	38
CAG->C	A->C	4612	1.59750461361112e-09	43703054	418	340	231	214	193	244	283	296	290	286	296	230	250	175	129	173	121	141	71	113	64	54
CAG->G	A->G	15156	5.24973545617739e-09	43703054	1457	997	718	697	748	679	1008	981	864	952	865	774	814	549	457	500	432	511	314	426	208	205
CAG->T	A->T	3439	1.19120085997585e-09	43703054	316	223	146	169	160	198	248	210	182	208	227	167	160	107	91	115	99	125	74	98	72	44
CCA->A	C->A	6119	2.29901920689774e-09	40290482	579	373	313	312	320	310	373	444	368	378	366	275	334	226	127	198	153	201	102	203	96	68
CCA->G	C->G	4560	1.71327465001695e-09	40290482	424	311	223	218	200	201	276	322	298	298	264	201	221	163	106	191	122	145	86	134	82	74
CCA->T	C->T	18351	6.89480331194319e-09	40290482	1703	1192	893	843	870	872	1120	1238	1042	1164	1084	949	909	677	519	650	505	644	354	568	279	276
CCC->A	C->A	5752	3.15314660514761e-09	27614636	533	394	216	272	281	252	339	417	336	381	358	302	249	196	155	220	168	224	130	163	76	90
CCC->G	C->G	5824	3.19261575597699e-09	27614636	576	395	279	259	230	254	371	368	360	355	337	296	240	208	162	225	179	215	124	188	85	118
CCC->T	C->T	17406	9.54166721300405e-09	27614636	1738	1141	758	804	799	839	1063	1124	952	1149	1036	834	855	584	453	625	527	629	389	546	280	281
CCG->A	C->A	1640	4.83116247870763e-09	5138742	153	102	73	86	69	65	123	102	80	93	84	63	91	55	42	76	69	44	49	61	29	31
CCG->G	C->G	1650	4.86062078650463e-09	5138742	151	101	69	60	69	66	106	106	99	102	93	77	64	54	52	76	69	64	58	45	26	43
CCG->T	C->T	36950	1.08848447309907e-07	5138742	3595	2475	1549	1465	1518	1576	2402	2357	2060	2378	2013	1845	1765	1293	1067	1441	1331	1298	995	1240	593	694
TCG->T	C->T	26832	9.14332174205744e-08	4442359	2547	1771	1199	1189	1221	1293	1778	1694	1502	1824	1499	1311	1334	930	716	986	834	920	630	824	410	420
TCG->G	C->G	1396	4.7570353130263e-09	4442359	134	96	54	60	61	55	97	99	77	92	68	66	62	52	41	72	46	45	31	42	20	26
TCG->A	C->A	1446	4.92741623397997e-09	4442359	125	83	59	85	75	65	86	94	83	94	78	70	87	57	37	58	42	59	35	41	22	11
GCG->T	C->T	30327	1.05227837982094e-07	4362781	2963	1946	1260	1248	1299	1263	2045	1905	1691	1910	1698	1548	1410	1098	825	1201	1041	1099	802	1003	481	591
GCG->G	C->G	979	3.39690880682132e-09	4362781	85	57	45	56	47	53	68	59	53	63	63	44	55	23	32	37	33	43	17	22	15	9
GCG->A	C->A	2336	8.10539220912625e-09	4362781	225	168	80	116	81	113	121	147	122	165	131	133	131	77	55	88	58	78	67	90	42	48
TAG->T	A->T	1962	1.02210173756066e-09	29058252	173	149	93	111	111	89	123	142	143	118	110	86	111	71	50	53	40	73	16	41	47	12
TAG->G	A->G	9804	5.10738299441628e-09	29058252	927	616	519	521	485	512	641	720	568	571	545	476	590	370	250	286	217	388	123	214	165	100
TAG->C	A->C	1997	1.04033494898504e-09	29058252	196	134	110	124	96	98	121	118	125	133	107	109	116	51	36	66	47	70	38	48	36	18
GAG->T	A->T	2669	1.10026107927809e-09	36721248	232	176	139	133	132	123	176	140	148	160	181	134	165	87	73	103	76	106	40	71	38	36
GAG->G	A->G	7469	3.0789996257505e-09	36721248	727	510	356	381	348	342	479	500	455	428	422	403	398	262	189	232	200	274	149	223	113	78
GAG->C	A->C	2834	1.16828021681308e-09	36721248	261	188	124	135	134	129	208	173	155	179	155	160	164	93	79	107	62	109	56	86	34	43
GAA->C	A->C	3339	1.13208371261906e-09	44648049	279	248	204	173	177	173	207	210	199	178	207	188	180	108	70	98	79	126	56	95	51	33
GAA->G	A->G	8728	2.9592173236715e-09	44648049	768	586	425	443	487	498	561	573	468	481	577	437	549	292	176	258	192	344	138	225	171	79
GAA->T	A->T	2919	9.8968324562295e-10	44648049	283	189	146	159	162	151	172	203	167	157	193	125	171	95	72	92	74	114	43	82	53	16
GAC->C	A->C	1321	9.66055634256419e-10	20699759	125	83	84	66	64	60	80	77	79	77	74	77	64	57	38	43	40	42	18	38	18	17
GAC->G	A->G	6221	4.5494565486065e-09	20699759	582	378	310	333	344	305	346	429	342	409	355	316	324	211	129	224	173	211	115	197	117	71
GAC->T	A->T	2958	2.16320406217297e-09	20699759	265	206	140	159	147	125	209	202	169	174	173	136	169	100	63	96	77	110	51	92	45	50
GCA->A	C->A	7409	3.55355132080564e-09	31561789	703	467	377	425	385	396	453	503	389	454	452	351	385	264	187	242	159	273	119	209	130	86
GCA->G	C->G	3274	1.57029653452796e-09	31561789	310	231	155	142	133	144	214	249	195	233	195	157	192	105	87	121	69	107	57	87	48	43
GCA->T	C->T	14946	7.16849480911880e-09	31561789	1385	1087	678	711	727	772	954	1047	828	866	912	720	827	529	379	476	394	548	267	447	202	190
GCC->A	C->A	6766	4.13885978001272e-09	24746620	659	468	344	345	317	327	412	435	371	410	435	309	351	221	168	253	172	214	133	212	116	94
GCC->G	C->G	3623	2.21624135131334e-09	24746620	372	220	159	151	140	153	245	243	203	216	240	186	172	126	109	142	93	142	87	119	47	58
GCC->T	C->T	16128	9.86573019982932e-09	24746620	1517	1031	749	781	752	771	979	1124	877	1022	1016	816	787	535	393	600	463	528	337	513	262	275
TCC->T	C->T	19216	8.60632230469155e-09	33799478	1829	1332	918	892	960	950	1162	1301	1026	1147	1194	934	991	744	534	652	525	694	347	563	258	263
TCC->G	C->G	5338	2.39074461190901e-09	33799478	453	376	261	245	254	239	366	393	365	316	287	248	243	170	156	237	134	177	112	161	71	74
TCC->A	C->A	6025	2.69843317473806e-09	33799478	546	449	289	310	259	296	363	391	372	370	392	307	324	219	156	200	144	230	89	167	85	67
TAC->T	A->T	1952	1.16843929641430e-09	25289385	207	118	104	116	108	99	133	125	111	115	121	99	111	80	36	60	29	63	13	54	34	16
TAC->G	A->G	10662	6.38212078809898e-09	25289385	953	701	597	597	551	606	681	742	647	585	626	547	645	355	235	295	229	418	133	243	186	90
TAC->C	A->C	1636	9.79286213593128e-10	25289385	129	125	84	115	69	72	100	120	104	94	122	72	79	70	45	52	34	55	17	35	31	12
TAA->C	A->C	3834	1.21946481674701e-09	47593478	316	278	224	227	218	209	283	240	252	198	231	187	256	123	101	97	68	130	32	71	62	31
TAA->G	A->G	13019	4.14090048232377e-09	47593478	1203	840	686	746	740	671	876	858	789	752	741	652	851	442	274	329	252	518	158	301	218	122
TAA->T	A->T	5019	1.59637295650841e-09	47593478	425	350	255	287	290	277	334	328	270	286	317	240	338	181	120	128	113	204	55	89	93	39
TCA->A	C->A	5856	2.01145827460997e-09	44071177	500	407	324	318	343	274	418	386	344	312	327	310	353	206	156	204	115	197	70	135	109	48
TCA->G	C->G	5840	2.00596248697443e-09	44071177	485	395	300	297	291	278	375	460	402	314	355	289	291	227	165	194	129	193	83	153	103	61
TCA->T	C->T	17274	5.93338972602675e-09	44071177	1571	1090	896	808	879	841	1098	1221	1016	1018	1055	895	1010	612	429	597	418	687	273	447	256	157
