Context	X1mer	Count	Rate	context_in_genome	chr1	chr2	chr3	chr4	chr5	chr6	chr7	chr8	chr9	chr10	chr11	chr12	chr13	chr14	chr15	chr16	chr17	chr18	chr19	chr20	chr21	chr22
AAA->C	A->C	43382	1.65863022554956e-09	87707853	3612	2082	2589	2934	3490	2429	2789	2801	2442	2335	2382	2182	2403	1484	1013	1250	905	1542	676	982	691	369
AAA->G	A->G	74715	2.85658930666948e-09	87707853	6375	3598	4553	4906	5743	4234	4876	4704	4118	4050	4121	3763	4154	2634	1827	2042	1696	2740	1029	1749	1166	637
AAA->T	A->T	26480	1.0124136363596e-09	87707853	2210	1209	1569	1935	2099	1488	1746	1758	1468	1429	1497	1335	1492	843	629	700	541	940	399	556	419	218
AAC->C	A->C	14605	1.49019746420523e-09	32865196	1235	719	860	950	1049	821	936	901	809	808	822	727	781	531	366	431	349	542	231	366	221	150
AAC->G	A->G	55384	5.65101652567903e-09	32865196	4924	2619	3225	3775	4196	3186	3506	3502	3045	2998	3032	2759	3084	1868	1271	1533	1216	2057	732	1445	918	493
AAC->T	A->T	14822	1.51233870691201e-09	32865196	1227	670	889	1117	1192	830	950	967	815	825	821	738	809	500	312	445	310	520	195	343	222	125
AAG->C	A->C	19186	1.42923786434256e-09	45015120	1678	958	1107	1314	1506	1129	1153	1214	1057	1027	1074	939	1001	654	478	576	446	679	251	458	306	181
AAG->G	A->G	53846	4.01119264272853e-09	45015120	4739	2671	3181	3544	4014	2884	3360	3377	2918	2992	3013	2621	2937	1866	1365	1601	1268	1912	815	1363	859	546
AAG->T	A->T	13115	9.76986062277321e-10	45015120	1173	614	749	876	965	763	815	885	676	740	771	685	746	454	302	333	281	472	178	297	226	114
AAT->C	A->C	22214	1.28183617881849e-09	58112924	1935	1066	1252	1575	1748	1243	1453	1467	1265	1190	1231	1126	1311	727	480	533	451	810	271	519	377	184
AAT->G	A->G	132731	7.65910677279e-09	58112924	11095	6698	7987	8662	10613	7374	8583	8554	7710	7035	7366	6568	7575	4675	3145	3600	2746	4903	1526	3140	2077	1099
AAT->T	A->T	26785	1.54560106462831e-09	58112924	2220	1310	1668	1928	2244	1444	1735	1805	1448	1378	1479	1365	1543	887	577	711	523	962	322	594	452	190
ACA->A	C->A	38950	2.86352912358719e-09	45612549	3222	1916	2227	2742	3021	2206	2513	2651	2187	2110	2350	1854	2131	1343	837	1113	792	1342	519	892	647	335
ACA->G	C->G	32423	2.38367663091316e-09	45612549	2564	1729	1885	1960	2393	1634	2077	2343	2048	1715	1794	1575	1641	1071	811	1183	718	1136	524	786	493	343
ACA->T	C->T	128409	9.44038283005668e-09	45612549	11153	6180	7335	8434	9793	7148	8150	8244	6915	7168	7198	6444	6997	4389	3110	3692	2901	4770	1810	3268	2010	1300
ACC->A	C->A	43149	5.69905419348023e-09	25389049	3740	2134	2422	2783	3149	2407	2642	2789	2316	2402	2510	2179	2120	1436	1056	1389	967	1525	785	1222	677	499
ACC->G	C->G	18913	2.49800023085799e-09	25389049	1562	950	1050	1084	1297	945	1245	1350	1210	1055	1055	895	833	616	525	793	473	584	362	503	284	242
ACC->T	C->T	76268	1.00733612651127e-08	25389049	6919	3712	4235	4585	5314	4109	4775	4860	3968	4526	4078	3831	3804	2753	1930	2478	2021	2613	1391	2278	1099	989
ACG->A	C->A	9833	6.42078383493828e-09	5135426	854	478	480	627	587	515	663	692	517	589	517	452	496	345	215	378	268	354	206	296	169	135
ACG->G	C->G	7043	4.59896069861389e-09	5135426	638	331	347	408	427	354	463	457	419	386	408	336	341	249	198	280	183	243	173	183	116	103
ACG->T	C->T	187182	1.22226701900887e-07	5135426	16767	9386	9616	10649	12720	9407	12131	11812	9718	11387	10178	9466	9375	6430	4551	6104	5266	7046	3660	5830	2935	2748
ACT->A	C->A	23664	2.21249917112333e-09	35866048	1982	1158	1393	1626	1827	1227	1525	1557	1344	1273	1417	1182	1257	779	630	699	498	826	312	561	373	218
ACT->G	C->G	32493	3.03797902160709e-09	35866048	2572	1766	1854	2011	2399	1670	2150	2381	2229	1712	1741	1559	1616	1067	897	1211	652	1031	463	704	495	313
ACT->T	C->T	88966	8.31800208156515e-09	35866048	7957	4210	5159	5880	6672	4954	5635	5730	4738	4878	5092	4455	4935	3143	2063	2432	2008	3262	1314	2222	1405	822
TCT->T	C->T	80622	5.38628546003939e-09	50192946	7291	3827	4553	5401	6112	4583	5054	5058	4269	4605	4529	4055	4356	2707	1846	2381	1803	2903	1165	2048	1266	810
TCT->G	C->G	51163	3.41815537932569e-09	50192946	4129	2773	2926	3024	3649	2651	3249	3773	3603	2752	2808	2338	2359	1768	1344	2005	1111	1617	759	1245	731	549
TCT->A	C->A	40810	2.72648048453533e-09	50192946	3466	1949	2437	2888	3220	2276	2612	2664	2169	2180	2335	2032	2316	1475	907	1092	824	1463	527	989	646	343
GCT->T	C->T	77735	8.57076872191349e-09	30414124	7020	3670	4325	5004	5563	4296	4701	4982	4006	4504	4494	3957	3944	2645	1788	2430	1943	2738	1253	2333	1216	923
GCT->G	C->G	20379	2.24691189018943e-09	30414124	1701	1053	1121	1136	1334	1033	1313	1541	1398	1131	1090	953	917	660	542	887	507	661	381	504	260	256
GCT->A	C->A	19866	2.19035043969298e-09	30414124	1676	1009	1133	1229	1436	1119	1280	1324	1047	1089	1146	981	1007	667	474	639	482	684	305	562	326	251
CCT->T	C->T	101966	8.86483004177357e-09	38571227	9435	5020	5503	6336	6931	5484	6339	6493	5272	5900	5621	5106	5054	3461	2458	3310	2697	3576	1858	3044	1611	1457
CCT->G	C->G	29159	2.53505657952725e-09	38571227	2432	1534	1603	1618	1934	1394	1849	2063	1985	1567	1606	1344	1279	982	794	1356	736	929	561	779	395	419
CCT->A	C->A	21938	1.90726949626766e-09	38571227	1951	1074	1254	1443	1566	1155	1413	1362	1150	1239	1281	1094	1096	721	512	736	568	760	390	592	322	259
TAT->T	A->T	25718	1.78064850087401e-09	48432566	2131	1218	1575	1904	2126	1474	1691	1648	1448	1265	1444	1298	1589	878	545	622	497	962	278	543	406	176
TAT->G	A->G	151654	1.05001348375281e-08	48432566	12699	7532	9217	10785	12231	8750	9745	9631	8659	7799	8503	7371	9082	5430	3434	3865	2928	5579	1559	3351	2454	1050
TAT->C	A->C	17613	1.21947904370067e-09	48432566	1492	886	1027	1267	1440	1026	1152	1146	967	906	983	894	1088	602	354	444	328	606	177	390	305	133
GAT->T	A->T	26368	2.91455006511476e-09	30337805	2184	1281	1632	1890	2047	1473	1699	1735	1390	1489	1511	1296	1404	937	551	735	494	962	330	659	438	231
GAT->G	A->G	48602	5.37215421210209e-09	30337805	4167	2347	2842	3210	3639	2582	3174	3119	2707	2657	2809	2489	2664	1688	1129	1475	998	1721	711	1264	744	466
GAT->C	A->C	10501	1.16071337355014e-09	30337805	994	488	608	682	774	556	673	675	554	600	616	522	539	342	260	289	230	392	190	245	158	114
CAT->T	A->T	30518	2.43740097509852e-09	41986297	2580	1509	1817	2083	2405	1691	1967	2013	1630	1696	1743	1467	1696	1006	668	879	626	1071	378	801	508	284
CAT->G	A->G	140452	1.12175713269067e-08	41986297	12190	6934	8151	8835	10587	7544	8896	8928	7866	7836	7850	6962	7812	4872	3399	4131	3160	5160	2004	3693	2197	1445
CAT->C	A->C	24626	1.96682077504345e-09	41986297	2048	1232	1425	1627	1859	1356	1596	1581	1388	1420	1394	1292	1252	858	620	717	492	910	326	601	390	242
CAA->C	A->C	24524	1.89967021834938e-09	43290398	2030	1270	1435	1580	1864	1401	1572	1558	1354	1353	1404	1284	1336	793	599	721	552	907	348	590	343	230
CAA->G	A->G	52971	4.10322260382422e-09	43290398	4715	2615	3142	3353	3913	2920	3355	3310	2906	2912	2983	2664	2934	1823	1244	1456	1245	1990	822	1366	772	531
CAA->T	A->T	12252	9.49060492383651e-10	43290398	1035	588	714	817	983	649	815	772	671	660	698	590	672	453	275	349	281	439	148	322	213	108
CAC->C	A->C	17367	1.76921688836968e-09	32917149	1515	800	927	987	1191	862	1164	1184	962	994	911	833	854	611	448	681	413	609	364	506	287	264
CAC->G	A->G	54396	5.54144768006892e-09	32917149	4908	2688	2818	3086	3780	2830	3587	3309	2959	3192	2925	2761	2790	1814	1364	1774	1546	1929	1102	1627	845	762
CAC->T	A->T	14329	1.45972872651863e-09	32917149	1243	736	843	861	962	683	890	958	767	851	743	734	703	464	342	487	394	510	253	431	272	202
CAG->C	A->C	20865	1.59301356317973e-09	43921524	1846	1067	1160	1214	1439	1088	1345	1360	1175	1210	1200	994	1003	674	549	708	539	725	373	583	332	281
CAG->G	A->G	73427	5.60604873729202e-09	43921524	6633	3655	3975	3994	4944	3674	4704	4579	3997	4293	4161	3587	3668	2616	1843	2407	2126	2629	1500	2205	1163	1074
CAG->T	A->T	16052	1.22554774580211e-09	43921524	1353	848	860	1030	1115	864	1012	1064	869	922	936	804	769	530	385	517	426	540	269	471	252	216
CCA->A	C->A	27453	2.27352330576767e-09	40491968	2456	1339	1490	1684	1990	1473	1809	1739	1520	1565	1575	1337	1335	967	647	913	652	993	463	756	426	324
CCA->G	C->G	20651	1.71021490501614e-09	40491968	1738	1086	1140	1220	1400	1022	1291	1447	1312	1155	1134	932	977	675	551	822	537	688	416	531	286	291
CCA->T	C->T	85383	7.07100281995996e-09	40491968	7634	4184	4733	5084	5992	4496	5302	5361	4628	4945	4770	4323	4238	2902	2196	2801	2338	2885	1586	2615	1230	1140
CCC->A	C->A	24246	2.92966520332822e-09	27752403	2167	1198	1325	1431	1645	1233	1497	1483	1353	1411	1400	1171	1030	861	673	872	656	836	485	765	359	395
CCC->G	C->G	24364	2.94392324564418e-09	27752403	2132	1379	1242	1234	1537	1175	1548	1587	1502	1424	1296	1169	1031	851	689	988	689	790	523	794	342	442
CCC->T	C->T	75979	9.18060845020519e-09	27752403	7151	3662	3997	4190	5062	3950	4640	4984	4030	4407	4297	3734	3421	2642	1993	2690	2174	2529	1608	2501	1086	1231
CCG->A	C->A	8118	5.27097054346053e-09	5164603	774	378	377	425	466	351	539	506	380	494	426	417	413	251	212	331	266	313	227	266	138	168
CCG->G	C->G	7517	4.88074471239133e-09	5164603	693	360	325	365	416	302	501	461	418	440	390	360	341	279	230	341	278	222	257	236	130	172
CCG->T	C->T	162035	1.05208390245088e-07	5164603	15375	7990	7561	8124	9693	7528	10624	9604	8580	10068	8808	8162	7091	5504	4268	6056	5616	5567	4495	5413	2609	3299
TCG->T	C->T	114056	8.56687313399752e-08	4464515	10475	5419	5859	6231	7588	5805	7502	6906	5916	7114	6084	5839	5486	3870	2923	3843	3501	3904	2630	3579	1779	1803
TCG->G	C->G	6948	5.21872014931391e-09	4464515	599	348	325	394	386	351	454	432	354	427	368	344	351	248	207	293	229	250	172	208	92	116
TCG->A	C->A	6661	5.00315125425733e-09	4464515	562	335	323	459	425	316	453	445	354	423	337	329	315	232	149	234	191	245	141	193	105	95
GCG->T	C->T	131628	1.00664326501488e-07	4384814	12350	6364	6290	6716	8183	6335	8685	7978	6869	8030	7026	6636	5965	4582	3563	4811	4393	4327	3610	4318	2066	2531
GCG->G	C->G	5214	3.98747833575498e-09	4384814	452	261	242	256	275	239	320	307	316	297	295	256	259	177	165	214	186	179	178	158	84	98
GCG->A	C->A	11016	8.4246377726653e-09	4384814	985	525	518	598	637	555	655	731	599	685	612	495	518	372	280	412	377	399	292	341	183	247
TAG->T	A->T	9374	1.07639657628757e-09	29203246	803	419	559	665	762	551	563	619	516	507	576	452	551	311	189	248	187	336	111	240	140	69
TAG->G	A->G	44649	5.12695015304714e-09	29203246	3886	2155	2556	2922	3360	2496	2864	2775	2518	2484	2556	2282	2522	1590	1066	1268	973	1580	603	1133	654	406
TAG->C	A->C	9507	1.09166868474141e-09	29203246	804	433	567	642	745	532	595	601	558	530	495	462	533	371	204	283	186	339	127	249	160	91
GAG->T	A->T	12066	1.09639137651754e-09	36904234	1112	637	644	666	870	634	746	735	685	723	702	585	606	389	299	446	275	431	237	330	162	152
GAG->G	A->G	35674	3.2415602491204e-09	36904234	3173	1828	1955	2101	2458	1817	2291	2276	1931	2095	2033	1824	1717	1250	908	1142	940	1177	672	1060	497	529
GAG->C	A->C	13723	1.24695664345684e-09	36904234	1207	690	740	792	889	689	928	855	736	797	749	695	676	470	350	513	399	480	259	413	212	184
GAA->C	A->C	16276	1.21634368509719e-09	44871425	1337	834	963	1055	1175	848	1046	1045	948	948	919	845	951	557	408	480	357	582	191	401	233	153
GAA->G	A->G	42337	3.16394338879085e-09	44871425	3732	2106	2451	2733	3292	2376	2711	2766	2207	2289	2433	2094	2381	1500	1033	1168	903	1478	560	1077	650	397
GAA->T	A->T	12383	9.2541065695248e-10	44871425	1035	627	717	870	982	701	779	837	704	676	683	648	661	419	295	353	260	419	143	289	193	92
GAC->C	A->C	6747	1.08755926982372e-09	20803493	588	338	339	457	457	413	397	413	366	378	415	310	322	236	187	231	171	224	127	187	108	83
GAC->G	A->G	29554	4.76385455170747e-09	20803493	2659	1472	1661	1888	2111	1559	1811	1912	1580	1691	1685	1459	1498	1021	702	870	700	1074	524	858	459	360
GAC->T	A->T	12178	1.96299048286843e-09	20803493	1027	620	688	797	914	668	788	818	618	698	643	601	615	393	292	395	250	448	202	372	194	137
GCA->A	C->A	34609	3.65879630927323e-09	31719717	3080	1749	1887	2367	2490	1828	2204	2390	1727	2014	1989	1763	1714	1169	819	1000	778	1190	553	987	546	365
GCA->G	C->G	16022	1.69381474377115e-09	31719717	1367	858	874	958	1113	824	1042	1125	1028	917	839	750	800	552	375	555	446	550	253	394	212	190
GCA->T	C->T	66299	7.00900160387488e-09	31719717	5725	3369	3661	4016	4683	3485	4274	4321	3609	3798	3870	3319	3381	2207	1616	2205	1545	2258	1150	1911	1025	871
GCC->A	C->A	28458	3.83711629698766e-09	24870121	2568	1449	1515	1630	1834	1465	1710	1931	1498	1742	1604	1445	1309	946	744	1034	797	915	593	890	432	407
GCC->G	C->G	17532	2.36391604887159e-09	24870121	1603	890	904	992	1204	833	1086	1141	999	989	956	845	796	616	498	751	519	533	357	492	243	285
GCC->T	C->T	70671	9.52887925449486e-09	24870121	6468	3484	3681	4086	4740	3613	4455	4420	3742	4174	4143	3319	3293	2394	1773	2584	1992	2479	1529	2174	1030	1098
TCC->T	C->T	73418	7.24795041279328e-09	33967675	6697	3572	3984	4331	5076	3972	4626	4667	3916	4271	4143	3713	3653	2549	1832	2392	1949	2505	1300	2202	1063	1005
TCC->G	C->G	24465	2.41522660449736e-09	33967675	1996	1313	1372	1403	1602	1258	1674	1713	1538	1330	1291	1161	1152	799	670	1046	607	772	460	654	313	341
TCC->A	C->A	25628	2.53003995177022e-09	33967675	2210	1307	1451	1562	1812	1369	1644	1655	1451	1506	1492	1279	1222	906	604	856	587	873	427	688	391	336
TAC->T	A->T	9037	1.19230654463474e-09	25416447	746	447	586	639	752	508	589	574	494	470	477	417	498	300	196	250	165	374	117	213	157	68
TAC->G	A->G	48835	6.4430994917824e-09	25416447	4292	2306	2921	3345	3846	2720	3040	3098	2630	2646	2662	2466	2848	1660	1149	1256	1033	1883	637	1207	765	425
TAC->C	A->C	8033	1.0598426992421e-09	25416447	680	375	490	519	587	460	539	541	493	431	404	426	435	301	211	241	150	265	112	180	108	85
TAA->C	A->C	18996	1.33176759556896e-09	47831302	1498	924	1201	1287	1536	1034	1229	1238	1118	1016	1158	927	1071	689	468	491	371	677	227	411	287	138
TAA->G	A->G	57075	4.00140216451349e-09	47831302	4726	2851	3363	4046	4620	3356	3712	3642	3137	2952	3014	2816	3469	1955	1310	1440	1119	2171	690	1375	890	421
TAA->T	A->T	25385	1.77968627150547e-09	47831302	2142	1238	1491	1711	2011	1490	1660	1574	1371	1407	1289	1247	1538	931	559	610	581	953	382	589	406	205
TCA->A	C->A	26862	2.03373752568712e-09	44291657	2272	1282	1598	1915	2080	1546	1747	1730	1441	1425	1458	1393	1505	871	612	764	528	1023	367	656	423	226
TCA->G	C->G	27455	2.07863389798749e-09	44291657	2228	1469	1609	1746	2051	1407	1839	1892	1789	1355	1542	1334	1342	901	730	1006	561	884	447	628	393	302
TCA->T	C->T	75494	5.71569431778065e-09	44291657	6526	3724	4263	4943	5553	4109	4856	4848	4190	4224	4155	3837	4181	2516	1818	2287	1739	2705	1177	1943	1075	825
