Context	X1mer	Count	Rate	context_in_genome	chr1	chr2	chr3	chr4	chr5	chr6	chr7	chr8	chr9	chr10	chr11	chr12	chr13	chr14	chr15	chr16	chr17	chr18	chr19	chr20	chr21	chr22
AAA->C	A->C	17645	1.66477829175538e-09	87271167	1154	1308	1703	2467	1464	1257	868	922	785	741	718	697	770	432	313	398	276	520	213	300	234	105
AAA->G	A->G	30411	2.86923052596049e-09	87271167	2145	2353	2846	4215	2423	2219	1540	1521	1251	1337	1222	1200	1295	759	516	650	532	943	339	513	390	202
AAA->T	A->T	10820	1.02085016247057e-09	87271167	740	797	1027	1588	876	780	541	643	438	449	424	441	491	258	168	212	155	319	113	190	111	59
AAC->C	A->C	6531	1.64439803906586e-09	32702297	424	476	645	988	525	530	335	289	257	290	263	232	255	142	101	140	113	178	84	122	92	50
AAC->G	A->G	22723	5.72127647246878e-09	32702297	1631	1661	2063	3203	1889	1708	1130	1164	909	952	960	851	948	552	361	489	380	699	215	507	282	169
AAC->T	A->T	6332	1.59429312254862e-09	32702297	426	467	605	929	555	482	312	341	225	261	254	241	284	133	99	138	87	189	72	110	75	47
AAG->C	A->C	7618	1.400428784554e-09	44790454	577	603	671	1026	616	590	384	412	296	322	374	273	271	178	126	162	128	211	80	141	112	65
AAG->G	A->G	22785	4.18860197638e-09	44790454	1604	1674	2166	3068	1916	1709	1136	1153	966	976	914	857	912	525	407	539	400	689	265	438	298	173
AAG->T	A->T	5701	1.04802369398035e-09	44790454	382	441	541	812	482	451	276	316	232	251	232	223	233	112	106	113	81	143	57	96	80	41
AAT->C	A->C	9140	1.3015044435088e-09	57823725	636	730	864	1311	645	683	483	485	365	401	357	358	437	214	151	157	150	264	83	167	148	51
AAT->G	A->G	52755	7.51212985966157e-09	57823725	3708	4062	4893	7015	4321	3855	2644	2839	2261	2266	2148	2150	2322	1258	925	1101	868	1661	460	975	681	342
AAT->T	A->T	11042	1.57234267672037e-09	57823725	728	801	1088	1641	977	762	542	602	453	441	444	416	496	259	164	217	152	336	95	191	178	59
ACA->A	C->A	15966	2.89657484771874e-09	45385476	1050	1234	1556	2312	1284	1248	760	874	619	650	731	623	637	371	251	349	213	468	140	270	220	106
ACA->G	C->G	13168	2.38895763464615e-09	45385476	870	994	1219	1725	1025	921	687	795	630	547	572	494	530	310	233	359	205	380	177	225	171	99
ACA->T	C->T	52365	9.50013415387648e-09	45385476	3635	3972	4887	7176	4298	3884	2638	2851	2036	2250	2170	2004	2211	1234	885	1139	826	1591	536	1045	666	431
ACC->A	C->A	16889	5.50455219695152e-09	25263148	1270	1284	1452	2071	1293	1211	851	955	652	786	755	691	672	430	312	417	319	521	228	363	220	136
ACC->G	C->G	7305	2.38088423226543e-09	25263148	513	542	663	847	542	551	382	454	363	317	318	283	253	167	129	228	127	200	121	160	78	67
ACC->T	C->T	31296	1.02001578279232e-08	25263148	2391	2333	2730	3647	2445	2318	1557	1703	1283	1493	1286	1228	1260	817	549	816	648	943	455	688	402	304
ACG->A	C->A	4134	6.66141753230009e-09	5109864	309	271	373	596	259	332	223	218	155	214	133	138	167	88	64	108	82	132	62	110	47	53
ACG->G	C->G	3192	5.14350381303868e-09	5109864	255	231	299	458	244	251	149	143	134	121	129	109	130	70	59	80	60	93	57	51	32	37
ACG->T	C->T	76207	1.22797930789548e-07	5109864	5506	5739	6583	9427	6049	5862	3919	4010	2911	3676	3073	2903	2938	1885	1299	1926	1601	2323	1071	1670	1000	836
ACT->A	C->A	9546	2.20246926074397e-09	35687580	664	707	870	1303	817	666	503	554	439	401	418	349	354	233	186	223	141	249	99	174	135	61
ACT->G	C->G	12763	2.9447009401713e-09	35687580	866	1013	1094	1604	1045	872	693	781	673	539	509	509	500	300	250	344	194	349	128	240	166	94
ACT->T	C->T	37410	8.6312984542669e-09	35687580	2660	2739	3556	5319	3021	2778	1868	1996	1459	1631	1522	1495	1652	909	581	719	618	1063	417	715	465	227
TCT->T	C->T	33537	5.52913348465457e-09	49942774	2473	2525	3011	4449	2748	2492	1677	1817	1309	1481	1421	1326	1416	837	524	779	596	965	366	668	414	243
TCT->G	C->G	19616	3.23402458284832e-09	49942774	1331	1602	1716	2302	1532	1425	975	1198	1072	866	854	764	698	511	370	568	307	564	201	339	257	164
TCT->A	C->A	15836	2.61082857330679e-09	49942774	1123	1146	1525	2151	1229	1173	776	925	631	668	672	608	733	417	242	328	239	504	164	287	204	91
GCT->T	C->T	30986	8.43053491840727e-09	30263274	2262	2285	2735	3897	2465	2265	1551	1637	1242	1475	1391	1318	1249	733	502	698	601	928	378	712	393	269
GCT->G	C->G	7656	2.08301088670129e-09	30263274	549	580	666	822	585	549	376	521	377	357	303	308	288	172	150	267	165	216	99	155	86	65
GCT->A	C->A	7508	2.04274369610152e-09	30263274	537	589	684	899	617	554	396	430	306	323	335	273	306	179	113	197	121	206	100	165	102	76
CCT->T	C->T	39088	8.38581423475493e-09	38379891	2992	2943	3288	4684	3007	2761	1946	2101	1486	1834	1692	1656	1542	949	686	1029	847	1206	560	893	548	438
CCT->G	C->G	10833	2.32407709796101e-09	38379891	772	828	902	1131	840	764	578	628	583	510	453	419	372	282	251	362	233	280	169	241	120	115
CCT->A	C->A	8699	1.86625557787897e-09	38379891	609	576	786	1129	680	608	440	501	349	408	398	343	357	191	159	224	173	249	112	202	128	77
TAT->T	A->T	10496	1.79331089220068e-09	48191868	727	752	1064	1612	912	794	539	561	393	403	394	396	488	234	151	187	154	301	85	155	150	44
TAT->G	A->G	61749	1.05502243028296e-08	48191868	4169	4771	5870	8794	5187	4481	3122	3259	2641	2573	2569	2372	2810	1514	1014	1175	891	1870	485	1070	796	316
TAT->C	A->C	7694	1.31457069403507e-09	48191868	520	554	831	1251	644	564	394	366	316	267	292	296	321	175	105	157	106	211	55	123	117	29
GAT->T	A->T	10634	2.90061187758764e-09	30186486	767	824	996	1400	867	761	560	589	393	454	437	410	457	286	144	248	172	318	119	214	149	69
GAT->G	A->G	20223	5.51618149336608e-09	30186486	1389	1516	1878	2719	1763	1438	1040	1080	878	875	838	813	847	485	341	437	305	609	219	388	229	136
GAT->C	A->C	4491	1.22499980649296e-09	30186486	330	318	422	623	365	321	205	236	180	205	195	190	181	114	102	105	64	110	53	82	55	35
CAT->T	A->T	11994	2.36397721707068e-09	41775945	847	942	1059	1560	955	847	614	717	475	514	489	484	515	294	204	282	178	372	117	239	206	84
CAT->G	A->G	59140	1.1656295866063e-08	41775945	4154	4462	5544	7857	4965	4559	2858	3105	2498	2589	2372	2281	2436	1458	1027	1253	996	1771	561	1195	763	436
CAT->C	A->C	9854	1.94219038661118e-09	41775945	651	752	896	1300	782	755	511	546	394	448	367	429	412	246	175	207	151	329	100	211	116	76
CAA->C	A->C	9861	1.88495311492037e-09	43075064	683	726	995	1290	786	735	504	528	417	444	390	399	421	231	159	218	159	300	102	169	135	70
CAA->G	A->G	22695	4.33820210355113e-09	43075064	1631	1599	2237	3149	1896	1772	1055	1158	897	928	922	852	960	528	399	460	381	721	270	437	265	178
CAA->T	A->T	4883	9.33396821839179e-10	43075064	341	373	432	712	397	337	218	273	216	224	203	171	204	114	82	96	84	154	48	100	70	34
CAC->C	A->C	7081	1.78007296057445e-09	32753847	493	504	622	945	581	495	384	367	279	326	259	259	280	179	119	216	126	204	117	169	91	66
CAC->G	A->G	24055	6.0471197665045e-09	32753847	1652	1667	2232	3242	2020	1965	1185	1155	894	1095	944	905	944	563	393	596	511	674	322	536	319	241
CAC->T	A->T	5830	1.46558753850431e-09	32753847	428	456	521	694	473	456	303	322	226	269	221	251	223	121	101	129	142	145	72	129	89	59
CAG->C	A->C	8144	1.53437496206549e-09	43703054	567	618	656	900	669	631	420	466	355	388	373	307	308	187	154	207	172	241	130	192	108	95
CAG->G	A->G	32088	6.04555793010283e-09	43703054	2242	2281	3074	4080	2627	2486	1490	1576	1217	1482	1339	1214	1239	799	588	823	704	907	484	714	399	323
CAG->T	A->T	6376	1.20127391430864e-09	43703054	426	495	505	824	535	484	325	348	252	314	257	231	241	147	126	166	129	183	98	150	73	67
CCA->A	C->A	10854	2.21816005006171e-09	40290482	845	817	981	1374	823	798	549	600	383	523	455	431	433	279	178	258	219	312	144	202	147	103
CCA->G	C->G	7753	1.58442923052593e-09	40290482	554	584	645	890	597	558	362	470	385	367	340	300	288	179	157	250	152	228	111	169	88	79
CCA->T	C->T	32603	6.6628590484763e-09	40290482	2469	2354	2770	3821	2536	2344	1663	1749	1316	1593	1349	1290	1326	850	656	840	664	1008	474	781	434	316
CCC->A	C->A	9422	2.80937233752417e-09	27614636	714	686	788	1125	757	714	440	482	398	459	400	362	328	225	205	280	195	269	162	229	91	113
CCC->G	C->G	9058	2.70083789357821e-09	27614636	686	751	693	870	657	654	470	496	467	456	347	344	315	243	200	306	212	245	168	237	113	128
CCC->T	C->T	30101	8.97526180554183e-09	27614636	2426	2196	2445	3297	2409	2117	1410	1666	1184	1412	1331	1209	1097	794	567	890	692	891	483	825	367	393
CCG->A	C->A	3412	5.46710901306318e-09	5138742	261	256	305	479	234	263	170	165	109	163	113	123	139	86	48	108	80	103	52	67	34	54
CCG->G	C->G	3046	4.88066062537821e-09	5138742	243	229	262	345	219	233	153	142	120	138	115	116	105	70	72	119	77	57	82	65	41	43
CCG->T	C->T	63776	1.02189432713106e-07	5138742	5063	4592	5141	6879	4845	4695	3231	3163	2514	3256	2602	2531	2181	1621	1215	1830	1737	1792	1383	1677	847	981
TCG->T	C->T	45110	8.3611246827852e-08	4442359	3453	3326	3796	5284	3544	3263	2281	2334	1695	2282	1886	1844	1706	1120	790	1114	1076	1293	782	1088	591	562
TCG->G	C->G	3041	5.6364841854023e-09	4442359	196	204	313	403	218	229	151	145	116	144	123	108	113	64	66	91	79	87	51	64	39	37
TCG->A	C->A	2680	4.96737179114705e-09	4442359	170	183	251	359	192	196	135	149	103	141	104	94	109	61	39	72	50	77	58	62	46	29
GCG->T	C->T	52508	9.90986158062654e-08	4362781	3971	3820	4284	5884	4190	3958	2656	2585	2079	2562	2071	2054	1894	1255	1030	1504	1362	1436	1134	1327	705	747
GCG->G	C->G	2456	4.63522130761385e-09	4362781	183	166	239	321	181	225	86	104	106	97	96	96	86	58	46	70	55	61	64	62	29	25
GCG->A	C->A	4481	8.45701412028406e-09	4362781	310	313	373	554	335	368	221	222	165	210	173	186	160	100	77	123	101	139	106	95	62	88
TAG->T	A->T	3807	1.07874529857549e-09	29058252	272	282	377	566	326	269	176	193	131	154	170	143	185	85	51	79	62	119	27	73	51	16
TAG->G	A->G	19069	5.40336067731442e-09	29058252	1335	1482	1844	2640	1537	1417	957	955	732	788	831	776	810	476	317	398	313	570	178	344	246	123
TAG->C	A->C	3730	1.0569267044094e-09	29058252	242	285	375	501	311	284	175	213	167	164	129	140	153	99	53	76	54	105	45	84	46	29
GAG->T	A->T	4905	1.09983390574604e-09	36721248	352	367	427	587	373	368	248	254	210	223	210	214	202	115	85	126	85	140	78	126	59	56
GAG->G	A->G	15037	3.37170284214133e-09	36721248	1093	1076	1398	1932	1290	1152	727	749	596	658	640	603	548	337	258	379	298	418	226	327	165	167
GAG->C	A->C	5461	1.22450417110685e-09	36721248	389	410	509	652	439	383	301	286	224	265	235	201	219	132	110	141	90	158	76	126	66	49
GAA->C	A->C	6797	1.25348836945653e-09	44648049	446	541	614	1012	535	455	372	348	289	305	275	272	283	187	102	141	105	213	58	123	86	35
GAA->G	A->G	17916	3.30403084113332e-09	44648049	1249	1378	1674	2525	1498	1415	873	907	650	761	728	686	735	405	288	409	300	552	183	365	227	108
GAA->T	A->T	4867	8.97561849955117e-10	44648049	334	380	459	604	401	381	226	275	206	214	215	197	215	136	71	101	85	129	49	92	63	34
GAC->C	A->C	3111	1.23748586470726e-09	20699759	218	252	290	473	295	249	141	137	132	114	131	105	108	68	54	74	52	75	36	47	25	35
GAC->G	A->G	12702	5.05257005898799e-09	20699759	908	930	1243	1761	1050	1000	545	697	470	583	507	468	500	300	193	278	243	353	152	269	151	101
GAC->T	A->T	4875	1.93916540998004e-09	20699759	327	368	428	634	395	360	236	270	213	225	201	186	225	128	79	118	77	148	59	105	60	33
GCA->A	C->A	13071	3.4099870323794e-09	31561789	931	1061	1158	1724	962	936	642	766	488	598	611	543	540	298	209	296	229	370	147	295	166	101
GCA->G	C->G	6248	1.62998997615381e-09	31561789	426	482	546	779	512	424	325	351	288	274	231	247	258	167	106	174	127	197	76	109	82	67
GCA->T	C->T	26398	6.88675982562553e-09	31561789	1924	2106	2313	3248	2073	1897	1325	1435	1056	1217	1144	1055	1000	630	466	667	485	788	375	582	350	262
GCC->A	C->A	10568	3.51627181867519e-09	24746620	830	814	833	1146	801	736	536	606	446	564	475	412	377	249	195	316	250	292	161	275	137	117
GCC->G	C->G	6749	2.24558275021185e-09	24746620	532	495	545	741	521	488	332	368	277	326	272	270	247	177	146	238	176	163	104	160	85	86
GCC->T	C->T	27834	9.26115724839187e-09	24746620	2096	2100	2279	3147	2140	1940	1418	1525	1118	1445	1193	1110	1071	689	526	800	630	773	462	655	382	335
TCC->T	C->T	32293	7.86690533899123e-09	33799478	2412	2423	2808	3697	2547	2374	1608	1760	1335	1546	1385	1282	1305	811	584	781	679	971	488	754	425	318
TCC->G	C->G	9244	2.25193301810407e-09	33799478	654	753	800	1064	696	645	509	531	449	407	365	343	349	232	181	327	159	259	109	199	117	96
TCC->A	C->A	9639	2.34815906117538e-09	33799478	691	757	815	1129	782	718	493	545	399	447	420	368	393	256	165	261	198	293	128	180	107	94
TAC->T	A->T	3666	1.19360249365841e-09	25289385	265	244	356	518	314	278	186	206	140	165	154	138	154	86	62	74	58	117	34	61	41	15
TAC->G	A->G	19768	6.43620679068181e-09	25289385	1444	1458	1805	2828	1675	1466	1003	1000	801	847	781	740	904	439	325	402	303	566	183	409	270	119
TAC->C	A->C	3582	1.16625317301812e-09	25289385	209	257	390	519	316	271	187	175	158	133	106	134	143	111	77	87	49	100	44	68	33	15
TAA->C	A->C	7999	1.38386516945586e-09	47593478	572	614	790	1156	631	609	395	458	327	339	348	280	346	231	122	147	97	220	62	114	103	38
TAA->G	A->G	24375	4.21699131209984e-09	47593478	1591	1925	2401	3440	2012	1789	1209	1373	970	998	948	946	1074	614	403	455	385	730	179	464	328	141
TAA->T	A->T	10725	1.85547617732393e-09	47593478	706	768	1094	1664	881	812	515	546	416	460	386	374	483	254	187	214	164	299	122	184	129	67
TCA->A	C->A	10513	1.96416306465991e-09	44071177	726	767	1012	1453	837	805	539	580	429	454	414	430	456	235	153	231	151	302	106	214	144	75
TCA->G	C->G	10638	1.98751704383641e-09	44071177	742	838	903	1319	826	715	589	618	527	442	459	432	439	265	191	308	165	295	109	210	139	107
TCA->T	C->T	30440	5.68716100906e-09	44071177	2095	2249	2742	4015	2411	2261	1594	1656	1291	1402	1289	1215	1262	762	564	679	501	930	360	588	344	230
