Context	X1mer	Count	Rate	context_in_genome	chr1	chr2	chr3	chr4	chr5	chr6	chr7	chr8	chr9	chr10	chr11	chr12	chr13	chr14	chr15	chr16	chr17	chr18	chr19	chr20	chr21	chr22
AAA->C	A->C	9219	1.57172346222845e-09	87271167	821	594	485	500	478	442	615	628	535	560	528	461	609	333	202	266	211	357	130	221	160	83
AAA->G	A->G	15845	2.70137306204683e-09	87271167	1422	1038	807	831	838	837	1055	1062	1012	910	889	841	947	571	396	451	392	571	212	372	244	147
AAA->T	A->T	5401	9.20802518656671e-10	87271167	477	344	289	280	293	292	336	384	328	310	348	260	344	182	126	157	128	211	62	127	85	38
AAC->C	A->C	2793	1.27073731164391e-09	32702297	242	196	134	178	132	158	186	170	162	153	179	163	142	125	66	87	55	95	34	61	49	26
AAC->G	A->G	11973	5.44738196645631e-09	32702297	1106	777	608	671	634	647	701	766	678	717	690	625	701	439	281	366	261	469	159	329	225	123
AAC->T	A->T	3400	1.5469054277083e-09	32702297	299	227	170	199	177	175	195	243	187	198	218	181	241	113	60	94	85	138	49	76	53	22
AAG->C	A->C	4218	1.40114865934434e-09	44790454	373	276	206	211	226	203	275	298	245	226	247	230	276	137	99	122	121	165	61	119	71	31
AAG->G	A->G	11352	3.77094347578874e-09	44790454	1100	761	609	561	574	549	699	755	694	660	656	628	636	403	308	357	264	399	160	296	184	99
AAG->T	A->T	2824	9.38085304406924e-10	44790454	250	183	153	143	160	149	205	184	171	142	196	153	169	88	70	84	54	105	40	58	43	24
AAT->C	A->C	4534	1.16664454588684e-09	57823725	390	311	225	222	244	241	314	309	293	256	245	211	297	150	118	112	104	208	68	109	73	34
AAT->G	A->G	29185	7.50959882481417e-09	57823725	2534	1935	1569	1565	1563	1517	1977	1926	1815	1699	1712	1488	1821	1093	649	869	632	1064	294	743	498	222
AAT->T	A->T	5802	1.49291390719794e-09	57823725	528	349	315	321	336	294	379	409	358	315	344	286	396	195	126	176	113	231	76	114	87	54
ACA->A	C->A	8548	2.80227481417106e-09	45385476	746	609	463	490	450	462	532	601	473	500	539	434	474	304	200	239	181	299	127	203	150	72
ACA->G	C->G	6807	2.23152604820571e-09	45385476	583	452	331	367	339	361	462	525	460	368	420	319	362	265	142	238	167	219	102	160	105	60
ACA->T	C->T	27858	9.13263591169599e-09	45385476	2525	1837	1425	1387	1414	1383	1797	1903	1660	1642	1666	1462	1632	1016	657	858	619	1082	378	750	459	306
ACC->A	C->A	10799	6.36003022477204e-09	25263148	964	728	536	565	537	534	693	740	599	661	638	575	597	379	229	367	278	377	219	309	157	117
ACC->G	C->G	4000	2.35578487814503e-09	25263148	335	255	186	205	178	167	273	307	291	216	239	197	220	155	94	155	95	124	76	120	66	46
ACC->T	C->T	18246	1.07459127216585e-08	25263148	1693	1206	904	884	869	918	1172	1161	1042	1124	1103	945	994	664	429	600	508	624	329	529	304	244
ACG->A	C->A	2031	5.91375988032629e-09	5109864	193	124	95	99	101	91	116	128	92	144	100	101	104	81	52	92	48	90	42	63	46	29
ACG->G	C->G	1375	4.00365329170293e-09	5109864	127	103	62	57	46	72	97	83	94	86	70	53	65	47	45	55	38	51	40	37	26	21
ACG->T	C->T	43765	1.27432644590094e-07	5109864	4062	2986	1968	1968	2043	1961	2861	2787	2384	2893	2472	2326	2370	1525	1071	1568	1226	1699	835	1355	735	670
ACT->A	C->A	5392	2.24799783734659e-09	35687580	449	363	302	308	242	279	353	391	317	306	371	266	325	193	135	182	122	170	78	119	79	42
ACT->G	C->G	7010	2.92256395396876e-09	35687580	624	477	362	355	350	320	478	516	508	388	406	340	369	240	191	273	153	264	87	155	92	62
ACT->T	C->T	20019	8.3461922674038e-09	35687580	1867	1281	1036	1024	1029	1042	1319	1385	1138	1182	1263	1006	1145	656	523	592	461	706	289	537	323	215
TCT->T	C->T	19308	5.75211730113420e-09	49942774	1798	1249	1009	1023	1013	1005	1237	1280	1086	1113	1099	970	1091	709	427	608	469	698	284	582	333	225
TCT->G	C->G	10891	3.24457787065737e-09	49942774	888	820	625	556	490	510	759	762	785	574	619	502	542	390	298	429	236	379	167	263	176	121
TCT->A	C->A	9134	2.72114353783715e-09	49942774	824	627	498	525	504	482	576	605	518	507	589	491	536	315	199	261	202	305	111	235	148	76
GCT->T	C->T	18197	8.94637276662272e-09	30263274	1703	1213	850	949	891	953	1126	1240	1011	1100	1125	987	961	634	405	550	423	719	278	563	317	199
GCT->G	C->G	4336	2.13175096532814e-09	30263274	356	307	214	196	192	208	281	339	248	244	264	205	229	157	127	193	111	138	85	123	64	55
GCT->A	C->A	4432	2.17894840367489e-09	30263274	394	267	232	227	226	236	267	320	254	256	286	249	227	160	90	161	99	147	76	142	61	55
CCT->T	C->T	23054	8.93728601276371e-09	38379891	2228	1555	1115	1197	1109	1142	1480	1486	1279	1378	1344	1211	1147	807	565	752	604	851	442	698	364	300
CCT->G	C->G	6519	2.52720428199907e-09	38379891	601	443	328	312	317	297	393	491	452	370	364	283	297	250	194	275	160	214	126	182	85	85
CCT->A	C->A	4843	1.87747359069206e-09	38379891	473	315	232	236	251	236	305	342	307	261	326	229	213	183	129	165	125	161	78	140	80	56
TAT->T	A->T	5454	1.6838541735224e-09	48191868	487	348	333	320	312	278	356	355	324	283	317	298	347	195	118	163	102	204	66	113	94	41
TAT->G	A->G	33714	1.04087751386385e-08	48191868	2916	2239	1824	1963	1861	1698	2215	2239	2052	1820	2033	1704	2215	1274	735	940	679	1375	325	779	596	232
TAT->C	A->C	3477	1.07348019093095e-09	48191868	288	243	181	195	190	192	216	235	230	178	211	190	231	111	76	112	74	121	39	72	66	26
GAT->T	A->T	6820	3.3615139624341e-09	30186486	657	466	345	394	359	356	437	435	376	397	408	330	401	269	148	192	133	264	103	176	114	60
GAT->G	A->G	10765	5.3059674201764e-09	30186486	901	709	584	605	564	570	729	741	626	668	639	578	626	360	235	312	261	401	130	269	164	93
GAT->C	A->C	2168	1.06858684319019e-09	30186486	191	143	109	104	112	108	163	148	125	131	115	105	109	84	48	83	59	87	27	66	29	22
CAT->T	A->T	7062	2.5151537316224e-09	41775945	603	448	387	391	404	347	432	483	422	416	416	366	444	253	152	202	141	288	86	195	119	67
CAT->G	A->G	31007	1.10432415401325e-08	41775945	2707	1997	1619	1640	1593	1595	1986	2105	1801	1819	1782	1632	1870	1110	780	977	755	1205	419	825	490	300
CAT->C	A->C	5514	1.96382861458028e-09	41775945	462	377	263	283	301	286	366	403	334	316	304	257	314	197	120	189	138	235	77	156	85	51
CAA->C	A->C	5294	1.82861008355858e-09	43075064	467	352	277	266	282	282	364	338	344	324	294	251	281	178	140	170	140	189	70	134	97	54
CAA->G	A->G	10772	3.72077593881621e-09	43075064	1035	709	511	477	543	541	729	735	658	620	652	576	641	387	263	334	239	428	140	283	181	90
CAA->T	A->T	2671	9.22594925044383e-10	43075064	222	177	127	157	133	147	173	213	157	153	164	144	158	94	54	74	60	118	30	62	29	25
CAC->C	A->C	3836	1.74252648274865e-09	32753847	343	259	174	180	173	210	272	258	240	241	208	184	186	113	123	166	83	145	64	101	69	44
CAC->G	A->G	11010	5.00135989965137e-09	32753847	1073	682	530	495	494	544	721	732	668	676	624	554	612	374	274	383	319	435	193	300	183	144
CAC->T	A->T	3135	1.42409294145386e-09	32753847	299	199	154	144	164	142	206	230	170	214	191	151	155	109	83	117	79	113	38	95	43	39
CAG->C	A->C	4677	1.5922772415809e-09	43703054	428	318	220	238	219	238	313	310	295	270	300	230	234	193	126	168	119	147	74	119	62	56
CAG->G	A->G	15307	5.21124390354475e-09	43703054	1469	1002	725	712	730	733	1046	973	864	987	878	760	825	544	431	513	424	487	318	462	208	216
CAG->T	A->T	3458	1.17727062249022e-09	43703054	322	216	155	185	153	186	242	219	198	225	228	173	149	108	92	106	93	126	56	105	70	51
CCA->A	C->A	6181	2.28254519457204e-09	40290482	602	358	305	290	303	330	387	455	351	378	379	300	351	212	134	207	153	207	99	207	98	75
CCA->G	C->G	4726	1.74523678847233e-09	40290482	436	314	226	222	216	224	287	332	307	305	279	218	227	158	114	210	131	141	89	139	78	73
CCA->T	C->T	18636	6.88197900761115e-09	40290482	1817	1225	889	870	877	873	1136	1246	1062	1183	1127	939	906	663	499	639	552	682	352	554	292	253
CCC->A	C->A	5941	3.20098275255654e-09	27614636	553	368	247	293	274	258	367	421	339	403	345	309	275	208	162	224	199	226	123	174	81	92
CCC->G	C->G	5893	3.17512057916439e-09	27614636	582	394	270	251	217	276	349	407	385	352	316	302	262	216	157	239	199	208	121	192	85	113
CCC->T	C->T	17566	9.46447787096585e-09	27614636	1685	1119	761	787	803	867	1062	1160	1006	1157	1037	828	879	602	478	653	539	632	388	552	281	290
CCG->A	C->A	1610	4.6615695374817e-09	5138742	148	100	81	76	69	64	115	99	75	113	88	69	79	64	37	73	63	44	43	49	28	33
CCG->G	C->G	1696	4.91057263078817e-09	5138742	160	114	61	61	66	77	99	106	100	97	93	85	65	61	55	79	55	75	63	60	23	41
CCG->T	C->T	37957	1.09900121077138e-07	5138742	3770	2544	1555	1532	1549	1650	2551	2306	2136	2415	2106	1907	1727	1319	1036	1525	1368	1293	1021	1289	625	733
TCG->T	C->T	27258	9.12942530493608e-08	4442359	2570	1805	1230	1172	1190	1317	1826	1716	1556	1875	1542	1404	1343	994	698	1012	782	959	608	823	397	439
TCG->G	C->G	1435	4.80619462637878e-09	4442359	144	101	61	55	62	56	99	97	75	84	71	71	66	61	40	64	42	47	37	46	20	36
TCG->A	C->A	1488	4.98370564742273e-09	4442359	123	81	65	80	67	77	95	97	86	102	90	72	73	72	35	61	44	52	34	46	22	14
GCG->T	C->T	30735	1.04817285658864e-07	4362781	2900	1950	1246	1249	1346	1360	2061	1928	1693	1970	1713	1580	1502	1089	837	1208	1074	1070	810	1020	528	601
GCG->G	C->G	949	3.23642765870382e-09	4362781	84	62	42	47	48	51	80	51	47	52	49	55	50	23	31	38	24	41	20	30	14	10
GCG->A	C->A	2354	8.02797756437176e-09	4362781	210	164	87	122	92	117	138	138	125	140	121	129	140	78	55	89	74	84	75	89	39	48
TAG->T	A->T	1949	9.97942360932532e-10	29058252	173	142	103	104	109	110	121	137	132	109	120	82	107	74	50	51	38	67	24	42	43	11
TAG->G	A->G	10059	5.15048856265795e-09	29058252	917	612	541	550	513	530	615	713	624	597	601	488	620	363	258	300	202	405	126	228	168	88
TAG->C	A->C	2085	1.06757815420438e-09	29058252	212	147	125	126	101	98	126	122	120	134	111	120	120	52	45	56	43	77	36	57	32	25
GAG->T	A->T	2780	1.12639436199865e-09	36721248	265	192	134	128	138	132	156	159	175	154	186	146	158	91	70	113	75	96	48	96	41	27
GAG->G	A->G	7730	3.13202461088114e-09	36721248	759	520	371	380	372	369	484	509	445	452	456	441	400	293	186	238	205	245	150	234	130	91
GAG->C	A->C	2905	1.17704159050578e-09	36721248	272	185	126	130	131	126	235	165	168	192	163	170	158	101	82	113	66	107	62	81	32	40
GAA->C	A->C	3405	1.13469132560237e-09	44648049	307	235	202	162	197	192	225	195	205	196	228	192	181	98	74	97	81	116	48	86	54	34
GAA->G	A->G	8976	2.99118629621348e-09	44648049	788	584	423	475	491	511	582	593	503	509	553	436	576	317	211	273	195	336	124	218	197	81
GAA->T	A->T	2949	9.82732663495272e-10	44648049	262	198	144	166	164	154	169	211	188	160	188	135	177	102	81	94	64	108	42	72	50	20
GAC->C	A->C	1363	9.79701270804945e-10	20699759	128	97	83	70	67	70	74	87	78	74	87	72	71	57	34	42	36	34	24	36	23	19
GAC->G	A->G	6338	4.55564684839453e-09	20699759	590	379	300	352	323	303	388	387	356	414	380	325	346	227	140	210	181	230	110	200	131	66
GAC->T	A->T	2956	2.12472263866428e-09	20699759	249	222	147	150	143	128	184	221	172	168	162	141	170	120	59	103	82	116	53	78	46	42
GCA->A	C->A	7574	3.57048155093467e-09	31561789	710	486	391	443	387	365	487	504	408	456	467	394	386	268	172	241	199	262	115	218	125	90
GCA->G	C->G	3349	1.57876191102195e-09	31561789	313	254	147	147	143	155	215	245	204	241	180	151	183	120	94	127	73	105	59	99	53	41
GCA->T	C->T	15082	7.10984984832278e-09	31561789	1360	1057	726	711	711	789	959	1011	869	917	937	748	805	522	380	500	390	551	260	462	222	195
GCC->A	C->A	6799	4.08782463302663e-09	24746620	673	450	331	326	306	327	433	443	380	426	412	333	337	235	190	260	182	226	131	211	100	87
GCC->G	C->G	3759	2.26005777254701e-09	24746620	402	232	176	147	141	165	234	252	229	229	218	199	159	132	110	166	104	135	98	122	55	54
GCC->T	C->T	16413	9.86813732929344e-09	24746620	1539	1060	773	775	777	765	1012	1134	888	1050	1004	846	820	553	407	590	485	552	356	532	241	254
TCC->T	C->T	19499	8.58352054354503e-09	33799478	1877	1311	903	935	917	996	1221	1267	1099	1193	1138	1021	999	758	495	648	549	694	332	599	273	274
TCC->G	C->G	5533	2.43564383647544e-09	33799478	465	393	292	251	265	253	380	404	354	330	322	250	269	191	154	241	131	179	108	156	67	78
TCC->A	C->A	6190	2.72485728317061e-09	33799478	557	466	315	340	267	309	368	438	365	335	414	320	333	232	152	214	148	209	91	164	90	63
TAC->T	A->T	2027	1.19255546052586e-09	25289385	206	128	101	115	107	98	129	126	121	111	130	125	124	89	40	70	28	61	17	51	33	17
TAC->G	A->G	10737	6.31695509603661e-09	25289385	989	675	589	635	573	585	687	714	620	613	585	559	681	358	261	285	250	409	136	262	179	92
TAC->C	A->C	1652	9.71929758652555e-10	25289385	136	115	91	94	75	76	105	107	105	104	123	79	87	65	44	56	30	56	11	38	38	17
TAA->C	A->C	3931	1.22890611572189e-09	47593478	318	268	228	230	207	215	274	243	271	223	241	186	270	131	98	93	78	140	32	88	66	31
TAA->G	A->G	13151	4.11125523476432e-09	47593478	1204	834	685	709	770	683	884	889	811	776	774	670	857	462	264	326	245	521	144	298	237	108
TAA->T	A->T	5145	1.60842583703615e-09	47593478	426	346	248	291	289	294	347	332	292	286	325	238	346	186	134	142	113	194	70	101	100	45
TCA->A	C->A	5911	1.99558125005105e-09	44071177	516	376	311	350	339	310	408	393	347	337	321	299	349	215	143	188	118	227	84	135	91	54
TCA->G	C->G	5928	2.00132052957243e-09	44071177	507	402	309	301	267	273	363	456	435	323	346	285	325	231	154	222	125	190	84	170	102	58
TCA->T	C->T	17283	5.8348216451755e-09	44071177	1607	1114	870	829	916	866	1055	1137	999	1014	1106	911	1007	647	428	563	438	665	263	433	246	169
