Context	X1mer	Count	Rate	context_in_genome	chr1	chr2	chr3	chr4	chr5	chr6	chr7	chr8	chr9	chr10	chr11	chr12	chr13	chr14	chr15	chr16	chr17	chr18	chr19	chr20	chr21	chr22
AAA->C	A->C	6118	1.50482515562087e-09	87271167	449	564	437	568	463	450	318	336	318	295	277	273	276	192	138	153	115	184	84	113	85	30
AAA->G	A->G	10871	2.67390556828285e-09	87271167	804	963	728	950	795	802	627	625	565	544	465	478	490	323	227	333	222	327	138	222	154	89
AAA->T	A->T	3801	9.34919976547061e-10	87271167	244	313	248	351	289	299	229	244	212	181	173	144	203	127	72	100	63	110	63	68	44	24
AAC->C	A->C	1886	1.23797188942342e-09	32702297	134	169	146	156	147	146	112	103	109	63	85	79	96	48	37	59	38	46	26	47	24	16
AAC->G	A->G	7930	5.20525826252795e-09	32702297	572	692	512	678	601	645	469	427	397	411	399	332	352	236	143	228	133	252	92	199	102	58
AAC->T	A->T	2315	1.51956782821591e-09	32702297	157	207	140	226	162	184	132	138	120	108	93	113	132	63	52	49	39	83	27	46	29	15
AAG->C	A->C	2775	1.32991803733948e-09	44790454	237	269	213	229	216	192	132	152	138	133	145	103	119	92	45	72	38	98	31	66	29	26
AAG->G	A->G	7740	3.70939301225498e-09	44790454	596	686	536	621	522	605	428	430	392	400	358	341	387	224	176	228	135	241	92	185	82	75
AAG->T	A->T	1810	8.6744203516557e-10	44790454	122	160	142	149	149	129	91	91	105	99	92	69	82	57	32	52	27	59	26	35	22	20
AAT->C	A->C	3189	1.18384762475887e-09	57823725	248	264	232	287	243	242	187	194	150	146	129	143	169	114	64	65	52	115	29	55	39	22
AAT->G	A->G	19694	7.31097369771128e-09	57823725	1450	1751	1344	1718	1467	1526	1054	1132	1029	951	941	834	986	607	399	500	359	638	198	423	262	125
AAT->T	A->T	3986	1.47971672382843e-09	57823725	290	327	275	395	287	308	199	248	201	176	182	159	215	125	75	93	70	137	58	62	71	33
ACA->A	C->A	5935	2.80705667992689e-09	45385476	420	521	425	516	444	475	323	322	337	283	296	242	278	158	116	166	83	204	63	125	87	51
ACA->G	C->G	4627	2.18841638719827e-09	45385476	329	415	321	377	303	322	241	312	274	210	243	187	204	161	101	142	94	146	65	94	45	41
ACA->T	C->T	18862	8.9210957197609e-09	45385476	1393	1673	1220	1601	1377	1449	1036	1080	935	838	931	822	896	587	366	530	374	613	228	456	251	206
ACC->A	C->A	6826	5.79997565918005e-09	25263148	550	573	434	585	491	444	384	395	343	313	372	291	303	194	156	189	150	242	93	184	75	65
ACC->G	C->G	2655	2.25592372914196e-09	25263148	177	246	182	188	213	178	158	180	149	118	126	90	108	84	52	74	50	79	52	81	35	35
ACC->T	C->T	15372	1.30614160317779e-08	25263148	1255	1283	970	1146	1057	1106	895	874	770	810	818	642	655	484	304	484	352	491	232	387	197	160
ACG->A	C->A	1295	5.44011124009784e-09	5109864	120	103	58	117	78	77	76	70	59	78	62	58	74	33	26	44	27	45	24	28	19	19
ACG->G	C->G	924	3.88159288482656e-09	5109864	69	95	59	69	62	64	53	43	62	47	35	34	35	29	22	37	16	24	23	18	15	13
ACG->T	C->T	29162	1.22505423925663e-07	5109864	2278	2729	1822	2136	1917	2050	1622	1608	1384	1577	1344	1257	1316	872	614	941	730	927	503	778	372	385
ACT->A	C->A	3522	2.11845676890916e-09	35687580	278	301	233	302	243	263	175	225	194	151	192	164	171	104	58	98	57	124	39	69	49	32
ACT->G	C->G	4723	2.84084932412208e-09	35687580	363	441	277	389	341	314	265	321	282	224	216	212	227	134	105	145	85	138	53	99	60	32
ACT->T	C->T	14514	8.7300629028812e-09	35687580	1112	1273	990	1234	1039	1062	830	830	703	738	690	657	704	454	265	404	285	458	202	318	172	94
TCT->T	C->T	15333	6.59024906327565e-09	49942774	1192	1316	1020	1297	1099	1135	829	946	764	696	792	666	731	477	315	380	346	484	195	337	195	121
TCT->G	C->G	7450	3.20207105728844e-09	49942774	514	672	495	579	526	498	408	455	495	368	354	350	277	237	180	261	129	206	110	168	97	71
TCT->A	C->A	6205	2.666959853755e-09	49942774	485	523	437	549	475	484	333	391	307	302	290	275	306	159	107	159	113	203	61	114	96	36
GCT->T	C->T	12460	8.83790819080417e-09	30263274	1033	1027	794	1014	848	942	713	715	611	627	629	599	525	358	230	377	295	366	171	295	147	144
GCT->G	C->G	2805	1.98959329656546e-09	30263274	214	260	173	203	196	195	162	165	176	109	129	107	120	87	74	108	55	83	59	73	26	31
GCT->A	C->A	2903	2.05910493402123e-09	30263274	228	265	171	263	187	197	167	175	178	135	145	105	128	68	61	113	47	76	53	67	38	36
CCT->T	C->T	15451	8.64172036270069e-09	38379891	1299	1303	946	1265	1058	1119	795	871	730	751	786	646	672	486	381	456	378	458	267	403	201	180
CCT->G	C->G	4351	2.43350755925899e-09	38379891	296	366	257	316	279	310	244	300	251	247	203	187	178	154	109	158	102	121	85	97	41	50
CCT->A	C->A	3085	1.72543572059618e-09	38379891	239	243	195	258	195	200	153	202	164	166	160	146	135	80	63	111	69	103	48	78	42	35
TAT->T	A->T	3743	1.66722195158379e-09	48191868	294	323	261	367	246	279	230	245	182	159	188	162	213	106	63	79	61	106	28	69	60	22
TAT->G	A->G	23550	1.04897346940418e-08	48191868	1721	2031	1688	2202	1863	1759	1331	1390	1220	1043	1154	1030	1223	694	432	529	359	793	195	429	331	133
TAT->C	A->C	2388	1.06367246069519e-09	48191868	186	218	160	233	179	192	134	131	125	99	99	106	113	75	55	44	31	87	19	47	43	12
GAT->T	A->T	4299	3.05704786459908e-09	30186486	325	359	294	380	329	316	235	261	213	204	201	177	219	137	68	94	85	168	53	95	60	26
GAT->G	A->G	7290	5.18396811652182e-09	30186486	557	624	439	619	506	537	436	409	385	368	375	323	353	217	155	179	143	246	96	162	92	69
GAT->C	A->C	1441	1.02470480876652e-09	30186486	115	128	89	123	112	108	78	77	65	68	83	64	58	42	29	42	34	47	21	29	21	8
CAT->T	A->T	4581	2.3538639758997e-09	41775945	359	417	287	388	337	310	241	265	238	227	252	217	219	140	70	125	89	166	49	96	58	31
CAT->G	A->G	21867	1.12359623577819e-08	41775945	1700	1919	1551	1769	1645	1608	1207	1263	1132	1057	1051	953	1016	636	444	571	449	674	220	503	313	186
CAT->C	A->C	3686	1.89398441719413e-09	41775945	290	356	231	314	267	266	208	207	180	175	194	162	180	108	67	111	55	122	36	78	51	28
CAA->C	A->C	3593	1.79051778497485e-09	43075064	292	320	217	281	275	253	198	224	189	189	177	170	187	104	80	72	65	103	44	71	52	30
CAA->G	A->G	7722	3.84814314933921e-09	43075064	609	728	532	654	608	563	394	431	361	353	358	332	382	205	155	221	140	260	88	189	105	54
CAA->T	A->T	1775	8.84544689209674e-10	43075064	119	176	119	176	122	128	100	96	102	71	94	78	87	54	30	43	27	66	20	31	21	15
CAC->C	A->C	2704	1.77211427748568e-09	32753847	196	214	183	201	175	191	169	163	127	112	136	129	136	83	62	101	73	77	43	80	31	22
CAC->G	A->G	7708	5.05157427916406e-09	32753847	606	660	513	549	528	560	439	432	358	399	381	328	354	219	195	234	161	259	131	201	119	82
CAC->T	A->T	2087	1.36775240277833e-09	32753847	158	189	141	157	151	167	129	130	106	97	98	77	81	57	47	58	47	63	24	61	29	20
CAG->C	A->C	3262	1.60221031434225e-09	43703054	260	296	182	221	209	213	201	195	159	178	160	157	151	116	72	87	71	115	47	80	50	42
CAG->G	A->G	10760	5.28503463590515e-09	43703054	857	933	656	774	762	742	608	587	528	618	520	418	456	350	233	305	278	371	207	293	147	117
CAG->T	A->T	2335	1.14689180992923e-09	43703054	174	197	145	168	187	179	128	155	124	119	120	113	122	52	38	71	44	65	44	42	25	23
CCA->A	C->A	4015	2.1390968097696e-09	40290482	321	355	256	318	320	300	212	245	191	207	184	167	173	112	83	120	86	111	56	99	54	45
CCA->G	C->G	3178	1.69316305390978e-09	40290482	254	309	168	233	220	236	179	180	184	165	155	119	124	113	72	94	71	89	56	78	33	46
CCA->T	C->T	12258	6.5307717793663e-09	40290482	963	1070	752	938	791	867	659	719	632	638	615	523	505	380	275	402	290	394	204	323	159	159
CCC->A	C->A	3720	2.89168492045904e-09	27614636	306	321	232	257	278	259	184	239	193	187	209	177	141	118	77	107	82	111	73	76	49	44
CCC->G	C->G	3820	2.96941838606278e-09	27614636	300	333	243	270	233	258	211	215	219	186	163	146	166	134	80	154	110	107	80	113	49	50
CCC->T	C->T	12996	1.01022411898617e-08	27614636	1048	1115	776	949	887	877	677	729	633	718	690	515	520	445	270	431	354	354	222	407	162	217
CCG->A	C->A	1034	4.31927721575898e-09	5138742	89	89	59	69	69	67	66	52	44	59	50	31	46	26	34	37	33	33	22	29	11	19
CCG->G	C->G	1018	4.2524412046834e-09	5138742	83	98	50	54	66	69	62	58	48	49	43	46	48	33	23	39	37	30	31	24	11	16
CCG->T	C->T	25102	1.04857346876191e-07	5138742	2182	2188	1418	1619	1560	1619	1443	1372	1215	1349	1219	1065	916	780	574	917	763	758	596	780	345	424
TCG->T	C->T	18320	8.85236210590731e-08	4442359	1484	1537	1133	1323	1151	1240	1064	991	854	1013	959	798	800	586	396	595	476	554	386	492	240	248
TCG->G	C->G	1016	4.90938859148571e-09	4442359	78	75	69	76	59	58	61	51	48	66	49	49	38	36	21	33	26	38	28	30	13	14
TCG->A	C->A	901	4.35369992217385e-09	4442359	54	80	49	73	59	69	49	46	51	46	42	49	38	20	25	29	24	34	17	25	9	13
GCG->T	C->T	20704	1.01868098419589e-07	4362781	1657	1825	1176	1378	1291	1395	1164	1157	1004	1112	1007	944	809	565	485	766	630	593	523	595	283	345
GCG->G	C->G	665	3.27194191697386e-09	4362781	49	65	41	39	44	45	31	38	31	44	36	21	17	24	20	24	22	18	14	18	11	13
GCG->A	C->A	1582	7.7837776130115e-09	4362781	129	141	93	93	95	103	97	88	79	90	73	60	55	49	37	51	39	58	47	47	28	30
TAG->T	A->T	1358	1.00317716417012e-09	29058252	90	124	96	142	102	102	58	72	72	55	56	68	62	60	31	31	16	54	16	22	20	9
TAG->G	A->G	7176	5.30103043452487e-09	29058252	582	610	539	587	503	544	371	429	334	351	361	325	354	208	162	190	134	229	79	141	88	55
TAG->C	A->C	1382	1.02090636294779e-09	29058252	123	119	89	138	101	104	73	85	67	57	55	62	62	40	25	38	30	39	15	24	23	13
GAG->T	A->T	1891	1.10540506339706e-09	36721248	135	150	133	137	121	124	107	111	104	88	114	74	84	61	41	62	46	63	29	58	30	19
GAG->G	A->G	5343	3.12331002312558e-09	36721248	434	501	326	412	358	389	293	298	289	260	270	244	231	158	102	166	126	160	89	126	52	59
GAG->C	A->C	1951	1.14047873013626e-09	36721248	138	174	123	138	130	154	123	104	99	88	82	100	82	69	49	66	54	50	28	44	22	34
GAA->C	A->C	2365	1.13704070493191e-09	44648049	171	222	166	209	196	161	151	137	136	100	116	103	97	65	40	65	41	85	16	45	23	20
GAA->G	A->G	5991	2.88034285972393e-09	44648049	461	519	417	520	457	472	327	327	289	301	277	296	248	187	117	159	107	153	64	141	100	52
GAA->T	A->T	1933	9.29344474686423e-10	44648049	145	161	138	180	152	139	104	110	92	93	98	86	102	64	31	45	34	57	18	43	26	15
GAC->C	A->C	926	9.60269313859389e-10	20699759	76	92	61	68	60	66	50	51	42	51	41	40	43	16	25	24	19	29	16	27	10	19
GAC->G	A->G	4044	4.19365994087189e-09	20699759	310	344	265	362	287	270	230	244	190	202	197	184	163	112	78	128	85	148	59	91	56	39
GAC->T	A->T	1884	1.95372288046554e-09	20699759	148	182	135	144	123	115	115	112	84	91	111	84	91	65	38	53	35	55	22	48	19	14
GCA->A	C->A	5017	3.41216357266979e-09	31561789	379	454	348	433	367	353	274	298	221	268	243	217	227	137	96	147	89	155	70	126	66	49
GCA->G	C->G	2176	1.47994178475772e-09	31561789	150	221	125	169	154	153	115	135	127	100	119	74	93	66	52	71	56	65	28	51	33	19
GCA->T	C->T	10655	7.24668185505214e-09	31561789	854	948	675	867	721	722	594	634	526	545	554	450	463	329	229	311	217	332	149	273	139	123
GCC->A	C->A	4453	3.86263933647727e-09	24746620	353	431	276	331	283	314	266	225	208	228	235	205	149	125	88	142	112	155	79	123	63	62
GCC->G	C->G	2464	2.13733288234449e-09	24746620	209	227	140	156	144	170	159	146	144	115	127	98	106	87	57	83	66	65	40	61	36	28
GCC->T	C->T	11925	1.03440319082622e-08	24746620	955	989	755	901	808	809	642	686	578	633	630	530	464	350	250	387	322	364	225	324	157	166
TCC->T	C->T	19730	1.25303858795526e-08	33799478	1524	1702	1276	1488	1375	1414	1111	1068	921	1040	1003	931	863	629	431	611	448	629	300	493	246	227
TCC->G	C->G	3644	2.3142790747638e-09	33799478	247	329	236	302	273	230	210	227	202	174	193	143	143	122	79	144	81	86	58	88	46	31
TCC->A	C->A	4109	2.60959734308575e-09	33799478	315	377	284	340	292	291	219	237	212	201	210	170	174	102	82	128	106	125	52	94	57	41
TAC->T	A->T	1311	1.11278631722352e-09	25289385	107	99	86	120	95	109	67	84	79	66	78	54	57	46	24	38	21	30	11	18	13	9
TAC->G	A->G	7280	6.17931684926563e-09	25289385	559	624	493	658	560	582	404	413	367	346	365	295	360	202	117	190	127	254	81	132	94	57
TAC->C	A->C	1061	9.00584502344895e-10	25289385	82	110	73	92	70	84	46	51	57	42	47	53	55	26	25	23	26	29	19	30	15	6
TAA->C	A->C	2644	1.1925081645994e-09	47593478	197	245	168	261	204	188	168	145	150	120	111	117	135	79	47	62	38	91	30	39	32	17
TAA->G	A->G	9224	4.16024784805783e-09	47593478	680	864	655	821	687	707	504	525	462	424	425	389	470	284	187	215	167	307	96	168	135	52
TAA->T	A->T	3479	1.56911342838174e-09	47593478	263	305	252	310	268	271	184	175	179	168	155	148	178	102	66	96	75	100	45	81	40	18
TCA->A	C->A	3996	1.94633764948739e-09	44071177	300	342	294	353	309	287	207	223	197	187	214	166	184	127	67	115	63	138	45	80	62	36
TCA->G	C->G	4045	1.97020415219632e-09	44071177	285	389	258	329	250	280	273	269	237	198	182	156	184	120	90	125	76	122	60	82	42	38
TCA->T	C->T	12680	6.17606641529032e-09	44071177	981	1121	893	1081	870	922	710	721	681	617	661	598	560	345	247	339	242	425	144	275	147	100
