Context	X1mer	Count	Rate	context_in_genome	chr1	chr2	chr3	chr4	chr5	chr6	chr7	chr8	chr9	chr10	chr11	chr12	chr13	chr14	chr15	chr16	chr17	chr18	chr19	chr20	chr21	chr22
AAA->C	A->C	49891	1.6632423571431e-09	87271167	3678	4381	3595	4466	3890	3484	2873	2806	2445	2387	2393	2214	2431	1419	981	1269	924	1585	661	955	670	384
AAA->G	A->G	86150	2.87202760152889e-09	87271167	6476	7654	5981	7359	6489	6114	4956	4750	4138	4134	4162	3866	4169	2692	1866	2067	1744	2826	1076	1765	1212	654
AAA->T	A->T	30322	1.01086037067393e-09	87271167	2296	2636	2090	2839	2341	2064	1739	1777	1463	1446	1500	1338	1494	883	585	727	549	969	402	551	410	223
AAC->C	A->C	16926	1.50584471514539e-09	32702297	1287	1521	1153	1451	1226	1183	964	915	827	836	827	707	816	517	362	442	349	531	238	368	243	163
AAC->G	A->G	63513	5.65052081962832e-09	32702297	5055	5430	4331	5643	4760	4527	3573	3520	2985	3044	3071	2798	3098	1879	1279	1505	1234	2131	740	1473	934	503
AAC->T	A->T	17251	1.53475878417659e-09	32702297	1281	1481	1188	1601	1345	1192	967	1008	784	862	841	773	834	519	328	462	334	573	198	338	217	125
AAG->C	A->C	22025	1.430653835744e-09	44790454	1693	1939	1507	1992	1683	1604	1206	1226	1057	1054	1074	943	994	648	486	560	419	693	258	472	314	203
AAG->G	A->G	62075	4.03213788212525e-09	44790454	4859	5460	4269	5396	4679	4272	3380	3449	2976	3038	3046	2630	2953	1819	1357	1607	1286	1959	831	1397	865	547
AAG->T	A->T	15199	9.87264819499342e-10	44790454	1217	1342	1027	1368	1099	1082	793	866	695	765	799	696	735	470	299	361	273	486	178	290	241	117
AAT->C	A->C	25549	1.28549961786422e-09	57823725	1965	2235	1757	2452	1935	1848	1450	1465	1259	1217	1208	1092	1304	711	485	517	447	818	280	518	391	195
AAT->G	A->G	153327	7.71465810435894e-09	57823725	11456	13710	10927	13360	11955	10713	8795	8594	7655	7185	7401	6710	7600	4641	3152	3587	2755	5099	1608	3244	2072	1108
AAT->T	A->T	31005	1.5600186172406e-09	57823725	2295	2660	2242	2920	2544	2160	1760	1810	1420	1451	1479	1380	1608	881	572	726	520	986	329	616	459	187
ACA->A	C->A	45008	2.88520669434855e-09	45385476	3325	3929	3112	4153	3404	3108	2586	2646	2188	2103	2362	1939	2144	1361	849	1110	808	1409	534	929	660	349
ACA->G	C->G	37114	2.3791672870168e-09	45385476	2654	3268	2520	2962	2701	2463	2163	2378	2078	1771	1823	1557	1673	1089	824	1204	710	1161	516	765	503	331
ACA->T	C->T	148466	9.51731019114717e-09	45385476	11406	13021	10138	12849	11202	10201	8314	8326	7029	7317	7271	6568	7142	4436	3083	3765	2927	4901	1822	3340	2070	1338
ACC->A	C->A	49486	5.69900444220977e-09	25263148	3859	4262	3337	4075	3619	3461	2739	2871	2258	2448	2516	2195	2177	1465	1069	1395	999	1531	823	1204	679	504
ACC->G	C->G	21550	2.48178365051975e-09	25263148	1594	1850	1389	1636	1480	1430	1261	1386	1219	1050	1052	901	822	633	527	820	490	596	369	521	278	246
ACC->T	C->T	87365	1.00613006323739e-08	25263148	7131	7467	5706	6943	6158	6010	4822	4858	4003	4585	4160	3896	3881	2736	1917	2489	2038	2728	1399	2304	1129	1005
ACG->A	C->A	11217	6.38662607003335e-09	5109864	892	933	637	936	686	746	671	662	524	594	541	474	496	347	220	390	271	374	207	307	170	139
ACG->G	C->G	7920	4.50941236290132e-09	5109864	664	643	469	633	473	528	464	442	410	393	414	340	338	257	187	269	179	246	173	184	106	108
ACG->T	C->T	214997	1.22412895175088e-07	5109864	17138	19087	13250	16471	14852	14373	12396	11853	9712	11587	10235	9673	9347	6432	4535	6193	5279	7208	3716	5811	3047	2802
ACT->A	C->A	27047	2.20498740402382e-09	35687580	1970	2410	1895	2492	2074	1773	1545	1552	1347	1271	1400	1176	1243	783	620	687	478	863	308	573	369	218
ACT->G	C->G	36978	3.01460510319048e-09	35687580	2638	3329	2424	3007	2744	2403	2247	2384	2243	1725	1756	1571	1612	1102	866	1250	647	1037	478	696	495	324
ACT->T	C->T	102346	8.34368472851785e-09	35687580	8075	8882	7009	9048	7584	7063	5730	5749	4795	4945	5092	4568	4965	3165	2031	2464	1981	3365	1318	2272	1430	815
TCT->T	C->T	92871	5.41017822321958e-09	49942774	7503	7925	6233	8050	6917	6609	5096	5150	4366	4700	4647	4095	4363	2727	1871	2372	1858	2936	1201	2160	1273	819
TCT->G	C->G	58122	3.38588341559764e-09	49942774	4227	5199	3887	4594	4170	3773	3269	3820	3635	2771	2826	2403	2318	1751	1361	1998	1121	1651	791	1263	753	541
TCT->A	C->A	46997	2.73779916181209e-09	49942774	3525	4068	3332	4355	3587	3359	2602	2644	2199	2239	2348	2051	2357	1425	901	1089	832	1548	514	988	673	361
GCT->T	C->T	89191	8.57450848258509e-09	30263274	7258	7541	5884	7456	6409	6092	4864	5006	4093	4599	4547	4075	3967	2615	1798	2404	1980	2840	1224	2337	1240	962
GCT->G	C->G	23193	2.2296933013039e-09	30263274	1714	2031	1466	1691	1545	1458	1351	1532	1428	1165	1093	974	913	657	575	927	519	668	395	556	271	264
GCT->A	C->A	22576	2.17037709525446e-09	30263274	1697	1968	1505	1851	1677	1588	1265	1323	1043	1108	1160	997	981	647	482	640	496	699	325	563	314	247
CCT->T	C->T	116213	8.80957762205699e-09	38379891	9548	10083	7446	9416	8032	7777	6461	6603	5291	6007	5683	5128	5026	3445	2455	3313	2727	3679	1937	3070	1633	1453
CCT->G	C->G	33134	2.51173745561371e-09	38379891	2491	2873	2150	2354	2306	2097	1906	2068	1987	1605	1608	1413	1264	988	793	1360	731	959	561	814	373	433
CCT->A	C->A	24751	1.8762604504103e-09	38379891	1952	2057	1595	2041	1809	1637	1483	1408	1184	1262	1301	1121	1087	707	512	714	530	783	388	599	319	262
TAT->T	A->T	30171	1.82146174824386e-09	48191868	2202	2626	2174	2892	2426	2159	1746	1684	1463	1323	1483	1330	1594	908	557	640	507	987	299	561	435	175
TAT->G	A->G	175604	1.06014374345767e-08	48191868	12954	15811	12474	16439	13829	12583	9861	9742	8702	7955	8583	7559	9118	5359	3428	3867	2986	5783	1577	3400	2492	1102
TAT->C	A->C	20381	1.230426962678e-09	48191868	1514	1780	1423	1915	1604	1435	1181	1177	1013	946	1005	904	1065	587	385	445	347	657	186	384	296	132
GAT->T	A->T	30438	2.93364570982166e-09	30186486	2270	2645	2178	2843	2287	2130	1742	1788	1379	1484	1572	1310	1401	937	542	718	541	979	347	661	440	244
GAT->G	A->G	55932	5.39078362053175e-09	30186486	4182	4862	3903	4908	4210	3786	3248	3161	2751	2639	2785	2562	2618	1656	1155	1493	1016	1787	719	1255	770	466
GAT->C	A->C	11989	1.15551213664012e-09	30186486	989	1070	783	1014	876	820	675	672	547	615	621	518	552	354	260	269	214	405	181	257	177	120
CAT->T	A->T	34941	2.43339806571945e-09	41775945	2669	3072	2407	3107	2622	2449	1982	2017	1630	1713	1759	1487	1669	984	700	912	624	1117	381	822	537	281
CAT->G	A->G	161682	1.12600287931556e-08	41775945	12461	14548	10914	13667	12158	11144	9020	8931	7876	7973	7886	7023	7766	4869	3395	4115	3179	5284	2025	3753	2255	1440
CAT->C	A->C	28343	1.97389317354072e-09	41775945	2064	2522	1929	2465	2136	2012	1600	1632	1413	1412	1400	1314	1239	862	576	727	515	928	338	619	389	251
CAA->C	A->C	28168	1.90254173181478e-09	43075064	2102	2583	1963	2395	2148	1947	1585	1545	1362	1403	1401	1247	1352	833	586	714	527	918	362	607	343	245
CAA->G	A->G	60839	4.10922807518743e-09	43075064	4820	5259	4218	5116	4455	4206	3418	3397	2909	2981	2967	2698	2932	1845	1246	1511	1272	2011	867	1442	751	518
CAA->T	A->T	13925	9.40531582487959e-10	43075064	1056	1151	958	1247	1058	943	835	764	691	676	699	594	664	435	269	360	277	451	164	312	210	111
CAC->C	A->C	19889	1.76666718688706e-09	32753847	1541	1681	1243	1520	1402	1249	1187	1183	986	1011	959	903	876	596	424	691	411	613	358	495	300	260
CAC->G	A->G	62448	5.54702762766972e-09	32753847	4976	5432	3915	4780	4374	4188	3624	3344	2922	3241	3031	2816	2847	1845	1404	1802	1574	1977	1100	1603	864	789
CAC->T	A->T	16503	1.46590118081337e-09	32753847	1301	1518	1106	1336	1116	1024	932	972	773	880	761	747	723	464	358	483	377	499	251	429	248	205
CAG->C	A->C	23769	1.58235249014456e-09	43703054	1846	2034	1559	1810	1692	1576	1392	1369	1161	1229	1229	987	1020	687	562	712	530	757	398	586	334	299
CAG->G	A->G	84038	5.59458700689001e-09	43703054	6754	7289	5461	6280	5815	5457	4698	4676	4030	4357	4208	3627	3675	2572	1884	2423	2135	2692	1522	2207	1172	1104
CAG->T	A->T	18277	1.21673846027902e-09	43703054	1392	1596	1127	1498	1292	1204	1059	1064	861	929	975	833	785	518	390	512	426	558	283	504	247	224
CCA->A	C->A	31412	2.26828299454871e-09	40290482	2532	2776	2037	2544	2187	2076	1883	1785	1518	1572	1583	1382	1329	956	661	927	640	1021	469	752	449	333
CCA->G	C->G	23291	1.68185977416382e-09	40290482	1818	2031	1541	1763	1589	1486	1335	1431	1299	1172	1145	956	937	679	556	819	529	673	406	545	286	295
CCA->T	C->T	97385	7.03224052668172e-09	40290482	7847	8326	6353	7555	6843	6547	5423	5434	4573	4986	4830	4367	4234	2974	2171	2883	2327	3010	1640	2622	1278	1162
CCC->A	C->A	27650	2.91313038900666e-09	27614636	2232	2388	1760	2074	1925	1812	1513	1536	1393	1424	1388	1223	1032	880	682	894	653	829	487	770	352	403
CCC->G	C->G	27718	2.9202946879742e-09	27614636	2164	2521	1705	1865	1790	1722	1590	1623	1475	1446	1346	1207	1036	849	708	1023	701	789	538	826	350	444
CCC->T	C->T	86735	9.13816869043374e-09	27614636	7333	7347	5337	6235	5844	5670	4770	5033	4032	4533	4412	3840	3467	2690	1991	2721	2226	2610	1640	2579	1162	1263
CCG->A	C->A	9146	5.17819611311803e-09	5138742	772	760	508	650	556	534	536	514	396	486	430	407	405	255	205	341	277	314	230	266	130	174
CCG->G	C->G	8426	4.77055329642823e-09	5138742	690	655	469	549	486	462	515	458	419	448	411	360	337	295	223	331	280	212	274	241	135	176
CCG->T	C->T	184706	1.04575102915983e-07	5138742	15468	15686	10683	12395	11604	11417	10935	9744	8568	10246	8914	8302	7084	5636	4297	6206	5731	5681	4608	5491	2647	3363
TCG->T	C->T	130798	8.56626612102876e-08	4442359	10712	11047	7944	9814	8860	8588	7657	7043	6003	7201	6239	5950	5590	3815	2897	3880	3587	3980	2684	3651	1774	1882
TCG->G	C->G	7853	5.14311288004701e-09	4442359	621	685	438	605	448	505	458	441	372	425	356	334	328	253	200	305	229	263	176	208	86	117
TCG->A	C->A	7542	4.93943172562263e-09	4442359	550	634	434	648	496	474	471	476	339	419	347	344	307	242	154	223	179	255	152	202	102	94
GCG->T	C->T	150599	1.0042984351767e-07	4362781	12665	12744	8911	10379	9708	9620	8969	8065	6930	8168	7120	6730	5919	4520	3535	4845	4474	4449	3734	4443	2091	2580
GCG->G	C->G	5851	3.90185203369138e-09	4362781	465	494	325	377	339	351	313	306	328	285	276	264	270	181	166	219	182	177	185	172	88	88
GCG->A	C->A	12401	8.26984567933804e-09	4362781	1013	1001	685	930	762	795	665	711	605	696	611	515	512	368	265	437	359	390	307	352	184	238
TAG->T	A->T	10783	1.07962822642557e-09	29058252	850	950	736	970	879	748	576	616	533	508	564	459	537	303	189	250	190	344	117	249	139	76
TAG->G	A->G	51573	5.16365264967504e-09	29058252	3963	4638	3482	4518	3825	3613	2931	2739	2540	2499	2636	2327	2506	1618	1072	1286	956	1636	607	1093	658	430
TAG->C	A->C	10887	1.09004103691878e-09	29058252	831	937	728	990	840	748	603	626	540	523	526	457	528	339	211	288	190	349	130	255	154	94
GAG->T	A->T	13726	1.08750352405777e-09	36721248	1100	1237	840	1081	997	894	770	767	681	734	703	587	616	393	287	441	272	423	251	329	165	158
GAG->G	A->G	40411	3.20174157880654e-09	36721248	3287	3529	2590	3147	2877	2638	2292	2266	1934	2070	2025	1821	1725	1217	905	1146	939	1193	700	1068	521	521
GAG->C	A->C	15739	1.24699242059925e-09	36721248	1267	1370	1021	1211	1056	994	937	840	752	800	765	702	675	486	367	495	391	489	278	441	218	184
GAA->C	A->C	18431	1.20102078662825e-09	44648049	1373	1716	1245	1562	1351	1168	1052	1039	949	949	923	851	934	569	402	452	346	602	190	381	236	141
GAA->G	A->G	48704	3.17370280461952e-09	44648049	3774	4296	3330	4165	3726	3501	2676	2761	2285	2374	2439	2102	2363	1532	1015	1196	913	1568	575	1070	623	420
GAA->T	A->T	14148	9.21927301243366e-10	44648049	1054	1230	921	1332	1099	976	791	836	712	678	678	627	665	445	310	351	268	438	151	293	191	102
GAC->C	A->C	7763	1.09110967827222e-09	20699759	582	696	470	675	533	572	413	451	376	373	413	333	314	227	176	231	174	252	126	189	103	84
GAC->G	A->G	33558	4.71666347848243e-09	20699759	2698	2919	2193	2843	2413	2245	1836	1925	1563	1676	1673	1480	1499	990	691	869	723	1124	512	856	465	365
GAC->T	A->T	13960	1.96211401631846e-09	20699759	1062	1198	921	1182	1062	980	778	817	632	687	665	615	620	375	299	418	265	465	206	369	209	135
GCA->A	C->A	39595	3.6499158032221e-09	31561789	3146	3468	2569	3526	2872	2693	2242	2352	1731	2011	1996	1791	1712	1158	810	1039	797	1234	535	1024	527	362
GCA->G	C->G	18309	1.68774614070447e-09	31561789	1407	1636	1158	1436	1270	1165	1066	1133	1011	929	842	796	818	552	396	599	420	571	254	430	228	192
GCA->T	C->T	76031	7.00863110076473e-09	31561789	5768	6866	4940	6067	5402	5039	4322	4433	3668	3858	3865	3401	3379	2241	1663	2228	1569	2315	1133	1953	1046	875
GCC->A	C->A	32235	3.78979654969854e-09	24746620	2581	2784	2035	2424	2127	2116	1742	1917	1536	1771	1646	1442	1296	936	703	1024	802	941	613	922	449	428
GCC->G	C->G	19978	2.34876858910741e-09	24746620	1659	1709	1235	1432	1354	1205	1113	1180	991	1003	984	887	783	630	503	762	527	569	371	530	258	293
GCC->T	C->T	80559	9.47114069325779e-09	24746620	6586	6921	5030	6086	5554	5171	4580	4464	3733	4285	4148	3361	3307	2404	1775	2613	1989	2562	1549	2249	1074	1118
TCC->T	C->T	83844	7.21715624101006e-09	33799478	6809	7312	5371	6605	5881	5708	4643	4697	3933	4290	4162	3798	3645	2534	1809	2413	1990	2554	1324	2233	1091	1042
TCC->G	C->G	27881	2.39995149510521e-09	33799478	2072	2515	1762	2101	1872	1815	1671	1741	1538	1328	1294	1170	1149	829	702	1082	634	801	475	663	323	344
TCC->A	C->A	29112	2.50591398893522e-09	33799478	2204	2623	1934	2333	2094	1955	1648	1660	1425	1501	1501	1275	1236	904	581	866	590	920	436	696	389	341
TAC->T	A->T	10372	1.19324150457152e-09	25289385	765	905	761	970	851	709	589	589	492	489	491	435	498	298	190	249	169	375	117	209	143	78
TAC->G	A->G	55938	6.4353589744236e-09	25289385	4423	4844	3921	5073	4270	3831	3061	3123	2598	2651	2698	2487	2884	1637	1164	1249	1060	1874	660	1224	780	426
TAC->C	A->C	9255	1.06473680339466e-09	25289385	689	785	650	820	669	647	530	555	486	421	417	408	453	305	208	255	155	297	127	179	116	83
TAA->C	A->C	21765	1.33050141116952e-09	47593478	1560	1839	1623	1986	1669	1511	1247	1259	1114	1017	1148	957	1060	688	480	506	358	673	229	421	283	137
TAA->G	A->G	66590	4.07066799769254e-09	47593478	4882	6061	4656	6242	5237	4841	3817	3740	3137	3024	3031	2876	3476	1985	1287	1460	1154	2223	707	1390	940	424
TAA->T	A->T	29563	1.80719564522878e-09	47593478	2236	2577	2092	2644	2287	2140	1677	1572	1400	1426	1306	1308	1568	924	575	631	590	996	389	591	416	218
TCA->A	C->A	30596	2.01982672404156e-09	44071177	2309	2617	2141	2871	2321	2172	1806	1697	1409	1441	1501	1337	1481	866	612	735	525	1070	372	654	419	240
TCA->G	C->G	30950	2.04319640178737e-09	44071177	2219	2726	2121	2593	2295	2014	1842	1869	1802	1398	1555	1335	1288	887	713	1031	584	880	446	642	396	314
TCA->T	C->T	87044	5.74630008391534e-09	44071177	6733	7545	5804	7526	6412	5945	4899	4862	4201	4337	4265	3915	4162	2551	1817	2303	1757	2841	1219	2018	1120	812
