Context	Count	Count	Count	Count	Count	Count	Count	Count	Count	Count	Count	Count	Count	Count	Count	Count	Count	Count	Count	Count	Count	Count	Count	One_mer
AAA->C	506	595	468	599	518	469	367	379	340	337	309	284	305	216	133	150	113	198	93	117	96	39	432	A->C
AAA->G	818	1038	809	1066	856	844	683	633	616	563	560	492	566	357	262	320	220	347	149	238	135	78	763	A->G
AAA->T	279	327	264	369	289	284	219	261	217	205	178	174	215	126	69	88	70	131	51	71	46	25	258	A->T
AAC->C	128	199	154	158	142	145	128	121	119	100	97	83	115	59	33	55	41	68	25	47	30	19	132	A->C
AAC->G	644	759	579	715	624	661	473	478	408	442	405	351	401	241	138	235	140	281	104	192	113	62	612	A->G
AAC->T	157	212	179	229	190	180	121	165	115	109	96	119	129	60	59	58	56	86	35	46	25	12	189	A->T
AAG->C	240	254	217	250	253	205	165	168	159	155	172	115	155	97	50	79	41	106	31	54	34	25	184	A->C
AAG->G	602	690	579	641	554	611	442	454	421	408	394	323	383	239	192	229	156	263	104	188	106	73	503	A->G
AAG->T	150	193	162	155	142	129	93	116	109	97	99	86	103	59	42	54	26	72	25	41	26	21	120	A->T
AAT->C	263	278	232	296	248	259	185	227	158	161	153	144	179	112	78	87	65	117	38	64	48	26	206	A->C
AAT->G	1495	1849	1443	1801	1533	1516	1138	1249	1057	1021	957	847	1071	634	439	506	359	683	205	400	279	146	1264	A->G
AAT->T	309	346	304	394	304	321	246	251	197	204	195	169	222	136	72	92	76	156	50	80	67	26	326	A->T
ACA->A	461	549	475	558	440	509	367	353	335	323	315	251	290	181	131	178	100	208	72	139	80	46	469	C->A
ACA->G	349	469	358	402	347	336	241	347	283	236	217	210	193	164	108	164	111	141	72	84	57	41	320	C->G
ACA->T	1469	1773	1368	1695	1460	1473	1093	1129	1023	945	1042	935	937	607	407	531	394	680	238	468	274	193	1303	C->T
ACC->A	561	621	465	596	537	481	400	456	340	340	375	333	327	183	172	190	164	248	99	191	94	72	534	C->A
ACC->G	206	255	180	175	187	166	167	196	146	153	129	110	114	79	63	79	56	79	53	80	38	35	189	C->G
ACC->T	1277	1332	963	1216	1055	1077	869	886	828	786	779	631	680	474	337	473	366	512	246	389	198	182	1015	C->T
ACG->A	110	108	69	106	85	78	88	79	65	85	70	59	69	39	28	46	36	50	23	25	14	16	87	C->A
ACG->G	69	96	61	80	61	67	57	46	56	42	42	41	40	26	26	33	20	27	20	20	14	10	49	C->G
ACG->T	2357	2651	1885	2273	2006	2056	1672	1731	1420	1650	1410	1339	1330	917	649	975	733	997	520	808	399	395	1846	C->T
ACT->A	289	324	240	322	268	277	197	234	191	184	209	162	159	101	69	100	67	120	37	66	50	25	275	C->A
ACT->G	366	421	342	403	352	331	291	335	303	248	254	219	242	162	101	172	91	164	66	117	58	41	352	C->G
ACT->T	1176	1306	1052	1272	1088	1039	836	904	767	733	693	669	697	484	312	388	340	485	195	356	192	102	984	C->T
AGA->A	1258	1419	1097	1365	1191	1157	864	955	748	787	819	713	787	509	301	417	326	480	203	332	221	116	1052	C->T
AGA->C	573	703	512	617	546	513	449	493	507	355	371	375	306	245	201	267	135	220	116	198	98	89	516	C->G
AGA->T	494	571	439	609	504	489	359	387	318	311	301	298	346	185	123	158	109	222	59	114	89	44	481	C->A
AGC->A	1024	1100	872	1071	904	992	726	758	646	662	657	620	556	372	254	376	317	389	180	295	169	136	876	C->T
AGC->C	205	261	199	218	191	196	160	178	178	162	149	120	125	84	91	110	67	93	56	80	31	35	170	C->G
AGC->T	249	259	197	242	193	219	175	192	184	156	155	115	147	84	71	81	60	90	54	63	43	33	212	C->A
AGG->A	1313	1357	1044	1322	1147	1142	842	896	794	800	823	685	720	488	387	486	384	507	286	413	212	166	1020	C->T
AGG->C	320	419	269	326	272	320	226	295	261	262	224	197	180	143	116	144	123	124	68	109	44	55	299	C->G
AGG->T	252	264	206	269	236	217	162	194	180	167	160	141	146	84	67	101	79	110	47	90	54	33	237	C->A
ATA->A	279	348	281	406	281	291	226	247	213	181	183	185	229	101	75	81	66	133	22	74	62	21	303	A->T
ATA->C	1818	2287	1850	2335	1966	1791	1442	1426	1277	1126	1174	1149	1350	694	473	535	417	880	213	455	322	140	1675	A->G
ATA->G	204	226	179	221	200	183	145	144	139	117	110	112	123	75	54	49	41	99	19	48	36	13	200	A->C
ATC->A	347	401	305	387	344	330	260	308	243	206	215	188	238	136	85	114	75	156	54	96	54	42	306	A->T
ATC->C	597	665	490	627	557	538	428	447	376	369	375	349	377	236	141	198	141	272	98	162	85	80	468	A->G
ATC->G	125	146	120	137	116	127	90	72	66	71	75	65	67	43	30	33	29	38	20	37	17	8	94	A->C
ATG->A	375	445	313	425	349	318	263	278	231	257	256	225	233	145	73	124	84	177	50	118	70	37	325	A->T
ATG->C	1788	1985	1611	1913	1736	1661	1306	1292	1182	1069	1109	1033	1096	700	460	582	481	740	247	515	326	165	1410	A->G
ATG->G	300	353	250	324	289	271	226	234	187	181	182	172	180	102	73	109	57	116	36	80	58	30	245	A->C
CAA->C	342	333	261	302	290	275	212	250	205	209	195	167	205	118	87	96	68	109	44	71	45	29	246	A->C
CAA->G	652	710	587	689	622	573	437	438	371	365	377	334	404	227	170	235	158	271	100	186	118	72	498	A->G
CAA->T	134	188	151	182	159	131	98	107	111	73	117	79	90	51	41	41	32	78	18	35	18	14	148	A->T
CAC->C	223	239	181	254	183	169	171	170	130	138	137	97	131	86	71	106	73	79	61	77	32	23	169	A->C
CAC->G	621	705	516	635	539	579	480	431	372	436	401	349	377	239	190	236	166	266	129	213	127	83	471	A->G
CAC->T	163	188	140	165	148	179	129	131	119	103	105	100	87	50	52	61	55	58	33	47	37	19	142	A->T
CAG->C	279	319	172	244	238	226	192	202	178	189	154	179	160	114	84	101	76	123	52	82	55	46	190	A->C
CAG->G	939	972	684	823	790	748	656	618	570	621	530	483	514	339	250	323	292	391	194	286	143	127	638	A->G
CAG->T	194	198	149	185	176	167	128	161	119	139	123	139	125	59	45	73	58	54	49	55	43	31	167	A->T
CCA->A	319	365	286	320	318	307	227	249	222	232	199	179	181	123	89	113	87	133	60	102	58	42	307	C->A
CCA->G	271	326	202	247	249	247	176	186	175	176	161	133	146	104	80	93	88	96	64	84	35	35	238	C->G
CCA->T	1053	1135	792	1005	862	878	665	755	640	624	645	555	539	389	294	417	341	421	208	342	163	142	850	C->T
CCC->A	313	333	241	274	254	273	200	235	198	202	213	177	159	133	90	136	84	120	70	75	60	43	243	C->A
CCC->G	321	359	253	264	252	259	206	236	243	209	154	169	156	139	82	151	111	122	87	123	46	54	212	C->G
CCC->T	1066	1175	837	997	895	840	671	739	616	731	671	550	567	421	289	455	373	372	220	407	152	221	890	C->T
CCG->A	89	96	71	70	66	63	64	53	44	66	54	32	45	25	29	45	28	41	20	32	8	19	42	C->A
CCG->G	95	89	58	57	70	63	68	54	51	66	40	61	43	31	23	45	39	36	34	34	16	16	52	C->G
CCG->T	2256	2263	1471	1672	1592	1657	1444	1362	1220	1416	1275	1118	956	776	610	932	836	755	645	751	353	453	1402	C->T
CGA->A	1488	1598	1150	1441	1196	1211	1097	1046	915	1006	932	864	834	594	427	596	508	607	396	560	269	228	1046	C->T
CGA->C	83	75	82	69	60	46	50	57	59	60	50	35	35	33	18	36	23	39	19	33	16	16	67	C->G
CGA->T	84	77	49	78	57	56	41	46	44	51	43	46	50	27	23	35	18	27	16	18	13	13	56	C->A
CGC->A	1756	1822	1214	1411	1376	1413	1232	1192	1032	1136	1016	999	856	635	499	793	667	631	519	620	297	364	1175	C->T
CGC->C	54	64	47	34	45	47	33	29	32	42	30	22	19	18	19	22	17	16	14	11	12	16	40	C->G
CGC->T	138	147	102	107	83	106	101	90	78	88	74	69	68	48	30	53	36	50	42	48	26	29	83	C->A
CTA->A	97	150	114	136	101	106	50	82	77	50	68	75	57	46	28	39	28	46	11	17	28	12	120	A->T
CTA->C	621	660	583	591	536	526	394	413	355	345	361	336	387	224	151	197	123	238	84	142	93	49	489	A->G
CTA->G	110	138	109	136	111	94	78	78	75	67	72	65	68	45	29	38	30	46	24	37	28	14	96	A->C
CTC->A	139	182	130	165	142	145	115	132	115	107	108	71	98	63	44	65	45	54	32	62	41	24	123	A->T
CTC->C	465	488	346	409	340	372	287	290	293	281	224	255	226	156	129	161	141	164	91	130	68	64	317	A->G
CTC->G	168	165	133	171	147	134	125	120	122	96	99	112	81	68	51	61	61	56	26	54	24	29	125	A->C
GAA->C	192	223	168	206	191	182	155	143	146	111	104	116	125	74	45	65	44	83	16	44	23	19	148	A->C
GAA->G	498	552	450	550	477	447	333	353	283	318	296	317	269	218	121	147	136	171	63	138	99	52	420	A->G
GAA->T	158	185	149	209	162	158	98	107	97	103	114	92	99	56	31	48	35	63	21	41	26	17	142	A->T
GAC->C	78	92	73	80	63	65	52	65	50	45	44	46	36	24	22	23	21	23	18	24	12	17	62	A->C
GAC->G	349	391	289	371	303	291	230	240	186	222	234	189	173	127	77	133	92	146	67	95	57	48	321	A->G
GAC->T	143	205	127	161	126	122	114	121	97	87	100	92	92	53	40	57	39	72	33	54	22	19	144	A->T
GCA->A	420	481	371	441	382	345	288	345	235	306	260	216	216	140	105	134	85	171	74	138	76	48	426	C->A
GCA->G	175	217	125	174	151	156	133	134	139	118	127	81	103	71	53	65	48	86	27	52	39	30	149	C->G
GCA->T	882	1005	707	922	732	757	642	673	557	594	560	459	489	346	244	308	265	318	162	276	157	144	728	C->T
GCC->A	370	432	290	336	292	312	263	249	225	253	237	218	192	145	105	153	114	154	83	126	66	61	278	C->A
GCC->G	216	270	144	175	160	171	158	147	141	127	124	107	92	96	70	86	68	68	46	79	39	37	139	C->G
GCC->T	1031	1016	784	868	814	857	643	741	592	655	647	561	489	366	289	383	303	376	238	328	149	145	776	C->T
GGA->A	1518	1736	1300	1529	1398	1410	1110	1078	950	1054	995	960	870	612	415	576	432	612	278	487	270	234	1362	C->T
GGA->C	277	370	234	297	276	257	218	253	194	205	192	140	159	128	86	132	86	101	62	94	43	35	242	C->G
GGA->T	351	374	296	341	300	302	243	262	234	208	197	172	195	116	85	132	112	151	55	97	56	43	305	C->A
GTA->A	105	109	102	135	97	109	87	93	71	71	96	54	81	40	22	31	29	37	12	23	16	7	91	A->T
GTA->C	622	680	525	699	572	577	439	438	389	355	417	331	393	217	159	198	158	272	80	161	99	60	522	A->G
GTA->G	83	117	87	105	79	75	56	49	70	55	59	49	46	23	22	33	21	36	15	24	15	4	70	A->C
TAA->C	220	244	193	272	222	224	154	155	166	135	133	113	142	90	59	63	51	104	29	40	34	19	185	A->C
TAA->G	754	860	729	851	735	763	553	546	465	470	426	401	517	271	201	224	178	325	82	190	139	55	657	A->G
TAA->T	291	351	257	337	292	269	222	198	200	194	157	184	192	99	70	100	64	118	51	85	42	19	233	A->T
TCA->A	331	378	320	394	306	292	207	225	215	200	226	187	184	126	68	115	74	144	40	84	61	31	314	C->A
TCA->G	288	407	308	348	268	297	268	276	235	197	210	173	204	123	95	134	81	135	57	80	52	38	284	C->G
TCA->T	1053	1139	911	1093	969	928	735	748	669	662	653	617	630	362	264	351	271	420	160	285	152	104	899	C->T
