Context	Count	Count	Count	Count	Count	Count	Count	Count	Count	Count	Count	Count	Count	Count	Count	Count	Count	Count	Count	Count	Count	Count	Count	One_mer
AAA->C	496	559	422	572	478	400	318	360	315	313	302	250	287	190	125	156	100	193	85	122	77	41	425	A->C
AAA->G	806	941	755	930	820	788	626	618	553	521	486	472	525	330	206	304	204	335	137	221	113	66	752	A->G
AAA->T	243	331	266	326	245	286	200	216	208	176	172	187	190	113	69	102	69	106	55	51	48	24	222	A->T
AAC->C	147	156	145	142	136	149	118	110	110	77	80	74	100	56	36	57	39	65	22	46	23	15	117	A->C
AAC->G	573	688	543	715	606	612	408	426	371	385	389	314	368	235	157	215	135	268	80	183	102	47	552	A->G
AAC->T	148	196	157	210	178	181	110	158	100	102	98	120	124	44	50	50	45	81	22	44	25	12	160	A->T
AAG->C	230	235	192	244	205	191	165	163	129	127	146	104	148	97	44	67	51	104	26	65	33	25	156	A->C
AAG->G	553	664	550	621	513	585	432	422	404	382	364	315	382	223	158	214	150	243	95	179	113	57	471	A->G
AAG->T	129	196	135	138	144	135	106	105	113	90	96	86	85	67	44	48	22	61	21	45	20	15	125	A->T
AAT->C	216	295	222	288	237	245	161	170	145	146	135	125	169	102	61	89	57	108	36	58	41	20	203	A->C
AAT->G	1421	1739	1269	1618	1469	1375	1052	1149	972	930	895	819	1015	578	399	485	335	661	196	391	278	130	1202	A->G
AAT->T	301	335	275	361	297	301	199	241	195	169	196	158	196	137	72	88	58	143	41	73	69	33	310	A->T
ACA->A	427	530	400	521	421	472	332	325	312	279	272	236	271	170	123	169	78	205	60	121	80	38	470	C->A
ACA->G	325	409	305	372	329	334	241	283	257	215	207	187	184	150	113	148	84	140	65	84	48	28	267	C->G
ACA->T	1390	1655	1261	1566	1330	1373	1028	1037	942	888	910	850	937	591	404	535	344	566	235	458	256	191	1144	C->T
ACC->A	562	571	448	553	501	461	351	401	326	327	330	290	292	204	158	192	155	228	102	180	78	59	478	C->A
ACC->G	202	240	171	182	190	154	155	176	135	131	128	113	103	76	63	79	56	85	46	73	27	30	182	C->G
ACC->T	1153	1231	891	1073	1044	1022	791	804	721	744	744	594	667	428	315	430	325	465	219	359	199	150	939	C->T
ACG->A	110	97	65	102	78	84	80	70	67	73	58	57	67	42	27	45	34	51	18	26	18	18	75	C->A
ACG->G	59	83	50	84	51	63	57	38	48	37	37	31	30	25	22	37	18	28	13	19	15	12	55	C->G
ACG->T	2250	2456	1757	2129	1862	1921	1522	1574	1358	1530	1316	1279	1241	821	597	887	673	896	462	743	414	380	1691	C->T
ACT->A	279	305	211	321	226	259	184	222	197	155	189	158	160	86	74	100	53	115	32	62	50	21	271	C->A
ACT->G	325	422	307	406	330	309	280	306	283	239	222	202	204	144	108	151	87	144	61	82	55	37	326	C->G
ACT->T	1152	1235	998	1138	1025	1044	817	845	660	714	687	620	705	449	252	383	300	465	196	330	179	91	907	C->T
AGA->A	1137	1288	996	1292	1067	1111	784	921	678	719	732	666	712	474	290	372	294	441	183	326	207	113	973	C->T
AGA->C	521	643	482	595	518	465	424	486	458	337	366	328	272	213	178	246	133	208	111	171	95	79	474	C->G
AGA->T	525	531	416	563	436	458	310	368	309	289	283	281	320	183	117	133	92	213	66	121	81	34	417	C->A
AGC->A	1009	1045	803	963	822	844	647	718	563	595	611	564	511	344	257	344	279	366	172	299	147	141	865	C->T
AGC->C	206	266	173	217	199	182	149	166	163	138	142	107	105	88	79	102	63	73	51	75	31	29	149	C->G
AGC->T	223	242	190	212	189	196	160	173	162	146	148	121	138	74	70	82	49	72	49	59	33	31	205	C->A
AGG->A	1282	1248	918	1219	1037	1057	795	805	731	748	716	641	644	427	347	477	371	486	238	411	190	162	942	C->T
AGG->C	277	377	272	319	261	304	227	280	247	244	206	190	163	136	106	144	109	108	71	102	37	42	261	C->G
AGG->T	236	230	183	229	219	218	153	190	143	157	159	142	113	90	67	105	68	98	42	77	47	40	231	C->A
ATA->A	278	331	241	348	249	283	201	197	176	163	176	163	199	100	69	76	58	114	25	60	55	19	264	A->T
ATA->C	1714	2065	1711	2174	1879	1711	1289	1343	1155	1022	1102	1018	1227	673	430	495	380	792	209	431	320	139	1545	A->G
ATA->G	196	203	167	222	191	161	128	138	130	102	99	100	109	62	46	48	33	85	23	42	51	11	168	A->C
ATC->A	318	350	269	391	307	310	219	287	209	198	187	170	203	141	84	112	85	136	43	88	50	38	298	A->T
ATC->C	552	625	445	588	537	494	370	408	349	328	345	329	345	216	141	174	129	244	93	149	78	61	438	A->G
ATC->G	97	128	100	117	105	113	82	75	54	62	74	59	67	41	32	38	28	34	27	28	16	8	82	A->C
ATG->A	327	443	291	390	331	307	238	262	232	231	224	216	229	142	69	124	74	174	40	101	59	36	296	A->T
ATG->C	1635	1796	1581	1795	1592	1550	1249	1236	1096	1001	1003	939	1001	635	446	572	431	676	217	476	274	176	1303	A->G
ATG->G	268	354	215	295	259	280	211	219	171	181	178	158	171	95	65	96	59	136	39	67	56	25	225	A->C
CAA->C	310	321	249	269	294	259	191	208	191	178	173	168	180	101	80	81	71	107	35	76	55	24	265	A->C
CAA->G	580	682	526	630	558	533	395	408	342	342	327	318	365	194	159	205	138	257	100	178	108	69	471	A->G
CAA->T	145	183	111	149	161	122	87	111	90	72	100	78	77	51	29	43	23	62	10	35	23	10	128	A->T
CAC->C	191	223	161	213	153	161	161	147	112	119	126	106	113	94	67	85	63	78	47	83	30	17	167	A->C
CAC->G	554	638	465	574	507	527	437	424	355	400	378	331	367	202	153	224	149	248	108	194	116	71	445	A->G
CAC->T	160	188	146	152	136	167	115	126	110	90	93	86	77	49	48	65	46	63	30	52	32	25	144	A->T
CAG->C	254	271	172	237	208	233	195	179	172	167	128	164	161	94	69	102	55	107	59	62	57	37	170	A->C
CAG->G	851	886	658	766	729	711	594	587	505	578	524	447	507	310	224	283	254	331	192	288	129	122	590	A->G
CAG->T	181	174	136	164	168	158	131	136	112	128	96	120	127	59	44	67	50	57	48	54	33	26	135	A->T
CCA->A	309	346	269	307	290	294	222	240	210	207	176	155	175	109	82	110	86	115	56	97	46	51	262	C->A
CCA->G	267	298	181	230	234	195	150	172	157	170	186	125	142	107	73	105	77	109	60	78	43	33	206	C->G
CCA->T	1001	1045	721	973	794	788	629	681	606	589	584	537	501	385	278	387	279	392	207	306	157	128	766	C->T
CCC->A	292	293	229	261	239	254	167	211	185	191	208	159	149	114	72	136	79	107	75	78	53	52	242	C->A
CCC->G	276	347	234	262	225	244	207	217	198	188	156	145	149	127	81	136	87	117	95	115	50	59	199	C->G
CCC->T	1034	1031	761	933	828	807	608	673	577	661	629	527	525	391	259	411	359	354	208	372	159	190	822	C->T
CCG->A	90	79	65	70	51	54	66	51	52	57	53	28	36	20	20	39	29	33	27	24	10	20	59	C->A
CCG->G	95	76	54	57	64	67	68	68	54	57	46	44	47	28	25	36	34	27	27	29	11	15	53	C->G
CCG->T	2094	2045	1327	1523	1449	1559	1337	1265	1119	1304	1192	1018	846	735	532	886	690	670	569	700	323	432	1331	C->T
CGA->A	1356	1490	1069	1244	1115	1136	923	945	807	953	836	809	725	565	363	585	452	535	357	502	196	229	965	C->T
CGA->C	73	75	64	67	65	56	55	59	53	61	49	32	38	29	16	32	18	32	23	26	8	12	57	C->G
CGA->T	70	76	55	65	43	69	41	42	39	46	42	41	50	22	27	36	15	31	15	23	8	17	65	C->A
CGC->A	1664	1713	1134	1283	1233	1316	1143	1098	893	1115	923	850	782	565	455	718	608	579	495	571	276	345	1147	C->T
CGC->C	54	58	39	30	46	46	27	32	34	36	34	14	22	16	10	22	18	17	15	16	12	9	35	C->G
CGC->T	110	122	82	97	85	93	101	77	73	88	70	56	61	34	26	44	32	52	45	43	15	23	84	C->A
CTA->A	85	119	91	116	113	98	56	71	73	58	75	77	58	40	24	33	21	54	13	21	24	8	113	A->T
CTA->C	538	624	498	567	514	514	367	411	310	344	330	311	357	208	144	203	119	225	72	142	88	45	449	A->G
CTA->G	108	118	111	137	103	95	66	85	76	75	63	64	70	38	28	28	22	44	19	31	26	13	102	A->C
CTC->A	132	141	110	132	124	125	104	109	105	95	95	76	76	58	44	57	47	55	32	60	32	20	104	A->T
CTC->C	393	447	328	397	324	370	274	268	264	241	229	236	213	156	101	162	99	148	97	111	70	64	272	A->G
CTC->G	145	179	118	142	134	142	110	116	101	85	89	88	73	71	46	63	50	52	34	46	17	26	97	A->C
GAA->C	165	200	145	209	176	161	148	141	117	98	101	105	110	65	38	63	38	82	19	41	20	17	144	A->C
GAA->G	496	519	428	510	450	467	312	327	266	315	279	292	262	190	119	164	126	162	68	140	100	47	379	A->G
GAA->T	133	165	134	188	138	145	99	91	92	88	91	68	94	53	34	44	38	54	14	41	24	17	128	A->T
GAC->C	84	91	73	78	65	73	52	42	40	36	40	43	37	27	23	21	19	23	18	20	11	11	47	A->C
GAC->G	296	328	248	313	310	256	223	228	174	207	205	169	173	99	76	114	79	146	49	87	51	43	284	A->G
GAC->T	155	163	130	155	122	105	109	112	85	78	94	92	98	56	38	54	40	54	24	42	19	17	126	A->T
GCA->A	380	399	345	437	371	322	259	300	212	258	247	204	234	134	101	129	86	173	70	139	65	45	370	C->A
GCA->G	170	193	125	172	146	157	104	113	126	99	118	83	105	71	54	49	45	68	25	42	33	27	139	C->G
GCA->T	824	944	673	839	688	699	540	618	514	555	521	431	466	324	212	293	237	330	157	248	134	125	684	C->T
GCC->A	361	415	288	299	265	303	271	228	228	219	224	204	177	141	106	157	103	144	83	105	52	57	245	C->A
GCC->G	190	257	136	166	141	168	149	167	126	121	117	99	90	84	55	95	61	80	37	68	23	35	135	C->G
GCC->T	903	914	698	843	774	769	620	669	565	634	566	526	455	359	238	343	291	343	239	304	135	150	727	C->T
GGA->A	1401	1628	1178	1399	1295	1284	1019	1017	870	1013	904	902	833	554	404	529	408	559	240	442	233	212	1307	C->T
GGA->C	252	316	235	277	251	237	200	239	182	175	183	133	144	112	73	126	84	87	53	86	41	32	208	C->G
GGA->T	308	368	237	308	272	293	219	246	207	210	188	153	167	110	85	126	90	134	55	83	53	45	252	C->A
GTA->A	94	95	89	124	85	98	96	81	70	65	80	55	68	38	27	36	23	29	11	20	14	10	93	A->T
GTA->C	594	613	478	645	533	551	385	392	356	348	379	290	374	183	142	202	125	237	65	145	113	57	509	A->G
GTA->G	74	98	74	105	71	77	52	51	53	53	50	52	54	23	25	38	17	23	10	21	13	5	69	A->C
TAA->C	212	218	167	213	202	190	147	145	155	142	108	122	113	88	50	71	36	74	36	38	35	11	156	A->C
TAA->G	697	846	693	807	638	679	493	499	456	435	395	377	480	265	171	215	160	286	75	165	133	45	545	A->G
TAA->T	270	302	254	314	234	271	204	179	169	166	148	166	177	96	70	99	77	112	44	84	47	15	229	A->T
TCA->A	315	358	285	364	280	279	211	194	174	174	212	171	193	122	60	96	61	133	38	89	65	33	287	C->A
TCA->G	273	369	276	324	248	288	249	228	197	185	198	162	184	129	90	150	79	119	55	74	47	34	240	C->G
TCA->T	1003	1048	860	997	886	842	674	754	612	606	597	562	573	346	250	346	230	411	148	285	162	110	813	C->T
