Context	Count	Count	Count	Count	Count	Count	Count	Count	Count	Count	Count	Count	Count	Count	Count	Count	Count	Count	Count	Count	Count	Count	Count	One_mer
AAA->C	449	564	437	568	463	450	318	336	318	295	277	273	276	192	138	153	115	184	84	113	85	30	404	A->C
AAA->G	804	963	728	950	795	802	627	625	565	544	465	478	490	323	227	333	222	327	138	222	154	89	709	A->G
AAA->T	244	313	248	351	289	299	229	244	212	181	173	144	203	127	72	100	63	110	63	68	44	24	250	A->T
AAC->C	134	169	146	156	147	146	112	103	109	63	85	79	96	48	37	59	38	46	26	47	24	16	130	A->C
AAC->G	572	692	512	678	601	645	469	427	397	411	399	332	352	236	143	228	133	252	92	199	102	58	568	A->G
AAC->T	157	207	140	226	162	184	132	138	120	108	93	113	132	63	52	49	39	83	27	46	29	15	160	A->T
AAG->C	237	269	213	229	216	192	132	152	138	133	145	103	119	92	45	72	38	98	31	66	29	26	163	A->C
AAG->G	596	686	536	621	522	605	428	430	392	400	358	341	387	224	176	228	135	241	92	185	82	75	454	A->G
AAG->T	122	160	142	149	149	129	91	91	105	99	92	69	82	57	32	52	27	59	26	35	22	20	111	A->T
AAT->C	248	264	232	287	243	242	187	194	150	146	129	143	169	114	64	65	52	115	29	55	39	22	187	A->C
AAT->G	1450	1751	1344	1718	1467	1526	1054	1132	1029	951	941	834	986	607	399	500	359	638	198	423	262	125	1136	A->G
AAT->T	290	327	275	395	287	308	199	248	201	176	182	159	215	125	75	93	70	137	58	62	71	33	296	A->T
ACA->A	420	521	425	516	444	475	323	322	337	283	296	242	278	158	116	166	83	204	63	125	87	51	462	C->A
ACA->G	329	415	321	377	303	322	241	312	274	210	243	187	204	161	101	142	94	146	65	94	45	41	299	C->G
ACA->T	1393	1673	1220	1601	1377	1449	1036	1080	935	838	931	822	896	587	366	530	374	613	228	456	251	206	1128	C->T
ACC->A	550	573	434	585	491	444	384	395	343	313	372	291	303	194	156	189	150	242	93	184	75	65	472	C->A
ACC->G	177	246	182	188	213	178	158	180	149	118	126	90	108	84	52	74	50	79	52	81	35	35	184	C->G
ACC->T	1255	1283	970	1146	1057	1106	895	874	770	810	818	642	655	484	304	484	352	491	232	387	197	160	930	C->T
ACG->A	120	103	58	117	78	77	76	70	59	78	62	58	74	33	26	44	27	45	24	28	19	19	83	C->A
ACG->G	69	95	59	69	62	64	53	43	62	47	35	34	35	29	22	37	16	24	23	18	15	13	56	C->G
ACG->T	2278	2729	1822	2136	1917	2050	1622	1608	1384	1577	1344	1257	1316	872	614	941	730	927	503	778	372	385	1707	C->T
ACT->A	278	301	233	302	243	263	175	225	194	151	192	164	171	104	58	98	57	124	39	69	49	32	267	C->A
ACT->G	363	441	277	389	341	314	265	321	282	224	216	212	227	134	105	145	85	138	53	99	60	32	287	C->G
ACT->T	1112	1273	990	1234	1039	1062	830	830	703	738	690	657	704	454	265	404	285	458	202	318	172	94	908	C->T
AGA->A	1192	1316	1020	1297	1099	1135	829	946	764	696	792	666	731	477	315	380	346	484	195	337	195	121	959	C->T
AGA->C	514	672	495	579	526	498	408	455	495	368	354	350	277	237	180	261	129	206	110	168	97	71	479	C->G
AGA->T	485	523	437	549	475	484	333	391	307	302	290	275	306	159	107	159	113	203	61	114	96	36	428	C->A
AGC->A	1033	1027	794	1014	848	942	713	715	611	627	629	599	525	358	230	377	295	366	171	295	147	144	798	C->T
AGC->C	214	260	173	203	196	195	162	165	176	109	129	107	120	87	74	108	55	83	59	73	26	31	147	C->G
AGC->T	228	265	171	263	187	197	167	175	178	135	145	105	128	68	61	113	47	76	53	67	38	36	192	C->A
AGG->A	1299	1303	946	1265	1058	1119	795	871	730	751	786	646	672	486	381	456	378	458	267	403	201	180	933	C->T
AGG->C	296	366	257	316	279	310	244	300	251	247	203	187	178	154	109	158	102	121	85	97	41	50	251	C->G
AGG->T	239	243	195	258	195	200	153	202	164	166	160	146	135	80	63	111	69	103	48	78	42	35	204	C->A
ATA->A	294	323	261	367	246	279	230	245	182	159	188	162	213	106	63	79	61	106	28	69	60	22	254	A->T
ATA->C	1721	2031	1688	2202	1863	1759	1331	1390	1220	1043	1154	1030	1223	694	432	529	359	793	195	429	331	133	1523	A->G
ATA->G	186	218	160	233	179	192	134	131	125	99	99	106	113	75	55	44	31	87	19	47	43	12	180	A->C
ATC->A	325	359	294	380	329	316	235	261	213	204	201	177	219	137	68	94	85	168	53	95	60	26	279	A->T
ATC->C	557	624	439	619	506	537	436	409	385	368	375	323	353	217	155	179	143	246	96	162	92	69	439	A->G
ATC->G	115	128	89	123	112	108	78	77	65	68	83	64	58	42	29	42	34	47	21	29	21	8	85	A->C
ATG->A	359	417	287	388	337	310	241	265	238	227	252	217	219	140	70	125	89	166	49	96	58	31	296	A->T
ATG->C	1700	1919	1551	1769	1645	1608	1207	1263	1132	1057	1051	953	1016	636	444	571	449	674	220	503	313	186	1269	A->G
ATG->G	290	356	231	314	267	266	208	207	180	175	194	162	180	108	67	111	55	122	36	78	51	28	215	A->C
CAA->C	292	320	217	281	275	253	198	224	189	189	177	170	187	104	80	72	65	103	44	71	52	30	212	A->C
CAA->G	609	728	532	654	608	563	394	431	361	353	358	332	382	205	155	221	140	260	88	189	105	54	439	A->G
CAA->T	119	176	119	176	122	128	100	96	102	71	94	78	87	54	30	43	27	66	20	31	21	15	121	A->T
CAC->C	196	214	183	201	175	191	169	163	127	112	136	129	136	83	62	101	73	77	43	80	31	22	169	A->C
CAC->G	606	660	513	549	528	560	439	432	358	399	381	328	354	219	195	234	161	259	131	201	119	82	424	A->G
CAC->T	158	189	141	157	151	167	129	130	106	97	98	77	81	57	47	58	47	63	24	61	29	20	129	A->T
CAG->C	260	296	182	221	209	213	201	195	159	178	160	157	151	116	72	87	71	115	47	80	50	42	157	A->C
CAG->G	857	933	656	774	762	742	608	587	528	618	520	418	456	350	233	305	278	371	207	293	147	117	603	A->G
CAG->T	174	197	145	168	187	179	128	155	124	119	120	113	122	52	38	71	44	65	44	42	25	23	153	A->T
CCA->A	321	355	256	318	320	300	212	245	191	207	184	167	173	112	83	120	86	111	56	99	54	45	285	C->A
CCA->G	254	309	168	233	220	236	179	180	184	165	155	119	124	113	72	94	71	89	56	78	33	46	206	C->G
CCA->T	963	1070	752	938	791	867	659	719	632	638	615	523	505	380	275	402	290	394	204	323	159	159	785	C->T
CCC->A	306	321	232	257	278	259	184	239	193	187	209	177	141	118	77	107	82	111	73	76	49	44	223	C->A
CCC->G	300	333	243	270	233	258	211	215	219	186	163	146	166	134	80	154	110	107	80	113	49	50	179	C->G
CCC->T	1048	1115	776	949	887	877	677	729	633	718	690	515	520	445	270	431	354	354	222	407	162	217	842	C->T
CCG->A	89	89	59	69	69	67	66	52	44	59	50	31	46	26	34	37	33	33	22	29	11	19	55	C->A
CCG->G	83	98	50	54	66	69	62	58	48	49	43	46	48	33	23	39	37	30	31	24	11	16	50	C->G
CCG->T	2182	2188	1418	1619	1560	1619	1443	1372	1215	1349	1219	1065	916	780	574	917	763	758	596	780	345	424	1350	C->T
CGA->A	1484	1537	1133	1323	1151	1240	1064	991	854	1013	959	798	800	586	396	595	476	554	386	492	240	248	990	C->T
CGA->C	78	75	69	76	59	58	61	51	48	66	49	49	38	36	21	33	26	38	28	30	13	14	46	C->G
CGA->T	54	80	49	73	59	69	49	46	51	46	42	49	38	20	25	29	24	34	17	25	9	13	48	C->A
CGC->A	1657	1825	1176	1378	1291	1395	1164	1157	1004	1112	1007	944	809	565	485	766	630	593	523	595	283	345	1161	C->T
CGC->C	49	65	41	39	44	45	31	38	31	44	36	21	17	24	20	24	22	18	14	18	11	13	36	C->G
CGC->T	129	141	93	93	95	103	97	88	79	90	73	60	55	49	37	51	39	58	47	47	28	30	72	C->A
CTA->A	90	124	96	142	102	102	58	72	72	55	56	68	62	60	31	31	16	54	16	22	20	9	107	A->T
CTA->C	582	610	539	587	503	544	371	429	334	351	361	325	354	208	162	190	134	229	79	141	88	55	443	A->G
CTA->G	123	119	89	138	101	104	73	85	67	57	55	62	62	40	25	38	30	39	15	24	23	13	79	A->C
CTC->A	135	150	133	137	121	124	107	111	104	88	114	74	84	61	41	62	46	63	29	58	30	19	122	A->T
CTC->C	434	501	326	412	358	389	293	298	289	260	270	244	231	158	102	166	126	160	89	126	52	59	302	A->G
CTC->G	138	174	123	138	130	154	123	104	99	88	82	100	82	69	49	66	54	50	28	44	22	34	108	A->C
GAA->C	171	222	166	209	196	161	151	137	136	100	116	103	97	65	40	65	41	85	16	45	23	20	125	A->C
GAA->G	461	519	417	520	457	472	327	327	289	301	277	296	248	187	117	159	107	153	64	141	100	52	373	A->G
GAA->T	145	161	138	180	152	139	104	110	92	93	98	86	102	64	31	45	34	57	18	43	26	15	122	A->T
GAC->C	76	92	61	68	60	66	50	51	42	51	41	40	43	16	25	24	19	29	16	27	10	19	49	A->C
GAC->G	310	344	265	362	287	270	230	244	190	202	197	184	163	112	78	128	85	148	59	91	56	39	299	A->G
GAC->T	148	182	135	144	123	115	115	112	84	91	111	84	91	65	38	53	35	55	22	48	19	14	124	A->T
GCA->A	379	454	348	433	367	353	274	298	221	268	243	217	227	137	96	147	89	155	70	126	66	49	374	C->A
GCA->G	150	221	125	169	154	153	115	135	127	100	119	74	93	66	52	71	56	65	28	51	33	19	132	C->G
GCA->T	854	948	675	867	721	722	594	634	526	545	554	450	463	329	229	311	217	332	149	273	139	123	653	C->T
GCC->A	353	431	276	331	283	314	266	225	208	228	235	205	149	125	88	142	112	155	79	123	63	62	234	C->A
GCC->G	209	227	140	156	144	170	159	146	144	115	127	98	106	87	57	83	66	65	40	61	36	28	115	C->G
GCC->T	955	989	755	901	808	809	642	686	578	633	630	530	464	350	250	387	322	364	225	324	157	166	763	C->T
GGA->A	1524	1702	1276	1488	1375	1414	1111	1068	921	1040	1003	931	863	629	431	611	448	629	300	493	246	227	1319	C->T
GGA->C	247	329	236	302	273	230	210	227	202	174	193	143	143	122	79	144	81	86	58	88	46	31	228	C->G
GGA->T	315	377	284	340	292	291	219	237	212	201	210	170	174	102	82	128	106	125	52	94	57	41	246	C->A
GTA->A	107	99	86	120	95	109	67	84	79	66	78	54	57	46	24	38	21	30	11	18	13	9	81	A->T
GTA->C	559	624	493	658	560	582	404	413	367	346	365	295	360	202	117	190	127	254	81	132	94	57	480	A->G
GTA->G	82	110	73	92	70	84	46	51	57	42	47	53	55	26	25	23	26	29	19	30	15	6	59	A->C
TAA->C	197	245	168	261	204	188	168	145	150	120	111	117	135	79	47	62	38	91	30	39	32	17	163	A->C
TAA->G	680	864	655	821	687	707	504	525	462	424	425	389	470	284	187	215	167	307	96	168	135	52	570	A->G
TAA->T	263	305	252	310	268	271	184	175	179	168	155	148	178	102	66	96	75	100	45	81	40	18	222	A->T
TCA->A	300	342	294	353	309	287	207	223	197	187	214	166	184	127	67	115	63	138	45	80	62	36	281	C->A
TCA->G	285	389	258	329	250	280	273	269	237	198	182	156	184	120	90	125	76	122	60	82	42	38	222	C->G
TCA->T	981	1121	893	1081	870	922	710	721	681	617	661	598	560	345	247	339	242	425	144	275	147	100	813	C->T
