Context	Count	Count	Count	Count	Count	Count	Count	Count	Count	Count	Count	Count	Count	Count	Count	Count	Count	Count	Count	Count	Count	Count	Count	One_mer
AAA->C	8785	10043	8300	10633	8843	8689	6766	6604	5913	5735	5712	5191	5893	3671	2440	2865	2208	3787	1640	2370	1689	966	7005	A->C
AAA->G	15217	17282	13820	17298	14642	14911	11501	11143	9679	9944	9633	8915	9718	6322	4233	4829	4155	6647	2631	4335	2826	1669	11049	A->G
AAA->T	5489	6309	5031	6845	5483	5446	4321	4218	3641	3637	3642	3224	3724	2286	1443	1749	1410	2420	1015	1374	1072	568	4387	A->T
AAC->C	4058	4204	3267	4158	3384	3593	2744	2723	2307	2465	2321	1993	2302	1506	993	1248	1015	1495	728	1072	659	475	2714	A->C
AAC->G	11540	12430	9971	13259	10813	11211	8446	8259	7006	7406	7166	6438	7317	4631	2981	3539	2981	4898	1850	3440	2167	1305	8765	A->G
AAC->T	3014	3490	2819	3820	3082	3042	2329	2377	1962	2060	1974	1729	2030	1311	794	1037	731	1299	453	851	577	318	2739	A->T
AAG->C	3605	4246	3286	4307	3514	3584	2677	2750	2330	2365	2319	2064	2287	1520	1027	1262	925	1585	585	1028	665	440	2542	A->C
AAG->G	12167	12993	10335	12957	11109	11283	8578	8366	7413	7749	7295	6520	7276	4758	3326	4015	3246	4808	2160	3498	2175	1501	8302	A->G
AAG->T	2992	3337	2731	3553	2779	2914	2135	2263	1856	1973	1927	1645	1965	1201	779	941	725	1241	457	852	600	360	2322	A->T
AAT->C	4397	5066	4043	5534	4219	4420	3325	3320	2873	2833	2763	2478	3020	1796	1148	1266	1015	1906	671	1185	877	445	3465	A->C
AAT->G	24958	29991	23844	30013	25657	25006	19330	18854	17394	16356	16367	14442	17068	10751	6864	7803	6090	11172	3558	7071	4731	2548	18147	A->G
AAT->T	5385	6276	5161	6974	5629	5323	4203	4294	3382	3438	3520	3257	3838	2208	1423	1783	1368	2358	909	1502	1165	518	4582	A->T
ACA->A	8572	9713	7715	10100	8076	8411	6429	6454	5446	5532	5646	4715	5488	3514	2231	2661	2192	3550	1487	2293	1580	915	7407	C->A
ACA->G	6363	7848	5964	7272	6305	6398	5187	5561	5069	4299	4361	3789	4073	2778	2016	2808	1708	2776	1255	1928	1226	853	5329	C->G
ACA->T	26521	29749	23507	30480	25488	25983	19647	19310	16866	17230	16792	15242	17029	10783	7083	8527	6564	11426	4260	7627	4874	3084	19950	C->T
ACC->A	8341	9165	7210	8973	7513	7936	6019	6193	5033	5460	5430	4811	4708	3251	2279	2921	2208	3378	1715	2610	1521	1135	6113	C->A
ACC->G	3582	4240	3216	3704	3225	3300	2888	3180	2790	2494	2360	2023	1966	1516	1204	1828	1044	1400	838	1177	670	576	2645	C->G
ACC->T	15438	16248	12411	15557	13136	13913	10633	10591	8888	10138	9232	8471	8527	6071	4169	5301	4385	5936	3035	4904	2547	2226	10832	C->T
ACG->A	2180	2373	1781	2378	1718	1978	1638	1654	1330	1545	1366	1193	1294	892	583	909	651	968	497	713	440	324	1567	C->A
ACG->G	1804	1889	1407	1834	1384	1602	1348	1352	1270	1248	1165	1008	1003	783	565	853	550	752	499	592	351	362	1258	C->G
ACG->T	41130	45289	32706	40799	35855	37209	30081	28883	24100	28689	25131	23477	23658	16331	11137	14582	12352	17681	8727	13852	7314	6654	26974	C->T
ACT->A	4595	5271	4283	5697	4611	4399	3506	3593	3122	2952	3094	2640	2905	1897	1346	1567	1126	2012	718	1243	867	496	3681	C->A
ACT->G	5862	7333	5592	7016	6065	5809	4972	5403	5037	4087	4024	3508	3703	2556	2055	2781	1489	2470	1085	1632	1126	762	4853	C->G
ACT->T	18947	20893	16715	21601	17638	18199	13645	13664	11581	12035	12157	10653	11942	7638	4902	5806	4689	8105	3140	5378	3425	2035	13881	C->T
AGA->A	17583	18531	14599	18677	15662	16461	12399	12142	10357	11084	10588	9635	10501	6696	4400	5565	4472	7047	3009	4950	3118	1991	13551	C->T
AGA->C	9282	11255	8543	10231	8909	8861	7407	8171	7843	6198	6196	5252	5498	3995	2991	4230	2422	3737	1728	2849	1692	1243	7261	C->G
AGA->T	7746	8667	7275	9544	7725	7614	5788	5822	4815	4934	5121	4482	5275	3210	1976	2321	1804	3362	1174	2103	1450	794	6844	C->A
AGC->A	15620	16249	12785	16721	13704	14471	10745	10890	9012	10142	9840	8773	9011	6031	3911	5225	4283	6321	2795	4992	2775	2099	11567	C->T
AGC->C	3954	4555	3349	3852	3407	3560	3095	3475	3168	2640	2425	2124	2115	1611	1296	1922	1128	1531	841	1201	647	673	2666	C->G
AGC->T	3778	4139	3214	4102	3408	3459	2762	2865	2330	2498	2417	2081	2183	1516	1062	1394	1038	1580	696	1215	685	520	2715	C->A
AGG->A	20641	21365	16281	20720	17093	18074	14267	14293	11561	13460	12441	11078	11354	7667	5270	7070	5895	7994	4063	6501	3503	3203	14628	C->T
AGG->C	5137	5961	4401	5053	4681	4542	4046	4347	4134	3523	3361	2872	2707	2107	1687	2711	1531	2065	1143	1662	851	915	3575	C->G
AGG->T	4427	4711	3827	4972	4072	4039	3321	3255	2842	2940	2911	2529	2563	1786	1227	1653	1227	1746	884	1412	731	606	3316	C->A
ATA->A	5647	6625	5262	7029	5680	5507	4288	4253	3696	3460	3643	3201	3992	2353	1391	1704	1404	2454	931	1392	1046	505	4869	A->T
ATA->C	29480	35344	28430	37009	30677	29921	22544	22188	19881	18554	19408	17213	21187	12884	7903	8701	6890	13356	3847	7799	5820	2683	23102	A->G
ATA->G	4009	4583	3781	5189	4131	3942	3022	3046	2660	2565	2684	2392	2837	1681	981	1149	962	1731	551	1022	799	382	3567	A->C
ATC->A	4973	5633	4554	6095	4947	4879	3708	3753	2986	3297	3326	2772	3241	2069	1204	1555	1164	2169	754	1420	966	512	4068	A->T
ATC->C	10143	11384	8922	11357	9782	9804	7530	7359	6626	6603	6568	5942	6350	4183	2758	3572	2562	4335	1788	3024	1863	1207	7496	A->G
ATC->G	2377	2597	1945	2462	2120	2133	1633	1646	1382	1546	1466	1251	1377	882	647	753	566	954	447	658	411	302	1662	A->C
ATG->A	5763	6392	5189	6816	5608	5557	4292	4339	3668	3870	3714	3274	3744	2271	1468	1890	1354	2486	879	1689	1109	622	4300	A->T
ATG->C	29790	33973	25994	32500	28041	27891	21874	21465	18878	19699	18649	16879	18798	12006	8113	9877	7846	12836	5186	9259	5417	3831	20114	A->G
ATG->G	4812	5597	4378	5499	4651	4771	3593	3732	3196	3244	3247	2850	2974	1996	1368	1642	1191	2080	780	1422	877	563	3462	A->C
CAA->C	4893	5712	4508	5641	4754	4695	3715	3681	3287	3299	3201	2898	3116	1980	1425	1677	1289	2092	905	1406	915	575	3637	A->C
CAA->G	12171	13195	10176	12737	10916	11315	8709	8376	7482	7757	7339	6764	7311	4739	3243	3849	3310	4973	2473	3685	2040	1608	8454	A->G
CAA->T	2398	2656	2184	2853	2299	2280	1791	1720	1542	1534	1651	1302	1526	991	628	789	629	1011	354	679	468	249	1830	A->T
CAC->C	4582	4700	3265	4064	3431	3650	3131	3020	2701	2795	2488	2293	2291	1628	1227	1776	1274	1662	991	1277	824	740	3140	A->C
CAC->G	13226	14237	10296	12692	11313	12054	9723	8977	7958	9005	7818	7453	7442	5084	3831	4848	4206	5316	3417	4489	2357	2282	8674	A->G
CAC->T	2954	3358	2511	3035	2569	2605	2108	2169	1752	1988	1845	1692	1719	1138	792	1153	845	1192	601	939	542	474	2181	A->T
CAG->C	4025	4356	3247	3929	3455	3564	2935	2993	2626	2650	2612	2190	2255	1559	1167	1532	1221	1650	882	1296	694	643	2386	A->C
CAG->G	17625	18495	13766	15981	14353	15332	12527	11500	10333	11535	10342	9403	9368	6973	4883	6323	5644	6857	4458	5765	2980	3126	10803	A->G
CAG->T	3251	3587	2586	3509	2907	2988	2404	2471	2034	2188	2146	1821	1881	1280	894	1146	956	1329	655	1077	591	513	2254	A->T
CCA->A	5655	6214	4706	5870	4968	5183	4153	4062	3544	3749	3765	3191	3183	2287	1524	1970	1430	2289	1135	1687	984	751	4376	C->A
CCA->G	3771	4234	3203	3800	3309	3341	2885	3013	2677	2579	2380	2071	2092	1521	1157	1663	1168	1442	895	1169	615	641	2673	C->G
CCA->T	16706	17772	13604	16548	14590	15175	11814	11783	10175	11043	10272	9302	9459	6585	4623	6010	4905	6541	3511	5559	2839	2498	11377	C->T
CCC->A	4832	5290	3882	4708	4175	4312	3507	3529	3086	3340	3128	2668	2462	2042	1517	2048	1471	1913	1088	1692	844	927	3386	C->A
CCC->G	4672	5163	3537	3917	3745	3785	3388	3368	3079	3112	2778	2516	2249	1884	1468	2121	1500	1752	1149	1703	717	935	2737	C->G
CCC->T	15670	15592	11551	13784	12516	13031	10360	10594	8886	9999	9195	8199	7616	5928	4250	5732	4735	5702	3548	5401	2481	2778	10111	C->T
CCG->A	1972	1961	1395	1772	1455	1665	1418	1348	1102	1398	1176	1097	1086	742	574	844	660	835	593	677	347	391	1249	C->A
CCG->G	1614	1607	1078	1337	1131	1267	1186	1053	1002	1081	917	828	836	634	489	768	686	565	633	573	304	413	875	C->G
CCG->T	35735	35535	24806	28920	26764	28564	25218	22313	20153	23958	20297	19064	17007	13376	9910	13928	12821	13186	10450	12535	6093	7631	20470	C->T
CGA->A	24304	24886	18302	22563	19957	20713	17448	16032	13826	16617	14154	13437	12843	9191	6681	8751	7836	9327	5907	8155	4137	4230	15436	C->T
CGA->C	1683	1810	1304	1600	1242	1440	1230	1167	1015	1140	995	910	871	661	533	776	583	652	493	571	274	349	1214	C->G
CGA->T	1367	1519	1115	1531	1155	1212	1043	1036	850	1022	887	812	801	557	391	524	411	621	332	456	269	234	963	C->A
CGC->A	28963	29440	20654	24769	22382	23865	20701	18861	16468	19429	16891	15927	14334	10979	8271	11000	10261	10818	8518	10178	4937	5881	17880	C->T
CGC->C	1476	1528	1058	1302	1073	1297	1060	968	1001	980	846	764	760	597	487	663	524	543	514	519	281	330	961	C->G
CGC->T	2364	2404	1706	2208	1766	1976	1627	1605	1447	1745	1393	1237	1246	895	666	976	869	959	676	855	414	521	1354	C->A
CTA->A	1922	2212	1752	2384	1931	1832	1389	1470	1227	1238	1303	1038	1242	735	478	591	424	826	313	539	382	173	1622	A->T
CTA->C	9826	10933	8567	11009	9046	9489	7148	6743	6248	6211	6214	5523	6160	4023	2663	3150	2458	4073	1652	2831	1678	1181	7341	A->G
CTA->G	1869	2062	1651	2187	1796	1810	1388	1340	1234	1215	1157	1063	1210	784	493	611	440	795	287	549	361	215	1351	A->C
CTC->A	2589	2881	2090	2602	2287	2323	1872	1820	1636	1718	1634	1397	1493	1058	710	1018	716	1031	559	766	440	388	1914	A->T
CTC->C	8575	8974	6556	7967	7070	7410	5899	5745	5062	5502	5182	4681	4451	3325	2321	3070	2560	3199	1872	2725	1390	1487	5700	A->G
CTC->G	2873	2968	2312	2753	2383	2488	2058	1951	1682	1829	1736	1568	1536	1091	817	1103	877	1109	659	940	491	448	1678	A->C
GAA->C	3410	4093	3169	4006	3269	3288	2626	2607	2368	2393	2340	2101	2290	1459	944	1150	888	1444	567	993	624	399	2452	A->C
GAA->G	9367	10350	8056	10356	8765	9117	6744	6675	5620	6055	5899	5357	5898	3829	2527	3021	2459	3850	1567	2808	1657	1166	6689	A->G
GAA->T	2269	2666	2105	2896	2367	2315	1798	1834	1554	1535	1553	1357	1480	1021	688	758	569	995	317	654	461	229	1798	A->T
GAC->C	1887	2013	1468	1870	1526	1728	1259	1335	1157	1211	1132	975	967	745	575	676	529	705	427	615	328	309	1228	A->C
GAC->G	6865	7039	5592	7209	6010	6231	4765	4852	4019	4497	4173	3603	3854	2711	1828	2327	1886	2839	1419	2222	1231	1050	5069	A->G
GAC->T	2400	2642	2019	2632	2217	2262	1783	1781	1466	1589	1512	1360	1371	935	661	911	612	1011	454	760	413	319	1924	A->T
GCA->A	6843	7358	5633	7580	6101	6172	4852	5005	3825	4512	4302	3852	3921	2589	1740	2218	1691	2705	1168	2045	1229	797	5077	C->A
GCA->G	3340	3823	2791	3411	2913	2913	2555	2697	2370	2162	2072	1862	1900	1291	1011	1434	983	1323	642	1018	551	489	2258	C->G
GCA->T	12947	14649	11089	13585	11758	12267	9646	9635	8220	8874	8519	7432	7782	5184	3609	4835	3577	5317	2494	4244	2369	1912	9427	C->T
GCC->A	5515	5791	4251	5106	4560	4655	3759	4032	3245	3709	3404	3036	2880	2028	1494	2095	1693	2052	1248	1892	927	897	3514	C->A
GCC->G	3739	3847	2808	3277	2951	2916	2666	2682	2347	2352	2171	1966	1878	1465	1095	1700	1156	1286	869	1174	599	664	2078	C->G
GCC->T	14145	14589	10700	13167	11498	11939	9764	9621	8149	9280	8850	7322	7306	5349	3881	5331	4281	5411	3239	4613	2395	2365	9487	C->T
GGA->A	14903	15835	11875	14678	12686	13287	10328	10153	8719	9764	9173	8374	8238	5883	3991	5143	4290	5705	2895	4850	2479	2203	10092	C->T
GGA->C	4372	5298	3908	4481	4052	4125	3635	3760	3382	3090	2866	2505	2619	1947	1499	2254	1341	1780	961	1420	787	783	2931	C->G
GGA->T	4719	5324	4038	5084	4403	4413	3498	3539	3031	3234	3132	2655	2689	1965	1298	1758	1208	1908	924	1531	833	672	3519	C->A
GTA->A	1859	2114	1777	2227	1894	1807	1410	1413	1184	1199	1164	1039	1275	752	447	597	409	841	276	527	365	166	1560	A->T
GTA->C	10052	11136	9017	11739	9688	9571	7238	7282	6213	6233	6250	5771	6656	4138	2693	3052	2450	4436	1595	2856	1860	1054	7646	A->G
GTA->G	2066	2206	1780	2199	1833	1914	1503	1530	1340	1245	1182	1112	1239	814	569	688	499	809	360	563	352	245	1517	A->C
TAA->C	3698	4488	3738	4848	3880	3816	2866	2954	2703	2487	2615	2295	2633	1595	1043	1149	816	1678	539	990	705	335	2936	A->C
TAA->G	11422	13291	10720	14275	11684	11828	8813	8633	7436	7236	7234	6582	8258	4743	3112	3405	2744	5105	1713	3174	2192	1094	8203	A->G
TAA->T	6079	6665	5493	7096	5846	5838	4424	4238	3781	3953	3522	3485	4143	2533	1613	1706	1619	2642	1117	1585	1174	596	4526	A->T
TCA->A	5135	5845	4685	6465	5127	5213	3945	3891	3328	3365	3391	3006	3460	2099	1419	1670	1216	2332	850	1389	944	537	4257	C->A
TCA->G	4944	6012	4662	5860	4911	4806	4261	4251	4141	3251	3426	2987	3043	2171	1698	2262	1298	2052	1029	1451	914	688	3825	C->G
TCA->T	14796	16550	12951	16916	13990	14374	11088	10815	9375	9797	9270	8630	9332	5920	4021	5023	3845	6287	2653	4350	2590	1803	10172	C->T
