Context	Count	Count	Count	Count	Count	Count	Count	Count	Count	Count	Count	Count	Count	Count	Count	Count	Count	Count	Count	Count	Count	Count	Count	One_mer
AAA->C	5490	6184	5019	6717	5330	5462	4137	4027	3673	3652	3650	3273	3856	2296	1495	1660	1389	2362	998	1462	1048	629	4093	A->C
AAA->G	9505	10579	8562	10793	8683	9452	7115	6848	6106	6270	5943	5519	6358	3885	2587	2973	2558	4137	1664	2653	1754	1079	6438	A->G
AAA->T	3453	3992	3170	4204	3357	3625	2672	2576	2312	2318	2401	1968	2449	1436	949	1110	874	1510	592	903	695	352	2610	A->T
AAC->C	2495	2625	2153	2849	2215	2434	1788	1796	1484	1657	1602	1355	1553	1003	648	826	649	971	496	702	414	308	1634	A->C
AAC->G	7103	7802	6191	8267	6621	7211	5111	5028	4391	4790	4508	4016	4668	2959	1811	2235	1873	3062	1193	2109	1325	850	4984	A->G
AAC->T	1934	2299	1851	2523	1943	2097	1461	1532	1276	1385	1357	1120	1430	861	518	640	446	870	300	542	386	202	1752	A->T
AAG->C	2144	2579	1908	2516	1947	2100	1634	1576	1416	1436	1391	1265	1483	923	591	734	583	959	344	623	400	262	1391	A->C
AAG->G	8038	8083	6503	8259	6915	7542	5464	5262	4845	5100	4730	4344	4817	3065	2162	2567	2034	3083	1399	2202	1383	1025	4982	A->G
AAG->T	1955	2182	1836	2359	1895	2012	1448	1483	1244	1326	1300	1074	1353	792	498	615	436	835	303	590	380	236	1395	A->T
AAT->C	2593	3034	2427	3236	2479	2780	2042	1938	1766	1745	1676	1499	1868	1108	698	778	619	1187	426	712	505	260	1960	A->C
AAT->G	14987	17792	14149	18226	14909	15366	11445	10900	10405	10040	9759	8764	10610	6426	4009	4519	3498	6523	2042	4050	2794	1531	10246	A->G
AAT->T	3456	3964	3220	4452	3462	3399	2620	2665	2188	2189	2271	2058	2540	1410	869	1168	850	1577	630	899	683	342	2751	A->T
ACA->A	5360	6168	4867	6295	4924	5486	3970	3872	3385	3555	3583	3036	3500	2245	1416	1625	1381	2262	938	1387	974	579	4475	C->A
ACA->G	4182	4935	3690	4715	3927	4236	3271	3447	3211	2875	2844	2351	2678	1806	1276	1686	1048	1753	782	1172	744	542	3241	C->G
ACA->T	16457	18315	14818	19208	15567	16914	12196	11696	10650	10870	10691	9635	11035	6795	4298	5236	3869	7167	2646	4530	3024	1897	11741	C->T
ACC->A	5164	5692	4397	5441	4607	4980	3758	3751	3159	3426	3428	3095	3123	2036	1326	1794	1365	2018	1034	1563	911	683	3513	C->A
ACC->G	2188	2562	1948	2248	1910	2057	1745	1913	1679	1551	1431	1253	1298	929	715	1045	596	863	498	705	440	351	1564	C->G
ACC->T	9746	10439	7952	9827	8072	9068	6721	6404	5773	6392	6018	5333	5554	3826	2556	3221	2681	3737	1881	2902	1633	1442	6424	C->T
ACG->A	1455	1520	1248	1567	1134	1327	1015	1015	817	1024	879	788	851	603	403	550	402	657	297	443	306	224	971	C->A
ACG->G	1251	1332	1000	1283	932	1144	942	943	897	918	792	722	760	536	417	598	387	529	350	443	251	271	842	C->G
ACG->T	25788	28243	20974	25875	22254	23901	18729	17623	15393	18392	16143	14850	15458	10349	6867	9176	7436	11212	5432	8237	4505	4172	15616	C->T
ACT->A	2841	3201	2617	3486	2723	2874	2171	2178	1906	1865	1940	1642	1873	1170	768	993	659	1209	425	690	506	297	2107	C->A
ACT->G	3618	4375	3483	4296	3595	3695	3015	3197	3008	2477	2506	2120	2346	1574	1174	1622	867	1591	635	1001	648	453	2803	C->G
ACT->T	11924	13321	10873	13868	11098	12292	8781	8640	7604	7839	8050	6911	7956	4830	3217	3695	2865	5236	2018	3338	2142	1356	8144	C->T
AGA->A	11295	12051	9410	12074	9903	10855	8022	7664	6765	7161	6982	6294	7008	4368	2793	3536	2901	4621	1982	3174	1948	1335	8476	C->T
AGA->C	5510	6766	5200	6137	5204	5450	4495	4622	4512	3737	3758	3251	3413	2348	1690	2421	1404	2305	1045	1629	987	753	3938	C->G
AGA->T	4589	5125	4391	5679	4464	4739	3368	3362	2867	2889	3173	2715	3164	1906	1112	1380	1017	1941	692	1152	862	455	3840	C->A
AGC->A	9594	9998	7904	10381	8335	9237	6680	6566	5566	6306	6243	5561	5710	3746	2384	3165	2491	3931	1735	2942	1747	1249	6877	C->T
AGC->C	2290	2651	1941	2334	1963	2168	1785	1970	1716	1619	1493	1251	1328	983	790	1077	669	904	494	704	373	420	1505	C->G
AGC->T	2269	2417	1894	2428	1994	2083	1597	1664	1393	1529	1474	1231	1365	869	602	845	555	936	437	657	386	299	1536	C->A
AGG->A	12407	12722	9902	12458	10189	11220	8567	8329	6907	8216	7570	6709	6942	4647	3112	4093	3411	4768	2419	3738	2014	1860	8192	C->T
AGG->C	3031	3493	2606	3055	2701	2740	2261	2463	2293	2059	1886	1655	1598	1271	1014	1427	872	1194	637	934	503	530	1910	C->G
AGG->T	2775	3000	2354	3099	2476	2607	1930	2022	1809	1781	1854	1606	1616	1098	779	965	703	1089	524	842	446	385	1901	C->A
ATA->A	3454	4080	3316	4339	3331	3369	2587	2533	2248	2231	2314	1975	2465	1396	844	1081	830	1520	599	791	624	308	2847	A->T
ATA->C	18381	21772	17476	22925	18490	18826	13752	13495	12233	11552	12192	10712	13586	7952	4731	5293	4164	8317	2426	4666	3542	1719	13652	A->G
ATA->G	2685	3026	2518	3516	2650	2688	1864	1939	1829	1705	1880	1616	1961	1094	647	747	657	1176	399	638	513	260	2286	A->C
ATC->A	3290	3534	2825	3877	3005	3175	2300	2263	1912	2095	2183	1736	2204	1316	744	1024	758	1385	477	854	572	322	2485	A->T
ATC->C	6408	7171	5642	7301	6080	6622	4741	4532	4197	4345	4279	3704	4147	2630	1712	2203	1749	2760	1137	1851	1167	792	4405	A->G
ATC->G	1440	1571	1211	1570	1311	1451	1023	1011	894	978	911	828	940	587	419	512	368	610	267	419	241	186	940	A->C
ATG->A	3470	3877	3138	4083	3349	3381	2496	2604	2239	2399	2246	2021	2315	1410	861	1082	803	1569	551	953	625	402	2459	A->T
ATG->C	19124	21350	16659	20923	17449	18370	14046	13365	12094	12760	12074	10867	12284	7692	5202	6214	4971	8273	3311	5764	3360	2506	11943	A->G
ATG->G	2907	3353	2643	3329	2790	2941	2251	2254	1998	2012	1978	1702	1873	1219	804	1034	782	1252	505	861	538	366	2044	A->C
CAA->C	3088	3382	2832	3475	2839	2978	2321	2170	2122	2073	1985	1773	1946	1240	889	1030	820	1260	576	856	593	359	2153	A->C
CAA->G	8079	8724	6524	8184	6855	7668	5754	5300	4944	5261	4777	4520	4854	3095	2161	2559	2126	3322	1689	2318	1349	1135	5195	A->G
CAA->T	1420	1651	1305	1790	1328	1525	1058	1097	943	947	1043	809	930	582	382	468	348	628	205	381	239	163	1022	A->T
CAC->C	2790	3002	2093	2664	2132	2420	2020	1839	1764	1794	1609	1495	1489	1027	827	1116	821	1051	632	801	534	466	1931	A->C
CAC->G	9018	9429	6855	8573	7298	8382	6425	6025	5449	6282	5318	4985	5181	3478	2566	3270	2744	3605	2384	2920	1587	1579	5395	A->G
CAC->T	1853	1987	1519	1907	1607	1700	1303	1348	1081	1281	1171	1035	1110	743	514	731	517	745	338	554	286	294	1348	A->T
CAG->C	2388	2625	1902	2403	1937	2169	1703	1731	1572	1605	1571	1336	1384	975	687	935	711	961	503	721	416	387	1390	A->C
CAG->G	11744	11998	9112	10706	9260	10512	8427	7277	6777	7762	6780	6297	6381	4565	3271	4167	3762	4473	3194	3703	1847	2114	6709	A->G
CAG->T	2074	2166	1536	2158	1760	1965	1535	1432	1257	1421	1305	1104	1184	819	563	678	560	829	441	635	353	328	1273	A->T
CCA->A	3486	3726	2900	3690	3015	3361	2427	2455	2166	2314	2370	1923	2100	1423	951	1166	828	1337	681	1014	582	470	2515	C->A
CCA->G	2296	2504	1929	2203	1939	2018	1707	1710	1565	1581	1386	1265	1249	923	652	965	695	866	530	694	378	367	1416	C->G
CCA->T	9865	10255	8085	9740	8380	9305	6837	6831	6085	6629	6037	5444	5680	3802	2626	3468	2801	3868	2058	3117	1628	1492	6288	C->T
CCC->A	3083	3372	2374	2977	2554	2803	2200	2217	1909	2211	1952	1706	1620	1312	915	1261	937	1186	726	999	519	553	2034	C->A
CCC->G	2886	3078	2148	2402	2189	2382	2015	1915	1842	1917	1654	1511	1395	1115	836	1189	901	1067	685	955	405	594	1531	C->G
CCC->T	9550	9512	7001	8496	7492	8225	6282	6186	5482	6367	5666	5056	4817	3645	2643	3458	2906	3603	2122	3160	1504	1705	5790	C->T
CCG->A	1320	1286	975	1178	965	1180	939	876	767	937	801	743	745	523	388	538	443	532	364	436	244	243	759	C->A
CCG->G	1026	1076	686	866	717	872	731	651	640	725	573	525	541	384	308	459	443	393	395	374	169	280	543	C->G
CCG->T	21772	21823	15307	17740	16112	18158	15365	13271	12439	14760	12318	11746	10717	8201	5977	8383	7603	7999	6435	7449	3628	4498	11722	C->T
CGA->A	14885	15283	11343	13954	11956	13024	10757	9509	8603	10346	8828	8268	8136	5728	3990	5415	4552	5812	3510	4772	2468	2590	8815	C->T
CGA->C	1191	1266	902	1068	843	1021	882	816	715	777	675	660	602	460	370	517	366	430	331	366	200	252	767	C->G
CGA->T	833	956	745	1009	734	826	635	584	567	681	584	508	560	370	269	355	232	414	205	255	176	147	594	C->A
CGC->A	17749	18164	12931	15434	13720	15180	12761	11338	10320	12281	10669	10068	9119	6924	4906	6753	6206	6848	5274	6013	3105	3564	10321	C->T
CGC->C	1098	1058	773	1006	783	966	797	688	703	716	605	567	550	419	360	452	340	424	335	362	193	226	667	C->G
CGC->T	1498	1534	1087	1423	1065	1330	1043	953	902	1126	902	832	801	550	420	578	485	602	413	549	254	312	819	C->A
CTA->A	1166	1408	1067	1465	1161	1167	893	918	786	787	782	641	776	472	328	365	268	543	182	310	275	107	930	A->T
CTA->C	6516	6904	5582	7237	5654	6421	4578	4454	4077	4131	4126	3581	4094	2639	1744	2058	1611	2693	1120	1786	1128	823	4271	A->G
CTA->G	1133	1239	1020	1346	1024	1125	839	772	753	735	691	678	741	420	293	371	257	494	198	297	199	144	761	A->C
CTC->A	1659	1818	1366	1726	1385	1521	1199	1158	1054	1109	1087	927	1009	679	477	623	511	654	371	493	298	232	1174	A->T
CTC->C	5688	5828	4299	5197	4515	5017	3735	3618	3361	3680	3366	3161	3030	2179	1471	1969	1656	2133	1270	1724	941	951	3459	A->G
CTC->G	1751	1768	1333	1710	1418	1583	1250	1092	1034	1164	1080	964	972	642	455	658	493	656	425	522	259	297	1014	A->C
GAA->C	2303	2655	2070	2722	2139	2256	1694	1625	1498	1587	1561	1381	1449	934	591	721	562	931	409	623	401	272	1502	A->C
GAA->G	5957	6555	5081	6722	5417	5989	4397	4114	3621	4037	3885	3550	3906	2407	1580	1969	1580	2498	1064	1773	1126	750	4063	A->G
GAA->T	1425	1657	1286	1767	1463	1494	1064	1085	994	917	1040	823	977	608	423	489	340	635	202	385	288	137	1059	A->T
GAC->C	1285	1372	1029	1291	1047	1211	855	911	793	881	805	714	711	548	409	460	363	507	301	420	207	223	786	A->C
GAC->G	4551	4532	3734	4851	3904	4232	3107	3092	2615	3161	2777	2437	2648	1777	1188	1594	1244	1824	979	1425	850	702	3076	A->G
GAC->T	1557	1697	1322	1682	1328	1414	1136	1102	970	1037	981	862	949	634	394	550	421	647	290	426	257	214	1101	A->T
GCA->A	3979	4236	3363	4513	3450	3855	2802	2772	2271	2673	2596	2265	2342	1556	973	1271	994	1585	670	1076	707	465	2790	C->A
GCA->G	2049	2317	1676	2044	1645	1812	1530	1613	1399	1369	1308	1153	1179	809	644	883	555	805	408	610	352	305	1295	C->G
GCA->T	8094	8861	6832	8407	7110	8001	5746	5712	5004	5502	5338	4570	4966	3211	2187	2817	2192	3380	1533	2518	1391	1111	5563	C->T
GCC->A	3344	3435	2613	3160	2719	2846	2265	2322	1917	2235	2026	1770	1820	1197	880	1181	957	1206	710	1069	538	494	1899	C->A
GCC->G	2307	2287	1718	1984	1684	1755	1657	1544	1446	1421	1340	1166	1151	877	669	954	646	779	542	692	368	383	1117	C->G
GCC->T	8576	8681	6525	8131	6795	7613	5887	5848	4936	5667	5475	4638	4529	3204	2214	3097	2586	3253	1950	2755	1478	1463	5435	C->T
GGA->A	10356	10989	8091	10162	8742	9386	7043	6765	5980	6794	6344	5854	5833	4220	2692	3389	2843	3963	2010	3129	1625	1445	6825	C->T
GGA->C	2660	3107	2395	2687	2424	2574	2158	2171	1994	1942	1754	1496	1583	1212	866	1291	767	1069	573	816	469	470	1686	C->G
GGA->T	2859	3197	2429	3151	2580	2680	2047	2098	1866	1920	1878	1632	1730	1174	806	1040	726	1163	512	939	455	381	1880	C->A
GTA->A	1231	1331	1073	1386	1136	1200	857	875	774	785	781	703	846	502	262	372	260	504	161	317	232	104	885	A->T
GTA->C	6227	7085	5721	7584	5937	6378	4619	4474	3986	3998	4075	3655	4285	2567	1687	1997	1573	2787	1007	1743	1154	676	4391	A->G
GTA->G	1339	1432	1210	1512	1176	1280	991	956	882	839	871	738	834	524	382	464	326	509	222	387	253	160	945	A->C
TAA->C	2322	2834	2284	3083	2356	2549	1801	1784	1689	1577	1705	1464	1746	951	612	717	492	1069	320	610	468	214	1719	A->C
TAA->G	7380	8283	6845	9148	7224	7566	5582	5344	4751	4734	4775	4188	5430	3050	1976	2103	1717	3238	1068	1992	1364	746	4848	A->G
TAA->T	3841	4191	3433	4550	3530	3811	2777	2678	2362	2543	2368	2209	2669	1571	1053	1071	991	1662	694	957	763	368	2639	A->T
TCA->A	3117	3574	2828	3927	3113	3224	2437	2282	2054	2120	2117	1826	2183	1319	863	1031	713	1375	500	769	569	336	2417	C->A
TCA->G	3007	3674	2841	3502	2843	3036	2523	2583	2467	2061	2144	1831	1896	1398	1001	1293	796	1285	602	900	561	397	2181	C->G
TCA->T	9133	10028	8104	10348	8510	9254	6706	6497	5712	6271	5893	5448	5938	3773	2382	2982	2268	3922	1602	2569	1580	1051	5909	C->T
