Context	GW_total	1	2	3	4	5	6	7	8	9	10	11	12	13	14	15	16	17	18	19	20	21	22	X
AAAAA	14896998	1199503	1301053	1015599	1228425	1060873	1062363	855564	779339	713246	723454	678325	674591	735347	454291	316477	379491	353426	463423	256971	319969	193171	132097	1186082
AAAAC	4794643	372727	433615	336950	417770	358052	353836	268221	259006	229188	229465	226726	213175	248066	147170	96460	108266	89960	157064	52727	98567	63820	33812	409069
AAAAG	5790030	456103	523100	407228	500355	431605	428231	322045	314043	278151	277728	272900	260865	295676	177938	117334	130342	109675	188278	63891	119145	75373	40024	486807
AAAAT	9428331	723650	846824	671122	863086	712889	698357	527996	502698	443205	441652	423768	413835	520830	289699	182411	200970	172198	317232	103465	180428	130708	61308	765234
AAACA	5434067	423655	492130	379327	471072	404185	399269	300407	294227	258484	261019	254585	240201	283658	168597	109069	124964	102744	179994	59332	113814	72837	40497	451202
AAACC	2750815	222038	246859	187005	220314	197842	197108	152520	148731	132006	137353	130735	123903	129914	85256	59592	69773	60013	86490	38816	64584	34846	25117	230010
AAACG	472830	36274	42178	30176	37245	32954	33264	26356	25608	22569	24873	21913	20637	23464	14516	10789	13519	10627	15750	6797	11562	6864	4895	35422
AAACT	4023230	314714	360593	283917	352707	300889	295641	226415	218427	192385	190266	194960	183065	206569	123902	80073	89478	74258	131045	41759	82176	52499	27492	335106
AAAGA	6097251	483638	549213	426348	524357	453034	448264	337340	333830	291358	294320	290042	275313	305904	188037	123287	140325	116612	198158	68003	128103	78616	43149	515082
AAAGC	2846060	227145	261255	196753	235947	209547	205987	155462	156402	136244	141080	137020	126962	140297	88367	60152	67839	54896	93030	29974	63538	35871	22292	229600
AAAGG	3464430	281130	316339	237794	281020	252420	250270	189269	188644	167606	171725	168829	157825	164864	108098	74226	84332	70542	109780	38661	79395	42986	28675	283313
AAAGT	4068235	322198	365913	285806	353188	302055	298409	226128	218577	194412	194103	188488	181452	210753	125037	82396	92575	79456	133121	46994	84043	53903	29228	323942
AAATA	7903080	604033	710177	564124	736793	600305	587149	441006	421665	368504	364771	359666	349666	445535	241947	149350	164757	138684	267905	80563	147119	110862	48499	646303
AAATC	3412913	266441	311610	240590	301997	257710	252566	186947	186456	162053	163826	157951	150732	179089	105666	68402	75117	60672	114619	32229	70099	45517	22624	284785
AAATG	5558314	432485	507840	391223	490724	419486	408470	301537	301591	265845	269316	258098	243945	293287	171311	112621	126456	99168	186969	51834	115696	73312	37100	458346
AAATT	6591970	504839	593617	475946	615755	503913	493865	367264	352833	308746	303747	295977	289227	368281	204345	124849	134096	113577	222535	65307	122070	92295	38886	536159
AACAA	4550080	360717	410931	321112	396507	340038	335561	249333	245904	217224	217082	211126	201551	235271	140424	91195	102842	86157	148623	50462	95649	60260	32111	392693
AACAC	2401614	189010	217824	162612	197486	174050	172028	131983	130928	114483	119045	114595	105919	119759	76400	50582	59550	48133	79253	28694	54515	31734	23031	192723
AACAG	3086333	247816	279239	210188	252546	225858	223240	169418	168363	147814	153396	148055	138126	149564	95988	65211	76010	61999	98974	37242	71488	39395	26403	253595
AACAT	3832818	298503	346804	268427	338383	287117	280739	211998	207524	182382	182370	175868	169303	203365	118710	76327	86291	71249	127729	42633	78352	51612	27132	318679
AACCA	2630136	210960	239576	181904	215831	193777	190826	142676	143338	126673	130811	124999	118148	126582	81610	56022	64004	52037	84398	29901	60948	33666	21449	227342
AACCC	1893739	161185	166380	122464	134797	127581	129174	105452	99266	92025	98094	89616	84924	79759	59567	44303	56355	50666	56498	36978	51081	23184	24390	145574
AACCG	228625	18567	20170	14161	16386	15195	15644	12786	12186	10892	12297	10814	9862	10214	7026	5474	7028	6013	7272	4248	6153	3190	3047	16759
AACCT	2387485	196643	212525	159846	186754	168299	168266	132384	128439	114529	119112	114135	108696	110551	73741	52389	63431	55774	74495	37335	57227	29668	23246	189416
AACGA	331840	25468	29746	21373	26375	23423	23656	18417	18099	16017	17492	15462	14738	16027	10391	7454	9097	7144	11033	4585	8043	4481	3319	26083
AACGC	217563	17329	19411	12899	15517	14609	14852	12136	11554	10495	12018	9910	9530	9859	6844	5194	6814	5589	7222	3882	5828	3160	2911	14755
AACGG	260959	20922	23308	16180	18628	17559	17719	14186	13853	12660	14167	12444	11296	12006	7946	6216	8159	6572	8352	4475	7103	3773	3435	18709
AACGT	431523	32833	38505	27860	35189	30461	30281	24202	23779	20718	22343	19955	18717	21679	13256	9211	11960	9364	14817	5767	10327	6196	4103	32719
AACTA	2440423	188952	220592	176874	224672	187580	183985	134009	133282	116616	112243	117113	110806	129805	75842	46888	49029	40506	79785	20518	45359	32306	13661	217058
AACTC	2364722	195106	209885	158974	186478	166697	166054	133581	127525	113360	118663	112905	108180	110103	73202	51015	62421	53785	74221	35227	56323	29339	21678	185675
AACTG	2621228	210940	237462	180788	217666	192541	189288	144381	142816	125041	128649	127223	118175	128704	80834	55259	63104	50971	85087	28528	59440	33513	20818	208400
AACTT	3120852	244066	282702	221842	278534	236011	231517	171069	169098	149027	147691	146347	139708	165119	96689	61539	67169	55793	103743	29101	62847	41574	19666	252897
TTCTT	6097967	482714	552405	427881	527160	454345	448962	335845	332974	291090	293926	287913	274649	309044	188064	122349	138348	115833	199007	65818	127157	79395	43088	507036
GTCTT	2566151	209129	231619	174523	208525	185704	183143	141643	139337	122870	128484	121433	114969	121905	79927	54864	64165	53826	82159	33744	59239	32645	22298	211436
CTCTT	3526839	290122	319722	239872	285561	255178	252482	192260	192768	169785	175451	169485	158037	167426	109154	75289	88265	73655	112495	43506	82501	43828	29997	277620
ATCTT	3314821	262009	300790	233058	288583	247573	242933	181468	180138	158375	158463	156195	148194	171670	102340	67254	75141	61862	109064	34063	68828	43675	23145	267728
TGCTT	3287466	265489	299598	224704	270355	240429	235466	179176	179143	156686	163579	157116	146813	161821	101620	69827	80182	66749	106959	36912	75549	41906	27387	260735
GGCTT	1999064	167232	183313	131912	148729	140218	137378	107604	109008	96230	104800	95991	88102	88798	62265	46197	55888	46181	61672	27909	52980	24690	21967	150956
CGCTT	346749	29282	29449	20159	22655	21697	22692	20266	17939	17026	18870	16082	15380	14342	10777	8734	11791	10944	10246	8843	9870	4483	5222	22815
AGCTT	2488511	201871	227166	170781	201525	180885	177822	135771	136402	119694	123974	120281	111968	118725	77209	52804	61603	51242	80547	28546	57684	31178	20833	193235
TCCTT	3726905	304581	340363	253936	299540	269112	268086	202747	204145	179066	186862	181469	167915	174395	116506	79908	92431	76548	118265	43795	88734	45896	32605	299937
GCCTT	2054189	173543	187270	134903	153172	143598	141772	110792	110545	99458	106827	99230	91320	91427	64808	46970	56083	48158	64119	29643	52852	25338	22361	156688
CCCTT	2288388	194575	208173	151922	169606	160448	159781	123519	123431	111239	117660	112760	102973	99650	71814	52363	63133	52820	69892	30772	59808	27597	24452	179169
ACCTT	2156930	176673	196182	146551	173367	154529	152740	117921	117494	103067	107230	104036	96343	103220	67193	46839	54412	45885	69281	26829	50680	27147	19311	168372
TACTT	2772441	218410	249996	198984	251668	208933	205280	151893	149597	131059	128598	128625	123153	150033	85907	54644	58616	50249	92283	26874	53297	37153	17189	221526
GACTT	2107744	171108	192348	146416	174801	155972	152137	113395	115171	101039	105095	100287	93748	102434	65139	44392	50609	41289	67655	22350	48587	26932	16840	172092
CACTT	3070476	254086	272457	204612	240432	215634	214161	171512	164852	147700	154702	144998	138566	144325	94399	67478	82673	70708	97465	47257	74622	38047	29790	236197
TTATT	6440393	498725	578323	462912	601137	490605	477814	352519	346264	301238	296147	296100	284942	358144	198137	121040	136177	111462	217112	63268	120994	88646	38687	537846
GTATT	2774361	216145	248960	196380	248154	207309	204579	153650	148764	132093	130641	127374	123110	148635	85591	55136	61089	52275	91527	31310	54982	37366	19291	231556
CTATT	2903557	227978	263838	208649	263934	221375	216541	157810	158049	137329	136004	135628	129838	155376	89324	56519	61352	49911	95847	26209	56225	38224	17597	251193
ATATT	5437810	407024	490508	393512	528582	423595	408905	301600	293445	253058	242852	249316	239694	320213	167086	98010	105647	84511	187793	43067	92697	78104	28591	444273
TGATT	3415487	266523	310053	240704	300297	256732	250259	187500	186112	161648	164450	159773	152106	178688	105117	67917	78431	61504	113010	34473	71327	45260	23603	287245
GGATT	2424793	201399	212942	160004	186299	168661	169118	136352	129281	116557	122777	113860	110626	109982	76368	53579	67086	58665	74829	41703	59222	29521	25962	191080
CGATT	325202	26268	27817	20218	24259	21714	22534	18598	16919	15665	17203	14637	14267	15011	10073	7434	10190	8829	10291	6658	8230	4314	4073	24512
AGATT	3158839	250337	285607	222494	276576	235877	231718	174181	171422	150006	150439	148783	141711	162739	97916	62851	71242	59206	104106	33206	64911	41284	22227	255037
TCATT	4161733	326965	378314	292231	366744	313219	305310	225494	226553	198685	200809	196595	183892	218154	127543	83557	95982	74019	139340	38898	86448	54466	28515	341851
GCATT	2425383	190797	221151	166455	204126	179608	174619	132908	132360	116215	119628	117104	108270	122611	74633	50587	58819	46031	80209	25488	54036	31149	18579	198076
CCATT	3048670	245255	274354	208656	249737	223695	217894	166187	164597	146457	158333	146719	136443	146373	94263	63791	77448	60879	96722	35318	71746	37903	25900	264222
ACATT	3907247	300220	356545	276498	353979	296370	288508	213276	212635	185609	185043	179908	170846	213037	121255	76660	84246	67301	132721	35689	78341	53597	24963	320390
TAATT	4788847	368639	430361	342609	448488	364662	354630	266152	255736	222236	220843	215765	209717	268084	147875	90538	100760	84640	162833	48594	88740	67562	29383	377679
GAATT	3185912	250314	289312	223877	281066	239919	235637	175110	172612	151813	153134	147141	140986	166341	98145	63631	70260	58261	106396	31866	65249	43057	21785	257235
CAATT	3007383	233937	273702	213325	271866	228363	221755	165097	163294	141402	143516	138623	133343	161207	92323	58433	65228	52618	101176	28742	60065	40263	19105	255180
ACAAA	5463324	432350	489289	381218	469194	404171	398482	304170	294669	261438	260931	257403	245006	278577	169526	110574	126766	106989	176848	66727	114683	71608	42705	469530
ACAAC	1895357	152083	172384	131297	157739	139279	137220	103232	102999	90971	93056	89272	84043	93973	58884	39857	45392	37335	61768	22042	42843	24563	15125	162833
ACAAG	2378158	192731	215437	163558	194997	172837	170468	129178	129659	113534	118179	113131	104607	114795	74240	50939	58080	49335	75962	29009	56141	30549	20792	196447
ACAAT	3087672	240548	279631	218776	278423	234109	228018	169523	168853	146561	145375	143194	135721	166513	95323	59835	67036	53617	103860	30252	61245	41452	19807	266101
ACACA	4289374	337664	392406	280691	344172	307871	299981	232801	232334	205576	218376	203217	189241	211765	135398	91678	113294	89185	142203	56419	103518	58951	42633	339687
ACACC	1812856	150736	161427	115370	131583	122811	123775	101526	97469	87643	94191	86286	80991	79394	56745	41646	53387	44421	55799	33528	48015	23419	22694	140125
ACACG	453562	35888	40342	26474	31648	29849	30122	25248	23909	21996	24943	20644	19655	20288	14209	10589	14977	12150	15109	8838	12943	6800	6941	30875
ACACT	2354105	187605	213138	159164	192880	170887	168399	128487	128550	112591	116042	113305	103137	115895	75588	49722	58234	47286	77322	27684	54439	30772	22978	188856
ACAGA	3936725	319864	352205	262132	310576	280858	277131	217949	213458	190370	198456	190128	177899	184903	122063	84916	103595	85738	124394	57260	94361	50043	38426	312256
ACAGC	2103858	174045	192664	136588	156544	147201	145149	113781	114706	100606	111131	99856	91677	95220	65878	48352	58130	47710	66702	30216	56248	26909	24545	156283
ACAGG	2877961	245612	252787	180663	200199	190596	191878	163248	151697	138594	151914	135688	128388	121445	89711	67962	88040	78876	86727	60613	79131	35691	38501	205094
ACAGT	2542980	204298	229995	173230	208344	184303	180469	140636	137752	121236	126531	121310	112598	125042	79366	54266	63670	51450	82198	32511	58738	32627	22410	198410
ACATA	3341678	256889	302697	237197	306982	253881	246282	182524	180956	158367	154822	157062	148737	183105	104007	64198	70578	56519	112898	31892	64332	45919	21834	292652
ACATC	1980097	156459	180052	134394	161652	144395	140848	108479	109574	95489	98571	95326	88127	96953	60904	41927	50150	38870	64886	23463	46742	25716	17120	158796
ACATG	3097027	246312	279909	208468	253432	225149	220018	170054	168717	147842	154895	144612	138653	151785	96376	65567	79002	64349	100351	40465	73102	40631	27338	255463
ACCAA	2461436	198117	223427	171847	206237	182164	180382	134226	134080	117903	121030	117448	110218	119110	76645	52228	57470	47934	77894	28117	54671	30804	19484	218932
ACCAC	2178719	184028	192419	141140	157876	147963	148010	123043	115249	105260	112241	102963	98552	93916	67845	49929	63867	55711	66451	41254	57197	27764	26041	171479
ACCAG	2203257	186882	197798	142552	160042	150819	150432	121815	117325	107232	115252	104868	97559	94686	69725	50991	62917	54726	67370	37152	59615	27095	26404	169178
ACCAT	2609640	212472	232044	175387	207402	185877	183744	146034	139934	126285	130980	123193	119235	123556	80628	55785	68927	58621	82075	38450	61270	33126	24615	215700
ACCCA	2493119	209948	222028	160899	178925	170852	168344	137075	132925	121377	129857	120023	111718	106051	78896	57091	74205	61779	75301	45258	67916	30825	31826	197363
ACCCC	1565869	136686	138712	96033	102151	100964	101452	86578	81717	77648	83136	76203	68885	61398	50006	38178	51058	45348	45313	33575	47045	19778	24005	115066
ACCCG	367121	31269	30529	20352	22314	22069	22960	21437	17944	17989	19986	16959	16198	13924	11399	9362	13355	13410	10684	11592	11217	5051	7121	23798
ACCCT	1848031	156860	166431	119475	132050	126108	124726	100418	99649	88991	96692	89362	82025	78018	58749	42908	55043	46118	56181	30949	51047	22728	23503	137683
ACCGA	220061	17979	19441	13420	15712	14476	14952	12123	11843	10706	11910	10419	9413	9680	6884	5140	6899	5842	7152	3960	5956	3019	3135	15778
ACCGC	265620	22502	22164	14966	16879	16350	17296	15473	13187	13202	14202	12308	11787	10565	8262	6699	9297	9054	7679	7595	7765	3617	4771	17126
ACCGG	196968	16558	17130	11318	12771	12223	12958	11053	10358	9563	10967	9391	8340	7831	6283	4872	6794	5796	5935	4563	5833	2869	3562	13001
ACCGT	310626	25333	26871	18510	21165	20211	20691	17505	16273	15213	16645	14329	13742	13904	9529	7558	9960	8843	9650	6708	8723	4534	4729	20548
ACCTA	1655527	134012	150490	116485	140628	123350	120466	89817	90133	79265	79276	79674	74921	81158	51701	34369	38454	31317	52705	18525	35654	20706	12421	144691
ACCTC	2353562	204760	204642	148109	163049	155211	156621	133248	122716	113627	122684	111790	106681	98789	73505	55785	72530	66374	69206	50090	64412	28769	30964	171559
ACCTG	2452276	208951	216475	154310	172013	162843	162690	137608	130066	118680	130404	116733	108843	105036	76405	58029	74154	65126	74498	48369	67964	30525	32554	175520
TTCGT	343472	26569	30794	22290	27610	24354	24445	18978	18455	16578	17673	15966	15173	16856	10732	7665	9238	7583	11485	4644	8181	4803	3400	26957
GTCGT	170512	13279	15337	10367	12301	11399	11728	9581	9329	8016	9161	7818	7403	7759	5332	4025	5357	4293	5666	3030	4793	2371	2167	12221
CTCGT	345214	28205	30207	20867	23751	22683	22963	19386	17956	17184	18559	15986	15527	14850	11069	8105	10802	9616	11001	7280	9440	4712	5065	24145
ATCGT	307161	24151	27045	19342	23660	21287	21308	17156	16415	14589	16236	13945	13364	14833	9524	6955	9030	7353	10256	5283	7720	4161	3548	23270
TGCGT	312676	24581	28408	18208	22181	20585	20848	17529	16735	15183	17354	14380	13476	13766	9613	7167	10424	7938	10273	5649	8955	4672	4751	21179
GGCGT	455953	40051	37066	25182	26991	26548	28256	27279	21595	22425	24253	20263	20874	17335	13895	11847	16602	17920	12877	16293	13433	6204	8764	28797
CGCGT	58826	4841	4951	2944	3435	3378	3776	3434	2726	2917	3514	2502	2507	2150	1783	1500	2265	2277	1811	1946	1759	962	1448	3087
AGCGT	283763	22927	24989	16707	19379	18520	18974	15824	15184	13649	15976	13301	11840	12538	9025	6910	9273	7630	9357	5278	8113	4063	4306	18135
TCCGT	354512	29082	31035	21470	24269	22967	23438	19619	18315	17086	19506	16562	15606	15367	10941	8453	11440	10266	11028	7620	9969	5094	5379	24435
GCCGT	226652	18457	20165	12626	14466	14078	14567	12694	11810	10978	13004	10643	9370	9421	7215	5639	8159	6605	7324	4814	6967	3431	4219	13514
CCCGT	362508	30847	31036	19868	22145	22028	22894	20956	18292	18059	19877	16861	15742	14172	11339	8974	13280	12062	10605	10305	11188	5143	6835	23109
TACGT	357201	26989	32388	23995	30491	26212	25502	19786	19580	16893	17740	16618	15618	18742	11113	7459	8977	7149	11981	4085	7694	5176	3013	28886
GACGT	263006	20504	23445	15526	18431	17399	17596	15148	14305	12234	14658	12358	11520	11750	8215	5895	8538	6757	8646	5020	7480	3873	3708	18294
CACGT	541471	42314	48559	32019	38209	35916	36470	30258	29180	25663	30030	25060	23532	24109	17001	12307	17749	14223	17913	9809	15667	7945	7538	38642
TTAGT	2390921	189306	214109	168632	212186	178237	176556	132357	128901	113201	112452	110110	106638	126320	74232	47319	52737	46275	78145	27546	47222	31737	16703	196244
GTAGT	1432306	115606	127529	99559	121932	105167	103306	79588	76463	69046	68381	68009	65404	70798	44721	29882	34267	29242	45457	18431	30201	18149	11168	123432
CTAGT	1372310	111443	124476	97481	116933	102218	100912	74583	74436	66514	65497	67985	62559	67453	42630	28308	30804	25856	43470	13685	28248	17181	9638	115866
ATAGT	2236366	175737	201761	162597	204996	171668	166631	121370	121292	106900	102231	104544	101262	121339	69187	43342	46019	37939	73356	19535	42024	29773	12863	197326
TGAGT	2549980	207503	230309	171030	203793	183076	178650	138371	138314	122294	128394	121504	113973	121452	80256	54131	66953	54083	81579	34434	62025	32791	25065	198507
GGAGT	2251780	196237	195056	141897	156463	147205	150786	128959	116970	108676	117695	105838	102554	94273	69713	52605	69280	64633	65924	49841	61102	26981	29092	163829
CGAGT	312164	26502	26526	18520	20854	19356	20441	17866	15899	15136	17602	14115	14069	13059	9551	7488	10261	9653	9432	7822	8897	4272	4843	21865
AGAGT	2555804	211473	228923	172866	203586	181817	179985	141619	138652	122625	126578	123022	115571	120153	78876	55254	65987	56200	81210	35794	60470	31814	23329	194222
TCAGT	2607240	212601	238496	179057	215539	190778	187808	140858	142751	124622	128408	123091	114898	128354	81043	56032	63309	51217	85396	28762	59345	32825	22050	204024
GCAGT	2287567	192054	200452	146371	165302	152798	154257	131674	120753	109938	118189	109826	103991	99807	71415	52869	66581	60566	69936	44812	59192	28204	28580	168315
CCAGT	2183653	182375	198203	146067	166527	155196	152982	118983	118219	106052	111876	105531	96729	97477	68459	49171	57928	48378	67437	30301	56055	26947	22760	177943
TAAGT	2319633	182668	209581	165065	210440	175710	171480	125593	126775	109911	109084	109244	103539	124871	72078	45320	49729	40230	77181	20374	45609	31019	14132	190247
GAAGT	2358888	191335	213546	162725	195801	172732	170217	128098	128754	113169	116208	113216	105945	115092	73175	49926	56523	47062	76489	26325	53799	29505	19246	187855
CAAGT	2324476	191439	208409	158217	185977	166007	162901	128098	124576	111320	116718	109326	104240	111218	71862	50405	60226	51230	74399	31897	55884	29272	20855	180687
AGAAA	7405491	581280	673083	518849	643019	552722	545042	410139	402895	351859	356762	350869	330526	379536	228251	149443	167671	138037	243582	79026	153448	97378	52074	612156
AGAAC	2474410	197471	225334	169939	204389	183216	180465	133536	135823	118558	122550	117674	110084	120024	79534	52053	58801	47877	79931	26364	56348	31934	22505	205686
AGAAG	3884600	318703	355088	264675	311538	281514	277419	210477	213435	187356	194124	189417	174686	182876	120259	83050	96276	79790	124831	45149	91210	48996	33731	303999
AGAAT	4233932	335283	381969	296927	366290	315612	309952	233290	229684	202752	202631	201387	190479	216197	130602	84659	96431	81234	138309	46433	87857	55205	30749	343863
AGACA	3477557	284383	312644	232444	277195	248196	245500	190319	189285	166686	174970	165797	155371	163842	108523	74766	90647	74601	111166	50397	83497	44166	33162	282581
AGACC	1855998	160215	162925	118401	130662	123188	124347	104562	97469	89996	97862	88514	83527	77033	58098	43723	56186	49684	54936	37427	50782	22565	23896	140623
AGACG	485766	40903	40917	28437	31722	30561	31577	28489	24537	23262	26088	22360	21527	20009	15005	11589	16510	15629	14753	13230	14041	6781	7839	32613
AGACT	2515379	208009	226306	171464	200383	180570	177957	138033	135157	121201	125276	119982	113830	117462	78464	54666	63825	55475	78379	35678	58746	31318	23198	200932
AGAGA	4820487	401415	431992	321263	377806	342054	338245	265272	260484	230608	241924	231718	218417	221995	149665	104320	127496	107371	151610	73448	116982	59903	46499	377530
AGAGC	2171293	185176	197426	139161	157105	149919	148594	117746	116764	105913	115131	105887	95475	94161	67805	50823	61303	52703	67142	32105	58378	26342	26234	157660
AGAGG	3004236	259950	270703	192462	213841	204922	204298	162297	161474	146148	156826	147483	132902	128110	94277	70674	87002	75440	91553	48462	82219	36162	37031	215880
AGATA	2979508	234011	269308	213302	267517	225343	219314	164052	162630	141818	138177	144639	133088	158434	91401	57686	64763	52049	98557	27427	57959	39646	18387	253282
AGATC	1963370	162432	172945	130728	153801	138521	137851	109493	104840	95100	98586	93460	89414	90564	61422	43502	51866	46202	60611	31269	46969	24637	19157	157080
AGATG	3105997	254461	280287	205789	240835	220828	216054	170983	168211	149695	157814	149304	139428	144941	95677	68175	84670	68827	98498	43811	77773	39043	30893	237776
AGCAA	3287104	265600	299072	226420	270895	240416	236378	180082	178230	157201	163257	154444	146600	160307	101596	69166	80269	67066	105819	39594	75885	41677	27130	270389
AGCAC	2035939	172956	182487	130451	148899	139341	138713	111744	109261	98304	106797	97393	90517	90158	63716	47339	58193	49835	63106	33358	54016	25023	24332	150819
AGCAG	2870406	241258	263609	186972	210822	198823	196291	155498	155794	137812	149789	140699	126434	127754	91487	65472	78816	65909	90103	38525	77025	35637	35877	210535
AGCAT	2562002	205509	234994	176290	213513	190143	183596	138003	139986	122955	125846	122439	113978	127577	79245	53680	61677	49612	84321	27068	58351	32481	20738	207823
AGCCA	3218416	273067	290056	207937	229201	218641	215525	178417	169085	155473	167884	152373	143399	137331	100259	76571	95631	83934	96157	58691	88076	39713	40995	242355
AGCCC	1774674	156362	160617	108114	113165	114307	113795	95986	93859	86772	97697	87935	75970	68919	57682	44190	58104	49891	51063	34516	55139	21924	28667	119308
AGCCG	453577	39560	38120	25467	27022	26815	28387	26603	21949	22342	25023	20630	19832	16979	14261	11378	16708	16867	12735	14060	13856	6205	8778	27627
AGCCT	3160962	277891	273100	195444	211270	203153	205286	181840	164387	153279	169166	148624	142420	128341	98193	76515	101394	94817	91904	73092	88947	37754	44145	216811
AGCGA	404806	34825	33992	23405	26274	24836	26140	23776	20219	19575	21979	18272	18027	16442	12419	10243	14091	13616	11697	11646	11696	5148	6488	27048
AGCGC	212719	17521	18357	11518	12899	12812	13905	11942	10929	10630	12075	10511	9263	8406	6922	5604	7481	6789	6407	5034	6634	3006	4074	11678
AGCGG	272659	23021	23985	14989	17057	16920	17468	15185	14082	13606	15485	12872	11560	10751	8650	6912	9717	8810	7935	6194	8495	3789	5176	15740
AGCTA	2209476	184340	194302	150454	175701	155239	155204	124422	117688	106160	110017	103463	101054	103783	67605	48105	58323	51757	68336	35303	50812	27196	20212	173335
AGCTC	2063404	175927	185549	132080	147031	139896	139982	113760	111594	99349	109911	101700	91144	87915	65283	48456	60206	50669	63135	32474	56884	25092	25367	149042
AGCTG	3055242	262437	272784	195110	213296	204088	203624	169718	161051	147377	162649	145063	136515	128278	95849	72864	91536	81455	92245	56354	85709	37481	39759	215038
TTCCT	4418365	360698	404098	299828	354039	318583	317449	240492	241203	212260	222222	213339	198909	207980	137388	95371	109982	91360	141727	52562	104960	54800	39115	345086
GTCCT	1695179	142427	155917	109899	124200	118094	116900	91261	92186	82065	88779	82922	72995	74456	54223	39161	46588	38903	53303	23776	45377	21322	20425	127458
CTCCT	3660642	319544	323490	229051	250514	240578	244506	206200	193205	176003	193856	175021	164150	151042	114095	86376	112151	101716	109052	75203	102285	43395	49209	256502
ATCCT	2499743	206153	224795	167246	196225	177510	176862	137389	135503	120301	125764	120249	112885	116040	78504	54721	65441	54899	78752	34695	60562	30285	24962	197984
TGCCT	3453070	298211	304888	219772	244951	230693	230274	193983	182165	167336	180627	165097	155786	146892	107125	80864	103885	92693	103091	66739	92924	41658	43416	251133
GGCCT	1981235	174049	176403	122120	128210	127504	127626	111924	102665	97668	105689	99706	86770	76571	62880	48800	63323	56838	57302	40449	58460	24863	31415	138539
CGCCT	667226	59275	53422	36722	38438	38282	41387	39882	31250	33428	35258	29846	30307	24918	20227	17545	25057	27100	18168	24851	20098	8732	13033	40891
TCCCT	2948934	252547	265886	191083	213564	202934	202967	159805	158139	143150	153478	145355	131263	125550	93578	68067	83478	70670	89794	44636	80689	35702	36599	221079
GCCCT	1645121	143936	151707	101013	107660	108904	107290	87045	86838	80809	89652	81878	70118	65031	53112	41105	51501	44057	49047	27835	49777	20855	25951	111808
CCCCT	1897669	167372	170874	116699	123558	124064	124376	102507	99965	93811	101429	94025	82330	74959	61073	46594	59619	52609	55481	35522	57465	23649	29688	134183
TACCT	1919422	156013	173626	133831	161845	141756	138293	104293	104422	92167	92574	92460	86563	96123	60178	40129	45110	37130	61858	20865	41654	24162	14370	159913
GACCT	1641560	141325	146267	105415	118087	111555	110415	90816	86826	79433	85588	78512	72855	69794	51441	38649	48041	42304	49307	29605	44292	20274	20759	122059
CACCT	2669736	230446	235390	166317	182338	174301	175553	151068	140719	128517	142294	127165	118659	111710	83454	63855	82947	73500	80055	55975	75541	33062	36870	188757
TTACT	2685694	211223	242509	192239	246080	204613	198487	145972	146508	127356	124581	124113	118623	146468	83089	51992	56515	46703	90049	24274	51792	36066	16442	212432
GTACT	1219604	98501	110821	86393	105525	90115	89008	66227	65791	58711	58079	57290	54154	62463	38313	25117	27930	23324	39260	13140	25222	15601	8619	103912
CTACT	2208053	184085	194188	149659	175126	155161	154580	124208	116173	106364	108006	103181	100845	104417	68079	48544	57781	53182	68256	37343	50476	27399	21000	172358
ATACT	2265115	175416	205831	163601	209981	174185	170550	124038	122673	107292	103385	106405	101014	124443	70127	43608	45512	37744	75080	18944	41793	30405	13088	196312
TGACT	2375286	194144	217443	163018	194996	173420	169440	127658	130003	113772	118776	111474	104973	116020	73308	50482	58518	47465	76779	27480	55621	30213	20283	184506
GGACT	1607555	137031	144212	104959	117255	110198	109733	87745	85996	77716	84968	76734	70980	69966	50232	37678	45946	39160	49721	25475	42976	20033	18841	119920
CGACT	190652	15760	17104	11696	13426	12465	12797	10677	9982	9152	10483	8962	8167	8472	5784	4565	5894	5024	6163	3624	5400	2490	2565	12928
TCACT	3263967	271458	288042	215212	251588	226515	226391	183623	174504	156408	165267	152109	147227	151279	100142	71681	90702	77617	102596	56363	80805	40596	33842	244119
GCACT	2001475	172345	175101	126381	142285	132588	134089	113123	104526	96161	104972	94517	90351	86612	62113	47130	60231	54907	60642	40425	53470	24270	25236	144493
CCACT	2560248	218229	227992	166869	184957	174742	173731	141683	136409	124297	132765	123386	115332	110195	79684	58925	74174	64552	77679	45266	68256	31040	30085	197870
TAACT	2268973	177929	204506	162349	206078	171341	168841	124325	123300	106889	106116	106790	101473	122249	70338	44420	48237	39554	75664	20244	44276	30323	13731	183063
GAACT	2254325	184797	202668	153681	182739	164568	162430	123704	122053	108104	112186	106378	101991	107165	70457	47995	55849	47575	71096	29446	51751	28472	19220	184301
CAACT	2000873	161593	182893	138516	165833	146038	143991	108601	109016	96649	98693	95499	90320	97739	61871	42249	48138	39672	65039	21923	45770	25431	15399	161595
ATAAA	6705391	513843	604514	481315	625531	512066	499775	370014	361584	314823	308514	309922	296517	372771	207044	125996	139220	114130	226559	63751	125250	92667	39585	564169
ATAAC	2006446	155443	182390	144130	184382	153137	149138	109188	108736	94652	93487	93485	88939	109401	61856	38708	42185	33818	67684	17461	38838	27310	12078	168558
ATAAG	2482429	195955	225196	177468	225716	188549	183712	134211	135581	117670	115553	117038	110439	133219	77216	48186	52487	42858	82764	22156	48247	33291	14917	206679
ATAAT	4562586	349834	410977	330538	437769	352133	339843	248991	243597	212974	206606	208923	200672	261954	139618	83222	93595	75261	155612	39371	81301	64100	25695	376257
ATACA	3555631	275667	320273	249032	318122	265884	260071	196333	189944	169102	167333	165153	158066	190810	109428	70836	78631	66507	119190	40440	71110	48313	25386	307121
ATACC	1527039	120677	139116	108901	131646	115150	111791	82851	83235	74030	73056	73194	68720	76383	47903	31123	34352	28158	49091	15678	32101	19259	10624	139685
ATACG	308359	23164	28196	20632	26274	22336	22171	16834	16729	14828	15275	14463	13250	16245	9477	6677	7753	6206	10477	3617	6650	4459	2646	25313
ATAGA	2865338	224476	260517	203723	258535	217649	211582	156641	156144	136362	134999	134973	126185	152630	88089	55674	61746	49621	95890	26974	56185	38240	18503	250035
ATAGC	1621923	130885	146844	114813	139833	120184	117118	88560	88523	77610	77565	77394	72775	82313	50386	33127	37694	30141	52614	16978	34366	20796	11404	138139
ATAGG	1687577	136800	152512	117212	142182	124327	122339	92458	92255	80661	81198	81684	77264	82607	53027	34808	40042	32841	54027	18849	36210	20893	13381	141227
ATATA	5555297	414769	503854	399444	538894	431150	415035	306094	292256	254688	248048	257526	245507	322998	171467	99738	111542	91861	191284	50288	95613	80710	32531	508622
ATATC	2322620	175924	208024	167616	213677	179514	173969	128897	127681	110993	104942	113233	105059	127061	71527	43613	48960	37619	76715	19706	43288	31228	13374	205156
ATATG	3196861	244236	291795	229343	297035	245718	237835	173508	173208	151125	146855	149495	141405	176648	98681	61166	66049	53080	108585	27745	60473	43987	18889	282599
ATCAA	2893965	223908	264301	205837	259619	220081	215117	157783	158645	137781	136965	136672	129482	152361	89242	56827	62501	49654	96132	26199	58345	38201	18312	259392
ATCAC	2376254	192972	208664	157260	186642	166445	165107	135047	127681	113558	118928	112278	108534	112247	72859	51271	66350	54537	74842	39939	57143	30266	23684	183774
ATCAG	2353892	190097	215158	162892	194459	172315	169143	128081	128773	112863	116496	112273	104025	115004	73021	50175	56696	46343	76419	26252	53943	29997	19467	192518
ATCAT	3040256	237504	272733	212414	268308	228863	222109	165959	165773	144015	146344	142091	135790	159954	93320	60259	72373	55399	101129	30914	62489	40490	22026	254192
ATCCA	2540288	205060	227400	170513	202068	183545	178030	138451	139549	123066	126790	123619	114032	118970	80167	53751	67346	52986	80487	34748	61829	32523	25358	214744
ATCCC	2048193	175240	177898	131354	144601	137740	138104	115392	108133	99647	106109	99690	93507	86103	63578	47587	61842	54649	60577	40817	55799	24282	25544	158611
ATCCG	245477	20532	21052	14460	16474	15591	16184	13886	12423	11969	13253	11291	10850	10315	7541	6041	8259	7814	7304	6174	6922	3272	3870	16603
ATCGA	263147	20749	22845	16974	20534	18246	18609	14590	13904	12651	13913	11979	11523	12466	7932	5850	8187	6489	8348	4265	6295	3570	3228	20336
ATCGC	321315	27280	26472	18759	21134	20026	21305	19088	16258	15802	16911	14453	14612	12948	9894	7740	11047	10779	9153	9757	8886	4041	4970	22831
ATCGG	179522	14421	15906	10936	12762	11913	12191	9949	9714	8769	9657	8531	7893	8017	5601	4308	5613	4655	5841	3127	4905	2389	2424	12759
ATCTA	2316364	181133	210005	165662	209965	177103	171979	126583	126622	110241	108158	109460	102278	123247	71510	44926	49509	39926	76876	20761	45026	31028	14366	202496
ATCTC	2894716	240372	254749	191866	225057	203134	200541	163467	154321	139331	144614	139376	132388	133737	89279	63001	79058	68613	89821	47763	69407	35991	28830	225244
ATCTG	2681989	217746	242607	181795	215085	192765	189504	147201	146049	128688	133837	131132	120770	127990	83330	57040	68815	55878	86056	33116	64350	33925	24310	207772
TTCAT	4168846	324692	379111	291382	367996	314643	306392	227266	227362	199393	200742	197594	184992	218871	127554	83538	94783	73819	140345	38751	86460	55023	28137	343843
GTCAT	1881136	149909	171226	129030	157933	138526	134741	102202	103487	90019	93927	87846	82931	94151	58120	39522	45955	35982	62444	20722	42497	24596	15370	149377
CTCAT	2871004	233860	260296	192710	231231	207463	202254	156159	156268	138023	143240	137890	127961	138401	88949	61643	74505	59781	92637	36359	68336	36987	26051	224781
TGCAT	2795435	217888	256364	188206	232313	204947	199649	153496	152735	133409	140880	132201	123276	141932	85938	58295	70077	54112	93232	31762	65001	36491	23231	229205
GGCAT	2044072	171948	182311	133439	151548	140363	139804	113759	109179	98548	106399	96333	91876	91008	63276	46716	59080	50453	62914	34242	53329	24931	22616	155467
CGCAT	250929	20051	22489	15100	17861	16893	16828	14006	13319	12255	13649	11732	10962	11167	7829	5932	8053	6439	7975	4609	6914	3435	3431	18037
TCCAT	3027324	243569	272622	202222	242862	218295	212497	164612	164226	145483	159060	145309	134461	144295	94142	63973	80376	61459	96704	38267	74574	38675	29641	254033
GCCAT	2032818	167192	184768	135186	155238	143921	140711	111281	109457	97936	104794	96719	90327	92764	63570	44964	55412	46024	64012	29471	52176	25550	21345	162732
CCCAT	2292443	192343	206409	149793	169983	161684	156866	123905	124035	112138	118236	111694	102930	100173	71587	51539	65022	53108	70484	35156	61215	27980	26163	185716
TACAT	3115122	237986	282908	222262	288852	237855	230781	169122	168785	146057	145346	143991	137678	173098	96147	60111	65153	52475	106691	27567	60113	43354	18790	266829
GACAT	2121532	167021	193435	145785	178319	155842	152113	115698	116987	101655	104677	100597	93414	106779	65608	44232	51935	40477	69649	24161	48277	28024	16847	173612
CACAT	3256410	256399	296077	220089	270548	238910	232038	177504	178552	157153	160887	156457	145954	161677	102005	67656	80579	62848	106778	37152	75790	42873	28484	268196
TTAAT	4264764	325812	385915	308462	406585	328459	319469	233774	230379	198445	196446	194152	186118	242392	132315	79941	86354	68682	146002	34984	76661	59830	23587	341852
GTAAT	2455362	195483	215721	169630	211982	179938	175537	138417	130440	116040	117285	110776	109832	127903	75917	49692	59726	52377	79797	35697	50841	32756	19575	191094
CTAAT	2531339	201903	227252	177034	221034	187675	184774	139766	135878	120118	120114	116784	113489	130849	78825	50711	58983	50120	82617	30509	51215	33314	18375	200604
TGAAT	3709242	290105	334952	258883	327689	280670	271663	203012	202837	176175	175701	178874	165950	193961	114671	73349	84219	65447	123228	35081	77194	49434	26147	309983
GGAAT	2491418	200024	225802	169727	203993	180983	178149	134852	135070	119415	129899	118646	111072	120040	77833	52348	62478	49601	79816	28502	58995	31523	22650	202923
CGAAT	268655	20726	23640	17369	21057	18656	18812	14884	14172	12266	15384	12772	11679	12840	8224	5847	8415	5799	8794	3769	6778	3651	3121	21350
TCAAT	2798549	216639	254262	199630	253889	212297	207833	152283	153362	132383	131764	132655	124784	149966	86421	54084	60303	47382	93262	24875	55620	37328	17527	244732
GCAAT	2143317	172151	192675	146353	179342	156087	153100	119600	115936	101727	105728	99199	95728	106237	65555	44518	53268	44496	69241	28519	48723	27337	17797	175809
CCAAT	1984217	159048	179279	139177	167581	147643	144472	108513	108023	94799	97104	94340	89831	97714	61395	41140	46822	37462	63977	21880	43939	25049	15029	173300
TAAAT	5443037	417864	491538	391902	515007	417572	407977	298197	293444	253228	249698	247313	239072	308995	168354	102020	110463	90457	185760	48287	99764	75659	30466	440562
GAAAT	4436406	342883	405739	313480	396242	335379	328388	242951	241265	211489	212759	206117	196565	235592	136740	88722	97376	76917	149516	40445	89917	59656	28268	368300
CAAAT	4158617	323456	379266	295320	370978	315550	307261	227615	225184	197203	197560	194465	184073	220772	128485	82062	91627	72592	139528	37728	84910	55927	27055	351528
CAAAA	6109446	482596	545439	426207	522429	450110	445842	344591	327599	292210	292975	285764	274969	309242	187449	124233	142498	123927	195561	80397	128546	80062	46800	526902
CAAAC	2639152	210921	236960	181067	216617	192212	190157	145408	142966	126243	130450	126238	119358	128142	82934	55268	65314	53850	84585	33021	60294	33903	23244	224208
CAAAG	3710946	301008	334421	252145	298189	268721	263772	204859	201714	179536	184410	180791	168674	175310	115137	79688	93884	78833	116639	47472	86723	46201	32819	303363
CAACA	3071008	250740	275012	208398	246405	220497	218227	170487	165609	147453	152565	143038	137521	147207	95158	66116	78723	67417	96958	44841	72141	38781	27714	261647
CAACC	1645023	138611	146180	107981	120641	113443	113930	90668	88004	80065	84286	78143	74539	71007	51041	37231	47252	41232	50081	28731	43391	20225	18341	132886
CAACG	270445	21353	24053	16691	20067	18636	18523	14998	14586	13074	14465	12559	11923	12460	8342	6108	8265	6672	8854	4617	7210	3683	3306	20357
CAAGA	3111527	255823	279760	210458	246612	222044	219686	171772	167881	149267	156335	146045	139509	146115	96710	67381	81221	69725	97812	44816	74633	39189	28733	247461
CAAGC	1811209	153461	162571	117748	131892	123904	122937	100061	96319	86941	94669	85500	80516	79031	56195	42353	52662	46493	54833	31216	48269	22362	21276	136139
CAAGG	2337973	198110	211983	153377	171823	162141	160319	126846	126089	113103	121851	113639	103505	101572	73636	53903	66027	55765	71602	34672	63113	28341	26556	180926
CAATA	2803704	218374	254051	202600	258515	215048	209148	152186	153577	133087	128908	130626	124525	151390	86774	53598	58293	46979	93110	25263	54008	37103	16541	247756
CAATC	1717151	139212	152807	117384	140478	124091	123189	95535	92776	81890	85098	81044	78116	83599	53187	36237	43009	35657	54708	23196	39413	21863	14662	143973
CAATG	2485462	196856	225264	170615	208428	182618	179297	137122	136474	119040	122445	119104	110063	124249	76426	51296	60916	47741	81318	28326	56048	31962	19854	213070
CACAA	2908784	230509	263160	199952	241990	213621	209140	160179	159563	139169	142576	139701	129290	144306	90402	60551	70686	56521	94670	34736	65841	37785	24436	246360
CACAC	3193173	259480	289298	197808	233463	218158	214427	176276	170210	153667	168447	151831	140669	146247	101275	72557	95167	77257	102972	53730	85922	44077	40235	233841
CACAG	3203926	264445	291720	205183	232468	220848	217213	175871	175070	154115	169331	155843	140225	142403	100806	73327	92453	73748	100972	49920	87159	41091	39715	231972
CACCA	3078261	260911	270256	194819	219535	205558	207381	175911	162140	148548	161152	145752	139964	131043	95868	71155	92761	81524	92703	60935	82141	38950	39254	238524
CACCC	2003161	172839	176943	119594	129239	129542	128212	110933	105714	98063	107240	96541	88520	78488	64042	48578	67278	58628	58671	44997	60954	25609	32536	140418
CACCG	429640	36306	36133	24029	26755	26071	27893	24645	21659	21275	23326	19782	18993	17105	13348	10694	15259	14529	12692	12012	12741	6204	8189	26906
CACGA	397517	32426	34792	23820	27259	26084	26213	22421	20640	19353	21335	18102	17637	17411	12244	9396	12760	11619	12665	8932	11041	5558	5809	27781
CACGC	560009	48200	46026	30747	33451	33040	34834	33365	27201	27514	30694	24927	25034	21574	16974	14303	20602	20884	16429	18407	17056	7890	10857	34791
CACGG	429873	35510	37546	23496	26545	26567	27147	24193	22404	20892	24565	19966	18388	17511	13462	10733	15619	13349	13136	10482	13557	6515	8290	25573
CACTA	1663044	134789	150470	115781	140218	122865	120284	90670	90105	79803	80308	78642	74723	83501	51741	34600	39115	32734	54118	18832	35848	21416	12481	139522
CACTC	2195065	187137	192997	139270	157561	147326	148468	122155	115527	105535	113994	105049	98698	94820	69167	50202	65726	57323	66607	42240	59729	27029	28505	160866
CACTG	3251172	273596	288339	207942	233501	218963	219693	182654	173532	156410	170069	154631	144070	141357	102232	75142	95767	83582	100002	61395	86774	40188	41333	238741
TTCTG	4224830	337281	385419	289343	346671	309745	304474	230425	230209	202448	209451	203581	188148	205386	133570	89316	102640	83089	136694	47626	96648	54692	37974	343950
GTCTG	1926603	162126	174919	125613	142892	133909	132374	104328	103330	93178	100337	93138	84945	85104	60905	44092	53875	44355	59864	29797	51054	24204	22264	149286
CTCTG	3696062	318430	330918	234514	260556	250521	248320	202229	198176	180247	194733	181882	164196	156148	115829	86734	108724	94120	111807	63732	101897	44668	47681	265268
TGCTG	3311254	275775	300611	215306	243841	230074	227470	181254	178933	159288	172660	159008	145179	146680	104665	75795	92210	77989	103114	51298	88231	41359	40514	256987
GGCTG	3198333	282288	280119	189859	198987	198649	200889	184173	163119	154879	175101	150807	141315	122613	101264	80641	109785	101650	90551	80726	97829	39401	53688	210634
CGCTG	361649	29710	31773	19703	22333	22121	23115	20206	18916	17717	21154	16858	15015	14586	11809	9150	12985	11385	11089	8266	11426	5214	7118	20748
TCCTG	3675984	314878	325028	229958	254014	242975	244970	208199	193961	176815	195811	175511	162774	154501	115004	87130	111730	100698	110910	74079	102276	45006	49756	260434
GCCTG	3074082	274409	264631	183078	192500	190146	193455	177569	156840	150551	166510	144516	136355	117787	96107	77190	105533	99647	86400	80219	92061	37695	50883	203379
CCCTG	2554505	223424	230855	153931	163165	165416	163844	137997	135894	124963	140479	125909	109249	98867	82063	63789	83433	70927	74964	49709	80067	32344	43216	169112
TACTG	2006993	160265	182385	141240	173016	150280	146199	109836	109263	96170	96518	94426	89130	102337	62749	41826	45450	37290	64916	21288	42166	25499	14744	169901
GACTG	1742129	146489	158953	114770	131553	121312	120423	95236	93870	84207	89776	83441	76850	78265	54438	40130	47174	39773	54995	25204	44987	21391	18892	131638
TTATG	2801371	216347	254011	199861	257452	213525	207317	152683	152313	133222	131650	130224	124477	153173	86369	53841	58953	47341	94802	25019	53815	38193	16783	234500
GTATG	1557277	122033	142568	108478	133940	116096	113147	84801	84392	74963	74734	73420	69809	80852	48499	31793	35526	29130	51592	16487	32688	20587	11742	133852
CTATG	1904135	153254	171449	131863	161298	140265	136248	104318	104328	91597	92302	92024	86127	95003	59368	39110	45539	35947	61764	21128	42014	24200	14989	161828
TGATG	2725606	217195	246798	183914	222532	198522	194434	148637	149898	131236	136301	131268	123273	131383	83643	57393	71206	54011	88451	32132	64301	34910	24168	227480
GGATG	1970418	164730	177048	124952	141592	135606	131986	106094	106708	96439	103276	96450	87132	85832	62209	44889	58597	46926	61220	32770	55344	24583	26035	150236
CGATG	265874	21116	23951	15824	18834	17866	17911	14717	14400	12653	14777	12399	11311	11823	8197	6206	9028	6659	8726	4531	7512	3497	3936	18706
TCATG	2846677	227897	256629	191452	232530	207594	201577	156817	155504	135865	143211	132949	126445	139335	88044	60558	72460	58627	93445	36083	66929	37574	25152	226551
GCATG	2194078	182526	197148	139777	160598	150567	149168	122071	118031	105429	115818	102200	97633	98469	67564	50151	64695	54639	68785	38006	58310	27303	25190	165100
CCATG	2694461	223471	242705	174133	197612	186850	182985	148612	145863	130762	141940	127252	119943	119478	84402	60750	77931	64160	83964	43733	72346	34015	31554	209598
TAATG	2725775	211435	248016	194476	249188	208571	201432	147460	148204	128917	129139	126010	120176	148752	84103	52989	58902	46414	92287	23479	52822	36665	16338	226681
GAATG	2773376	222500	249233	187496	226257	202143	197113	151797	149846	133202	142911	137105	125191	133901	85849	57699	70221	54900	88397	31754	66045	35155	24661	226433
CCAAA	3710153	299728	333613	254413	300848	268374	265585	207593	199463	178120	183597	178629	168318	175988	115129	79193	92748	78957	116869	48781	85300	47263	31644	310636
CCAAC	1751600	148186	156275	115461	129817	121422	121027	96528	93894	85396	89339	83144	78901	76818	54438	39652	49418	43050	53146	29515	45743	21447	18983	139714
CCAAG	2515296	214721	226353	163019	179595	172046	169266	137809	134242	121732	132192	121180	112001	107439	78837	59114	74026	64255	76303	41829	68722	30515	30100	186635
CCACA	2846685	234420	259069	185741	212235	199488	196380	155829	154321	137909	147871	136650	123931	127606	89417	64262	78485	64703	89136	42886	76119	36916	33311	224060
CCACC	2731551	240185	236338	164311	174303	172616	174190	155443	140163	133509	146527	129819	122604	106319	86788	67147	91803	85384	78117	66066	81349	34443	44127	190881
CCACG	533340	44371	46018	29394	32750	32717	33866	30561	27699	25766	30034	24653	22973	21200	16634	13246	19236	17409	16416	13755	16892	7822	9928	33032
CCAGA	2755420	233483	250694	180651	200330	190716	188845	147907	148115	133887	143279	134024	120911	118915	88025	64286	77533	65335	84689	40812	75415	34088	33480	209183
CCAGC	3323216	294955	287452	198381	205833	206047	209066	191557	168312	161531	180880	156157	148087	126170	105911	84380	113998	107589	93175	86052	101027	40348	56308	223541
CCAGG	3553291	317116	309202	209378	217011	219197	220991	202540	182029	174285	196424	170455	156226	133572	112507	90641	124213	112409	100575	88416	111010	43793	61301	229978
CCATA	1871355	148708	171017	130625	159827	138825	135558	101711	101911	90182	90694	89869	84532	94018	58185	38375	43456	35187	61012	19441	40405	24248	13569	162778
CCATC	2348401	198237	207845	149133	168408	160442	157459	129408	125291	114424	122139	113104	106059	100970	73105	53373	70876	59004	71576	42837	64799	29159	30753	181589
CCCAA	2651308	226243	234398	173083	190104	180498	179564	148185	139696	128814	137333	127304	120157	113757	82976	61093	77577	68702	79730	47911	71056	32338	30789	204661
CCCAC	2279021	196414	204233	141413	153708	151284	149813	124513	120677	111063	122794	111616	99882	91709	72922	54186	70626	61046	67505	43668	67184	28833	33932	170118
CCCAG	4021339	359364	347110	239637	245533	248184	252055	230688	204933	197345	220057	192253	178142	151132	128235	101054	139968	128397	112567	102940	124439	48981	68325	268741
CCCCA	2636722	231258	237276	162545	171273	172196	170055	142541	138643	130351	142081	129726	114950	103923	85302	64345	84627	72877	77449	50311	80917	33470	40606	191647
CCCCC	1365380	119480	120091	80243	84172	85629	87198	74921	70787	68471	73857	66417	59140	51828	44888	34231	46580	41901	38724	31206	43215	18213	24188	96160
CCCCG	462600	40125	38940	23815	25812	26213	27639	26744	22610	23532	25767	22045	19437	16320	15075	12112	18810	17177	12707	14663	15327	6951	10779	26332
CCCGA	353487	30480	29859	20036	21473	21255	21900	20420	17634	17523	19549	16375	15537	13564	11118	8882	12642	12308	10236	10114	10966	4819	6797	23055
CCCGC	424550	36616	35097	22447	24429	24201	25827	24534	20388	21410	23417	19890	18055	15518	13730	11314	16411	16437	11737	14022	13540	5994	9536	23541
CCCGG	610587	53697	49116	32314	33696	34152	36804	36812	28558	30461	33348	27912	26351	21190	19432	16067	24416	25005	16877	22603	19238	8714	13824	35505
CCCTA	1373395	116014	124890	92912	105247	97943	96841	73782	73938	66889	69567	67335	61375	61564	42878	30810	36053	30491	42681	18076	34146	16422	13541	110359
CCCTC	2123517	186728	190913	129558	138794	138204	138915	114484	111356	103690	113531	104596	92159	83478	69770	51703	67026	59208	62968	40395	64958	26557	34526	146089
TTCGG	251806	20481	22196	15823	18141	16933	17235	13868	13442	12121	13570	11795	10945	11185	7844	5931	7781	6557	8011	4394	6727	3451	3375	18440
GTCGG	173615	14694	15032	9804	10880	10894	11028	9841	8819	8583	9665	8288	7406	6882	5539	4276	6162	5473	5162	4214	5312	2431	3230	11304
CTCGG	579365	51538	47438	32270	34097	33611	36082	34290	27878	28848	31308	26395	25483	21626	17984	14616	21470	22193	16265	19270	17543	7753	11407	36279
TGCGG	307756	25483	26941	17144	19940	19214	19751	17457	15914	15110	17005	14538	12945	12126	10020	7847	10708	9563	9275	7339	9382	4408	5646	19566
GGCGG	562892	49903	45413	30441	31881	31727	34295	33406	26225	28563	30004	25500	25052	20164	17792	14795	21828	22761	15279	20710	17267	7772	12114	32527
CGCGG	115225	9446	9210	5589	6479	6372	7107	6913	5142	5997	6559	5134	4835	4237	3812	3153	4656	5046	3240	4367	3416	1620	2895	5472
TCCGG	248111	20914	21359	13714	15541	15157	15970	13834	12589	12176	13865	11535	10335	9688	7953	6346	8908	8387	7270	6532	7805	3515	4718	14426
GCCGG	401658	35197	33020	21317	22515	22456	24250	24119	18740	20020	22225	18544	17340	14088	12887	10513	15969	16209	10923	13816	12735	5781	8994	22396
TACGG	193978	15468	17729	12260	14555	13163	13281	10536	10436	9562	10422	9092	8345	9250	6005	4473	5552	4604	6327	2953	4946	2724	2295	13906
GACGG	369464	31809	30506	20512	22310	21984	23451	21869	17993	18231	19877	16894	16422	14101	11617	9208	13502	13246	10800	11542	11247	5192	7151	23400
TTAGG	1893451	153651	172968	131913	158392	139565	138054	103046	103314	90978	92035	90076	85412	92734	59171	39483	44332	36619	61378	20497	41553	23782	14498	152802
GTAGG	1222854	102284	111530	83273	95691	87683	86687	65722	66068	58881	60997	59697	55132	56406	37968	27386	31371	26488	38264	15530	29727	14675	11394	98500
CTAGG	1562421	132931	141026	105733	119025	110953	109686	84566	83375	76206	79125	76927	70388	69298	49086	35343	41008	35575	47609	21984	38515	18439	15623	126805
TGAGG	3133263	270681	276137	199288	219918	208241	209332	176016	164694	151845	163155	152001	140511	131239	98643	73269	94010	83194	93949	60576	86661	37797	42106	228044
GGAGG	3522887	314119	304039	208532	218565	218598	224140	202592	180147	171231	190428	166854	158531	134323	110443	87519	120537	113328	100296	90485	107059	43117	58004	233766
CGAGG	485381	42007	40889	26939	28746	29054	30312	28317	23874	24080	26740	22709	20899	18448	15461	12347	17849	17246	14091	14359	14955	6496	9563	29659
TCAGG	2856179	244628	254189	182907	205024	193808	193639	157984	151767	138224	148714	137160	126510	122800	88985	66436	82433	73880	86341	52533	77323	34793	36101	211588
GCAGG	2469271	214263	220710	148311	159441	157807	158428	137593	131284	119892	136137	119466	106079	98358	78371	61122	80109	71270	73104	50795	74914	31293	40524	161840
TAAGG	1771351	145381	161229	123378	148826	130290	128677	95247	96585	85061	86605	84547	79122	86898	55328	37053	41614	34537	57399	18895	38970	22229	13480	142789
GAAGG	2652871	224711	242410	172784	194067	182873	183147	143589	144310	127089	138387	130493	118037	115407	83298	60917	74100	62575	82790	38819	70587	32475	30006	197163
CGAAA	349830	28048	30811	22521	26811	24303	24622	19642	18428	17027	18346	15863	15280	16832	10735	8022	9796	8566	11284	5962	8584	4722	3625	26994
CGAAC	222827	18692	18684	13290	15103	14091	14852	13171	11346	10587	12147	9923	9955	9228	6893	5318	7538	6921	6659	5847	6279	2932	3371	16238
CGAAG	285113	23018	25215	17367	20753	19138	19592	15640	15084	13975	15337	13626	12481	12762	8986	6669	8743	7524	9235	4616	7615	3878	3859	19894
CGACA	267561	21862	23134	15950	18721	17294	17839	15227	13830	12989	14267	12240	11667	11621	8436	6367	8723	7911	8339	6226	7341	3726	3851	19009
CGACC	167599	14156	14297	9481	10501	10326	10709	9550	8631	8155	9265	7706	7339	6612	5406	4213	5956	5401	4895	4462	5249	2290	2999	11294
CGACG	40894	3089	3382	1947	2406	2439	2683	2309	2225	2047	2425	1807	1721	1657	1333	1029	1674	1430	1312	1145	1351	606	877	2482
CGAGA	578388	50076	47476	33939	37228	35202	37216	34360	28693	28449	30666	26129	26166	23179	17835	14027	19917	20182	16592	17652	16374	7485	9545	39607
CGAGC	215544	18157	18767	12215	13621	13377	13904	11906	11023	10511	12170	9909	9464	8369	6995	5363	7763	6813	6553	5109	6678	2944	3933	13626
CGATA	199563	15174	17567	13283	16531	14702	14631	10775	11203	9713	9897	9287	8849	10134	6216	4273	5149	4045	6579	2586	4426	2752	1791	16338
CGATC	280566	24039	22930	16702	18489	17194	18344	16672	13766	13781	14839	12593	12980	11300	8466	6939	9508	9747	8017	8658	7632	3598	4372	19649
CGCAA	238808	19280	21046	14865	17707	16010	16551	13355	12519	11710	12704	11119	10529	10451	7374	5576	7160	6370	7496	4533	6209	3198	3046	18041
CGCAC	270144	22528	23252	14695	16752	16191	17258	15778	13700	13083	15114	12274	12002	10647	8310	6774	9934	9142	8088	7472	8414	3900	4836	16741
CGCAG	345768	28599	30286	18727	21322	20944	22122	19648	18210	17213	19575	16511	14382	13670	11184	8683	12247	10722	10495	8341	10975	5006	6906	18852
CGCCA	465963	40194	38977	26498	28924	28052	29671	27108	22898	23087	24820	21233	20776	18255	14496	11801	16430	16737	13320	14235	13751	6254	8446	29779
CGCCC	497144	43945	39871	26736	28100	28191	30609	29450	23154	24964	26518	22607	21981	17881	16042	12965	18691	20123	13531	18513	15413	6932	10927	29229
CGCCG	84620	6955	6922	3964	4728	4596	5296	4993	3761	4455	4917	3661	3601	2962	2734	2365	3661	3678	2477	2963	2530	1265	2136	3900
CGCGA	67234	5740	5175	3645	4115	3843	4429	4028	3100	3329	3721	2945	3003	2486	2121	1799	2481	2696	1797	2485	1969	953	1374	3792
CGCGC	140122	12159	10787	7131	7979	7746	8994	8192	6063	7195	7596	5971	6357	5030	4602	4037	5259	6350	3638	5740	4287	1867	3142	7376
CGCTA	166899	13602	14896	10327	12479	11393	11465	9212	8791	7969	8894	7852	7185	7638	5206	4026	5019	4161	5322	2926	4263	2255	2018	11791
CGCTC	298777	25720	25218	16431	18139	17892	19233	17048	14792	14733	16612	14187	13113	11582	9231	7748	10753	10357	8741	8119	9380	4051	5697	17249
TTCCG	284340	23112	25178	17258	20187	19080	19415	15378	15130	13692	15820	13065	12106	12746	8901	6850	8815	7524	9305	5048	7780	4052	3898	19132
GTCCG	162065	13287	14125	9258	10682	10068	10424	9051	8451	7917	8947	7627	6954	6599	5207	3971	5651	4895	4871	3732	4943	2451	2954	10293
CTCCG	451751	39224	37888	25333	27276	27004	28588	25848	21927	22502	24608	20855	19820	17450	14315	11543	16412	16204	12956	13384	13707	6280	8627	26825
TGCCG	287019	23706	25345	16167	18627	18045	18350	16059	14968	13883	16336	13763	11818	11670	9397	7244	10103	8522	8964	6092	8591	4094	5275	17357
GGCCG	441043	38654	36460	23366	24534	24758	26727	26799	21029	22275	23841	20421	18963	15524	13884	11372	17550	17373	12147	15251	13976	6348	9791	25594
TCCCG	489575	42307	40350	27094	29032	28735	30488	28950	23936	24219	26950	22273	21401	18779	15272	12382	18113	18138	14267	15697	14941	6666	9585	30175
GCCCG	431681	37905	35286	23390	24553	24623	26327	25589	20367	21715	23484	19750	18642	15430	13861	11379	16460	17081	11801	15099	13429	6003	9507	24925
TACCG	165623	13066	14764	10549	12567	11455	11521	9053	9153	8045	8675	7753	7316	7887	5131	3901	4767	3897	5339	2558	4176	2248	1802	12442
GACCG	169371	14434	14557	9468	10823	10544	10846	9662	8658	8467	9421	8104	7115	6776	5451	4198	5894	5097	5105	4010	5199	2389	3153	10315
TTACG	264435	20381	24061	17534	22098	18963	18578	14632	14357	12491	13434	11975	11566	13628	8194	5767	6919	5491	8967	3224	5959	3753	2463	19098
GTACG	139932	10932	12593	8952	10789	9644	9834	7714	7553	6796	7432	6369	6053	6686	4326	3164	3988	3236	4572	2167	3505	2031	1596	10633
CTACG	208432	16553	18734	13285	15644	14336	14349	11729	11108	10205	10940	9832	9131	9705	6800	4675	6016	4925	6786	3146	5205	2773	2555	15246
TGACG	269492	21568	24197	16002	19169	17790	18240	14959	14321	12833	14761	12735	11994	11924	8470	6146	8751	6850	8912	4875	7437	3727	3831	19024
GGACG	237227	19367	20831	12573	14398	14285	15187	13526	12406	11631	13569	11189	9906	9195	7866	5825	8667	7370	7356	5805	7678	3682	4915	14481
TCACG	567055	46932	48034	33457	38158	36172	36973	32861	28747	27767	30341	25512	25594	24149	17297	13705	18756	18027	17169	15022	15689	7795	8898	38844
GCACG	374938	31243	32523	20751	22945	22888	23731	21562	19077	17889	21319	17258	16386	14970	11524	9194	13770	12468	11453	10008	11770	5491	6718	24028
TAACG	241712	18724	21843	15943	19962	17340	17073	13483	13463	11665	12349	11223	10481	12058	7440	5255	6305	4895	8244	2955	5497	3378	2136	18387
GAACG	256866	20198	22879	15500	18404	17097	17662	14086	13628	12575	14343	12095	11241	11588	8143	5917	7957	6469	8577	4348	7035	3688	3436	18106
CTAAA	3191137	252217	287079	225326	281414	238162	235250	177822	171714	150753	152209	145913	142293	167315	98935	63723	70651	61266	104900	36089	63937	42230	21939	255850
CTAAC	1332430	108105	120920	92551	112571	98673	97450	72416	72481	64267	64275	63072	59751	66148	41096	27944	31050	26077	42902	14778	28723	16974	10206	107469
CTAAG	1744461	142049	159202	121025	144442	127520	125611	94124	94922	83940	86072	83675	78382	85066	54363	36872	41798	34616	56645	18929	39400	21904	13904	135473
CTACA	2155188	173286	192396	148374	179221	156705	154758	119879	116573	103315	105218	102783	97812	105575	66156	45622	52577	44708	68801	28115	47939	27646	17729	180002
CTACC	1290566	108314	116842	88179	101636	92895	91095	69947	69401	62471	63766	63412	58384	59314	40418	28428	33409	27826	40323	16376	30980	15398	11752	106974
CTAGA	1985534	160806	180208	139169	165866	147029	145047	107801	108691	95731	96690	98124	89887	95778	61560	41457	46108	38322	63603	20316	43373	24925	15043	163552
CTAGC	1152517	97305	104018	79576	91055	82696	82176	62080	62190	56735	57188	56392	52148	52530	35701	25615	29458	24977	35308	14653	26979	13338	10399	95337
CTATA	2144533	168225	194362	155980	196792	163809	159379	117371	115186	102409	98147	100090	95726	115863	66867	41654	44247	36974	70852	19256	40032	28426	12886	186537
CTATC	1458878	118481	131964	101883	123550	108365	105525	79559	80606	70159	69544	70855	65730	72631	45129	29666	34378	27710	47435	15725	30468	18847	10668	127147
CTCAA	3059564	253851	269707	205481	237842	213867	213160	172574	163395	146563	152973	145644	141159	140685	94081	66288	83588	72325	94435	50067	74739	37638	29502	241348
CTCAC	2670590	227064	234053	167114	188321	177044	177747	152026	141086	128430	139218	127287	120736	113792	84429	61448	81301	71578	81605	54509	72565	33286	35951	191974
CTCAG	3561751	308300	314504	224701	246392	236224	236495	198968	187824	171870	187884	173818	159095	147520	112120	84206	108200	96143	105846	70267	99679	42806	48889	247856
CTCCA	3246302	278451	287939	206940	229640	217955	217194	180248	171734	157708	170609	156346	144688	138482	101233	76439	96556	85558	97749	59422	89932	40215	41264	237095
CTCCC	3166287	281320	275220	190679	201086	200211	204922	179823	163487	153881	170120	152367	142285	122635	99893	77292	104778	97606	90683	74314	95057	38570	50058	218114
CTCGA	364067	31324	30097	21450	23844	22525	23557	21309	18342	17362	20511	16273	16415	14608	11306	8731	12726	11863	10627	10066	10612	4681	5838	25787
CTCGC	302840	25695	25890	17014	18750	18162	19258	17464	15324	14799	16794	14202	13177	11978	9510	7768	10786	10243	8781	8325	9300	4050	5570	18546
CTCTA	2304216	191699	205745	156312	184610	164161	162916	127508	122966	110900	113954	109385	104487	109205	70762	49827	59180	51900	72987	33698	52749	28689	20576	178718
CTCTC	3024735	257662	272670	194999	221595	208848	207514	164929	163433	144422	156334	147380	135658	131679	94914	69223	85611	72018	94209	48872	80918	37016	34831	223718
TTCAG	3351896	269531	305726	230267	277839	245541	242479	182391	183423	159668	165040	161280	148599	165907	104761	70686	80332	65879	110054	36911	75454	42613	27515	268348
GTCAG	1915181	163541	173278	124367	140624	132085	130821	105185	101934	92426	98512	91058	84397	84262	59354	44199	53939	47279	59068	32018	50494	23528	22812	139838
TGCAG	3333987	277552	295594	210343	239192	224020	224435	188985	178900	159989	178021	158416	148596	144537	103741	76978	98980	85874	102921	62241	90410	41947	42315	246789
GGCAG	2824513	248246	251749	171922	185071	182352	182089	157680	146938	138208	152214	136873	123444	112281	89580	69714	90539	82345	82310	58992	82803	35137	44026	189494
TCCAG	3173026	269345	284038	203573	226761	216036	213984	174007	169866	153575	166728	152326	140322	135289	100787	74450	91973	80445	96029	55431	87414	39591	41056	235657
GCCAG	2417874	212343	216553	148770	157446	156138	155398	134489	124579	117626	130393	116699	105920	94994	76137	61969	78797	70105	69849	50084	72028	29518	38039	167018
TACAG	2784750	228853	244369	186708	221139	196171	194469	157522	147011	134144	139204	129566	125378	132380	85674	61446	73598	66249	86733	47147	64801	35128	27060	215521
GACAG	2386428	202758	212346	150555	169426	160095	159670	132765	127188	114792	126013	113417	106855	102214	74579	55524	71406	61832	73340	46301	65005	29656	30691	170915
TTAAG	2654574	208744	241290	188466	239567	200714	197512	144390	144313	125761	125928	122280	118490	140770	82345	52679	57685	47003	87846	23879	53137	35164	16611	212105
GTAAG	1522957	123261	138716	105973	130651	112514	109168	82137	83410	72882	74244	71665	68028	78243	47328	31531	35270	28883	49886	15410	32900	19713	11144	117422
TGAAG	3155976	255052	288235	217420	260477	231717	228393	171139	172927	151123	155579	153342	140789	154955	97147	66390	75318	61827	102961	33867	71718	39733	25867	254881
GGAAG	3134160	265148	285174	203126	230165	217328	216207	169837	170037	150504	164633	152254	139166	136795	98266	72043	87767	74436	97979	45711	84008	38254	35322	230877
TCAAG	2766168	229925	246216	185064	215832	194547	193580	154827	147202	132257	139339	128098	125190	128789	85723	60399	75219	65157	86628	44218	67312	34345	26301	213973
GCAAG	1925544	161489	174707	128180	145862	134665	132481	104927	103759	93135	99845	92139	85955	86916	59594	43577	52852	44442	59747	27526	49734	23795	20217	148108
TAAAG	3321746	260273	302682	238747	299091	252032	247534	181065	181413	157701	156410	154714	147586	174943	103676	65200	70510	58288	110658	29777	65183	43895	20368	276385
GAAAG	3653223	296791	332539	248523	296898	264599	263408	200208	200272	174210	182699	175994	164419	175845	112806	77865	90300	74703	118550	42497	84053	45930	30114	285377
GAAAA	6253578	483546	569964	441102	553492	472419	465170	345380	339334	299208	299213	292000	276270	330209	191924	124980	136521	112391	209356	61380	125085	83349	41285	519669
GAAAC	2743869	218926	244825	184433	220341	196057	194895	154330	148627	132206	135632	132993	124137	132213	84412	58924	70858	60110	87648	38129	63670	35225	25278	214796
GAACA	2580699	204420	235205	176560	215092	191078	187680	138982	141988	123959	127962	123193	113990	126705	81833	53464	61305	49081	84300	28625	59150	33456	22671	215442
GAACC	1440311	121314	127017	92780	103509	97770	98436	79972	75922	69754	74716	68762	65066	61840	45414	33520	42528	37389	43771	26435	38274	17732	18390	108656
GAAGA	3492885	284162	319456	238727	286412	256545	252620	189348	191142	168214	173053	169289	156515	168409	107523	73261	84198	69459	113639	38747	79255	44159	28752	280004
GAAGC	1955110	161632	178270	128310	146723	137598	135559	106052	107290	94465	102010	95680	86542	88527	60679	44050	53290	44494	62079	25452	50895	24735	20778	144568
GAATA	2898295	225248	262984	207887	265511	221770	215801	157017	158430	137148	134448	137316	129363	157077	89304	55890	60663	48805	97273	24947	55117	38877	17419	248132
GAATC	1845613	148097	164834	123649	146148	131998	130008	102131	100899	88444	93110	90096	83680	85742	57997	39035	50351	40145	58119	25215	44390	22741	18784	146335
GACAA	2220241	178460	202021	152600	185635	163525	160330	120627	121291	106094	109001	105743	97216	109730	70143	46507	52800	43205	72456	24942	50070	28348	19497	185808
GACAC	1608759	130967	145567	104133	122971	112888	112077	86903	88061	77253	83492	76990	70619	72888	51176	35316	44382	35558	51489	24556	41614	21386	18473	128322
GACCA	1741066	149288	153958	111462	123486	117231	117676	97418	91931	84397	91358	82065	77535	74675	54365	40604	51319	46049	52616	33525	47067	21419	21622	129772
GACCC	1150772	99483	103130	70458	75347	74254	73580	63127	60892	56603	63246	55905	50331	44977	36968	27834	37889	31426	33853	23517	35131	14639	18182	80736
GACGA	221146	17918	19496	13346	15798	14773	15138	12270	11851	10579	11973	10475	9774	9788	7093	5111	6870	5637	7271	4023	6109	2966	2887	16445
GACGC	179675	14700	15880	9573	11144	10918	11476	9998	9331	8719	10316	8357	7426	7145	5745	4376	6691	5647	5614	4474	5668	2768	3709	10462
GACTA	1348023	110225	120525	94813	113062	98754	97892	73959	72266	64681	64942	63141	61187	66862	41928	28514	31982	27498	42531	17100	28542	17087	10532	110072
GACTC	1491090	127129	133241	95161	106631	100608	99444	81572	79876	71862	79679	70286	66156	64401	46318	34368	44399	38576	45873	27611	40623	18651	18625	104492
TTCTC	4183128	340277	378038	283831	338175	303348	300479	229799	227905	201076	207943	202213	188075	198878	129046	89027	104006	87830	133905	53533	96645	52848	36251	330844
GTCTC	2487571	214518	213565	155865	173103	162403	164578	142154	129362	120156	129676	116226	113185	104049	77264	57889	77735	71903	73243	58831	67571	30812	33483	181406
TGCTC	2102299	178309	192895	135624	153675	145383	143033	113664	113493	101548	110442	101726	93418	93384	65654	47961	58948	49506	65888	29946	57189	25515	25098	152864
GGCTC	1961209	175032	170564	117152	122447	122876	124451	110440	100941	95883	107156	93898	86895	75151	61764	48954	66863	61894	56146	46992	59891	23872	31947	128343
TCCTC	2781774	238495	252589	178773	199880	189934	190990	151243	149406	134627	145106	134461	123804	119415	86774	64290	80135	67801	86447	45085	75586	33164	33769	202104
GCCTC	2886551	256694	243686	170768	179336	177413	181586	170252	146716	141285	155778	138181	130183	110403	88755	72002	99687	95774	81266	78321	85944	35084	47437	187606
TACTC	1618773	132412	144649	110856	134013	116829	115889	89474	86890	77985	77904	76263	73098	79609	49726	33931	39967	34851	51458	22807	35849	20802	13511	127376
TTATC	2393566	186854	216105	171759	216125	181354	176977	130520	130520	113263	111955	115148	105916	127904	74149	46686	51975	41389	79706	21277	47481	31773	14730	199206
GTATC	1212620	95312	110359	85535	104943	90674	89046	66090	66114	58250	58242	57728	53886	61627	37389	25149	27623	22293	39958	12450	25345	15923	8684	106063
TGATC	1980313	165526	174220	130831	153162	137508	137290	111686	105783	94721	100393	93033	89861	90655	60875	44052	54324	48122	61407	34509	47730	24314	20311	156783
GGATC	1273201	108729	111388	81384	90381	85229	86118	71546	67652	61425	66881	60705	57429	53832	39352	29644	38203	34130	38072	24962	34911	15361	15867	97071
TCATC	2349436	189685	212249	156182	188402	169677	165756	127665	128474	113185	118512	114566	106227	112461	72143	50148	63747	48057	75692	28544	56038	29964	22062	186362
GCATC	1390187	113189	127945	90799	105350	98292	96280	74902	75913	66903	72986	66450	60734	63613	43578	31226	38747	30482	44750	18405	37345	17198	15100	107467
TAATC	2348539	190740	207139	161745	198818	169210	167903	132005	123541	111442	112914	107954	106193	117983	72612	48126	58451	51733	74819	35395	49802	30247	19767	182813
GCAAA	3063522	241684	279489	211905	257299	227597	222966	168003	166688	146423	150919	145329	136450	153037	94968	63589	72839	58921	99967	33091	68965	39847	23546	259507
GCAAC	1508038	126405	132883	98077	111446	102840	103380	84705	79484	72270	77896	69228	68367	67557	46752	34369	43989	39271	46656	28326	38992	18518	16627	115896
GCACA	2213844	182642	200616	141616	164035	154361	151368	121721	120170	106799	116311	107224	98191	99822	68848	50009	63103	50931	70189	33255	59089	28145	25399	168443
GCACC	1398599	119943	123983	84534	93317	90171	91497	79550	74255	67962	76051	66741	61658	56773	43642	33903	44785	39091	41664	29331	40816	17772	21160	99719
GCAGA	2717151	228857	245426	175094	200741	188174	185907	149407	146466	130948	141809	131873	120876	120499	85070	61646	76362	64425	84622	41403	71603	33864	32079	201336
GCAGC	1900574	160426	174712	118198	130892	127326	126351	103171	101321	92470	103439	91324	81907	79592	61105	45234	57519	48597	58141	31076	55506	24330	27937	134170
GCATA	1642865	128851	149932	116010	145169	123846	119826	89404	88932	78588	78313	76957	73454	87046	50522	32665	36623	29455	54724	15810	33902	21692	11144	139890
GCCAA	2138252	179612	192153	141104	159096	148439	146926	119477	113293	103164	109148	101078	95807	94562	66242	48664	60476	52558	65458	35565	55473	26457	23500	165408
GCCAC	2077456	179365	181410	127002	136125	133816	133730	117918	107269	101506	111119	96516	92101	84166	64992	51114	68013	63324	60790	48409	60913	26071	31787	143321
GCCCA	2205629	195654	194045	134728	141329	140702	141022	124400	113608	107674	120619	106101	96683	85510	70058	54400	73127	65513	62770	49513	66558	26714	34901	153208
GCCCC	1342975	119616	120636	77635	79580	83132	82869	73050	68726	67397	74341	67084	55716	49019	44639	34402	46851	41277	37842	29708	44400	18241	26814	85581
GCCGA	399226	35080	32781	22751	24021	23727	25268	23753	19245	19801	21238	18289	17637	15111	12214	10023	14572	15154	11124	13084	11651	5217	7485	25865
GCCGC	238788	20166	20899	12273	13913	13944	14679	13873	11896	12170	13666	10998	9872	8515	7963	6177	9318	8486	6945	6654	7613	3481	5287	12717
GCCTA	1247697	104782	112214	85297	97860	88483	87759	69037	66367	60444	61653	61327	57442	57115	38719	27539	32373	27884	38662	16946	29581	14891	11322	99710
TTCGC	209637	17062	18106	12566	14603	13947	14322	12040	10803	10090	11360	10015	9264	9241	6359	5136	6617	5939	6600	4241	5772	2691	2863	14715
GTCGC	175803	15083	14735	9828	11040	10443	11200	10032	8751	8696	9635	7806	7687	7026	5419	4439	6299	6294	5155	5404	5372	2401	3058	10969
TGCGC	246848	21190	20841	13729	15015	14621	16005	14168	12329	12350	13950	11285	10918	9572	7722	6343	8719	8651	7070	7026	7570	3264	4510	14678
GGCGC	396977	35068	31509	21513	22672	22545	25039	23570	18200	20074	21003	17732	17564	14731	12519	10597	14793	16555	10626	14911	12028	5348	8380	22530
TCCGC	329569	28572	27370	18490	20121	19731	20801	19080	15903	16501	17777	14843	14677	12692	10313	8515	11888	12207	9364	10342	9657	4482	6243	19919
TACGC	154010	12175	14103	9819	11854	10448	10715	8584	8153	7445	8076	7256	6713	7209	4750	3555	4453	3658	5048	2411	3713	2081	1791	11199
TTAGC	1848536	152366	163568	125713	149337	131623	130472	103469	97642	88777	92016	85266	83589	88803	57049	39919	47650	42539	58208	28352	42030	23370	16778	140976
GTAGC	1256939	105535	109615	83095	94668	86118	86205	71396	66071	60633	63804	58262	57197	56743	38927	28440	35503	32213	38419	23430	31310	15637	13718	95815
TGAGC	2461021	214470	214331	152791	166079	159657	161025	139329	129086	118200	130841	116804	111654	101594	76568	59051	78809	70410	73278	53639	69963	29536	33906	168584
GGAGC	1577750	137210	143717	97128	104486	103077	103209	85873	83946	76863	86003	78886	67991	63928	50550	37876	48903	42470	46920	26689	48324	19668	24033	107668
TCAGC	2598935	220779	230410	166845	185209	174396	174585	146872	137715	124629	136070	124394	116340	111174	80715	60500	76877	68577	78996	49324	70385	31857	32286	189426
TAAGC	1509340	121630	137444	104737	128685	112151	108874	81278	82473	71999	73497	71223	68185	75836	46643	31030	35670	29198	49484	15557	33383	19293	11070	117380
GGAAA	4112615	329248	375169	280565	337666	301221	299142	224684	224485	198502	205046	197981	185188	200131	126932	87545	99719	81294	134479	43903	94097	52393	33225	325187
GGAAC	1547750	127569	140757	103571	119101	110858	108878	82892	84195	74937	78823	74810	69030	70552	48508	34390	40577	33745	48545	20934	39385	19754	15939	125242
GGACA	1934922	159808	176587	124231	141830	134145	132013	104915	105177	93634	101466	94966	84225	85522	62590	43565	54007	44697	60638	28670	52424	25031	24781	147595
GGACC	975654	84187	88764	59776	65145	64507	63381	53084	51831	48093	53388	48051	41310	39369	31344	23735	30407	25929	29041	17676	29042	12396	15198	68827
GGAGA	3172668	270981	281747	204494	229024	216866	217037	174726	169325	153279	165032	153005	141862	137098	98827	73650	91165	80654	97303	55326	84519	38714	38034	233311
GGATA	1665508	132122	149803	117224	141191	124920	121969	91158	91987	80568	79005	83841	76092	81817	51819	33994	39010	30629	53000	16969	35625	20897	11868	149494
GGCAA	2132198	178514	192070	143196	163450	150929	148362	116854	114307	102002	108880	101497	96027	96599	66022	47810	57744	49326	66468	31048	53932	25955	21206	168559
GGCAC	1571396	137033	139723	96119	105047	102691	102477	87064	82569	76219	84483	75808	69413	63674	49559	37947	50438	44355	46534	31616	45828	19580	23219	109895
GGCCA	2264483	197348	199502	138515	146857	145764	144614	129330	116683	111071	122414	108181	99251	89135	71576	56334	74678	66398	66070	50317	67481	27783	35181	159270
GGCCC	1238993	110772	111839	72322	73292	77129	76013	67604	62639	62654	69144	61932	50796	44991	40668	32021	43330	37608	35283	26303	40434	16952	25267	79088
GGCGA	299091	25346	25161	16797	18619	18284	19371	17195	15042	14853	16252	13857	13188	11794	9289	7431	10614	10410	8725	8661	9048	3866	5288	19947
GGCTA	1448998	122371	127882	97969	110528	101153	100299	80626	76208	70836	72706	68883	65329	65010	45131	32842	39329	35732	43475	24739	35343	17643	14964	116139
TTCCC	2816443	236786	255093	185311	210132	198954	196006	151802	151658	137502	145815	136865	125701	125497	87888	64193	76689	64610	88219	39123	74032	34488	30079	214521
GTCCC	1404383	121455	124572	85932	93583	91017	91211	77169	73762	68909	76067	68284	61015	56123	45737	33845	44679	39028	41818	27852	41493	18210	22622	98595
TGCCC	2114487	186015	189350	129582	138578	137731	137108	117032	109917	103171	114696	102363	92410	83225	67279	52101	67816	60291	61593	42784	63141	26004	32300	147899
TCCCC	2088021	182468	187751	129325	138934	138367	137811	112183	110765	102637	111803	102515	92096	84771	66783	50463	65150	56005	62457	37182	62244	26062	30249	151527
TACCC	1226390	101203	111261	84230	96041	88575	86549	66007	66344	59313	61078	60495	55035	56153	38492	26820	32118	25951	38438	15905	30082	14951	11349	107129
TTACC	1600662	128277	145193	111974	136640	118482	115772	86988	87109	76572	77210	76297	71167	81761	50144	33207	37072	30304	52686	17003	34859	20390	11555	129760
GTACC	896575	73337	80376	62322	73244	65549	64353	48593	49354	43505	44492	43492	40523	41628	28322	19230	22245	18040	27642	10879	20542	11051	7856	82715
TGACC	1703457	145953	151944	109167	121441	115548	114083	93832	90350	82654	89113	80323	75667	73212	53363	39603	50588	43865	51989	31081	46575	21480	21626	122146
TCACC	2237824	189683	197011	140593	158714	149901	149533	126002	118340	107314	117256	106344	100884	95837	69536	51590	68324	59266	68527	44965	61183	28163	28858	163879
TAACC	1303813	105344	118603	90601	109338	95767	94442	70122	70596	62329	63950	61898	58093	64331	40210	27875	31308	25836	42350	14461	29159	16917	10283	107527
GTAAA	2822941	219770	255097	201356	258067	214511	209066	153290	153827	134170	132242	131139	124002	153919	87781	54993	59285	49152	94804	25830	55030	38210	17400	229232
GTAAC	1193501	94356	107289	83211	102963	88270	86702	65588	64892	56619	57600	55883	52991	61561	37004	24827	27937	22664	39812	12983	25541	15890	8918	95413
GTACA	1596340	125278	144731	111498	136412	117831	115610	87475	87172	76898	77201	75060	70760	82220	49744	33136	37554	30346	52242	18064	34365	20698	12045	138151
GTAGA	1950169	158841	173437	133555	159351	140066	138571	109053	104714	93809	94747	93254	88458	95079	59864	41540	48646	42676	62046	27587	43365	24758	16752	156795
GTATA	2111836	161409	191481	151775	198916	163479	157814	115539	113285	99976	95438	100680	94248	116767	65434	40163	42036	34937	70791	18437	38652	28553	12026	196936
GTCAA	1719700	136685	156790	119984	146541	127243	124969	92880	94410	81973	84565	80044	76193	86813	53298	35750	40653	32972	56006	18572	37852	22490	13017	141247
GTCAC	1489171	124670	133334	95307	109102	101626	100099	81723	80032	71241	78142	69288	65964	66544	46334	33660	44447	35844	46930	26816	40530	19284	18254	104708
GTCCA	1493798	123221	135738	96459	110167	103971	101773	81815	81039	72243	79594	72091	65439	66906	46860	33831	42133	34312	46766	22240	40315	19173	17712	114501
GTCGA	146715	11816	12814	9071	10812	9771	10075	8318	7768	7032	7974	6802	6400	6686	4666	3430	4428	3707	4721	2803	3864	1912	1845	11233
GTCTA	1354458	107727	122713	94783	115468	100560	99273	73332	74399	64899	65695	65844	61156	67289	42000	27906	31379	25319	43962	14336	29208	17172	10038	114613
TTCAC	2745438	219473	245114	184643	222502	197354	194990	153178	149395	132149	135187	131847	123269	134196	84191	58754	69689	58540	88768	38076	63379	35537	25207	214489
TGCAC	2111360	173678	186742	132017	151875	141762	142210	121371	112533	101198	112243	100248	94658	93701	64549	48162	63332	54056	66229	40578	56898	27188	26132	159248
TCCAC	2136696	177510	191369	136737	156513	146491	146527	118026	115405	103671	111040	103428	94292	95521	66771	48385	61193	52009	66611	34623	57329	27559	25686	160905
TACAC	1706246	132410	154578	117166	146365	126293	123790	92924	93092	82414	82603	80018	75799	88395	53087	35178	40780	32076	56684	19492	36839	22762	13501	144703
TTAAC	2067054	161316	186819	147054	187751	155614	153446	113557	112128	97372	97390	96345	91532	111938	63937	40770	44386	36032	69211	18654	40674	28365	12763	166992
TGAAC	2287211	186963	202924	151685	181199	162366	162021	127116	122205	110329	115700	108055	103185	107513	70921	49129	60724	51980	72633	35719	54207	28732	21905	179347
TCAAC	1832483	145638	166558	126705	153943	135099	133093	100322	100828	88597	89734	87587	83016	90068	56331	37832	43575	35358	59355	20236	40963	23605	14040	158012
TAAAC	2503343	194117	226372	177951	226613	189516	186397	137726	136350	117771	117937	116210	111200	135197	77780	48891	53337	43737	84007	22846	49600	34122	15666	203684
TAAAA	7650139	586382	688146	548126	705360	579930	569453	428280	408880	359116	356663	345593	336660	425151	235439	146967	160542	135506	257632	78328	144473	106472	47040	614607
TAACA	2785070	217231	252499	198084	252350	211300	206380	152803	150853	132023	130363	128830	123184	150391	85926	54684	59707	48327	93325	26233	54847	37919	17811	229379
TAAGA	2804164	220406	256178	199770	252444	211103	206918	152760	152387	133292	132602	129694	124535	149619	87193	55868	60228	49376	93047	25547	55739	37552	17906	221306
TAATA	3950980	302165	354383	286819	380949	305757	295725	215324	212874	184985	177539	180852	174013	228337	122085	71889	80528	63700	134083	33092	68649	55521	21711	322650
TACAA	3145155	248028	280566	221150	276174	233226	229102	175960	169426	150036	148851	146453	141341	164498	97036	62933	70937	61354	102679	37868	63372	41770	22395	270084
TACCA	2003452	160327	181925	142746	172706	150250	146694	109062	109215	97003	96200	95695	89875	98943	62990	41147	45071	37346	64088	20606	42568	24741	14254	179636
TACGA	215926	16394	19354	14315	17896	15450	15429	11993	11586	10418	10848	9683	9331	11072	6926	4783	5697	4436	7451	2701	4963	3039	2161	16301
TACTA	1980298	158134	176307	140805	178076	148079	145229	109227	105408	94525	91070	91710	89200	105783	61235	38861	43693	38527	64011	22739	37955	26027	13697	166175
TTCTA	3492287	272443	319591	249351	313260	265574	258936	191337	190697	165972	164773	165655	154863	185275	107945	68553	74183	60148	117052	29967	68405	46546	21761	283930
TGCTA	2054543	165796	187005	144467	176190	152840	149010	111262	111719	98789	98948	97158	92130	103915	64112	42103	47628	38208	67394	20420	44297	26053	15099	168990
TCCTA	2089566	170856	190397	143379	171558	152774	151706	113203	114558	100090	102841	100079	94456	101218	65945	44300	49866	41833	67220	23277	46631	25770	17609	164574
TTATA	4121084	313132	374559	298973	398653	320342	310335	226688	220351	192404	184422	187897	181228	238093	127020	74502	80357	65858	140958	33163	71334	58738	22077	344041
TGATA	2543032	195293	229782	182993	233037	194974	189521	139048	139082	120562	117596	119204	112598	138884	78739	49161	53986	42279	85681	22167	48570	34467	15408	218412
TCATA	2603535	201436	236144	185682	237730	199021	192860	141602	142432	123752	121704	121308	115122	141436	80213	50696	55421	44308	88096	23245	50351	35104	15872	217443
TCAAA	4380901	344118	393704	307107	380917	326601	319949	242689	236619	209212	209886	205856	197366	225816	134343	87855	100982	84354	142575	50038	91504	57394	32016	366390
TCACA	3212409	256110	288086	214998	258088	229864	225046	179467	176533	153882	158635	156711	144754	155498	100856	68140	84013	65580	103870	42986	75949	41823	31520	248145
TCAGA	3120319	253369	285570	213469	253556	227189	222885	168930	169689	149357	154788	153726	138373	150321	98497	66296	76548	61969	100667	34835	72535	39503	28247	243468
TCCAA	2710266	217775	245552	186021	222381	198342	193490	148536	148602	130197	134655	131449	122883	130527	83876	57137	67521	54530	87210	30408	62517	34691	21966	221252
TCCCA	3908881	337500	338840	245811	267839	257905	258916	223236	204172	189984	205886	187064	177762	161295	121492	92003	121245	111084	114758	84614	108477	47131	51867	287028
TCCGA	211406	17559	18488	12626	14684	13886	14395	11635	11129	10306	11481	9908	9126	9365	6754	5083	6914	5564	6769	3842	5902	2969	3021	14082
TTCGA	321484	26376	27247	19850	23377	20965	21871	18451	16324	15070	18604	14404	14001	14381	9897	7118	10844	8742	9874	6921	8585	4233	4349	24381
TGCGA	238386	19196	20903	14309	16503	15601	16162	13617	12774	11620	12748	11412	10523	10473	7349	5615	7544	6532	7446	4936	6610	3204	3309	16269
TTAGA	2666218	208889	243853	189681	239551	202617	197953	145235	145115	126134	126123	123991	118248	141533	82728	52524	57741	46673	89323	23869	52463	35530	16444	209406
TGAGA	4018457	330369	357766	266947	313999	283603	280615	226012	216497	192572	200877	194336	182816	186043	124126	87146	107839	92147	125670	62562	96648	50549	39318	310807
TGAAA	5218657	403508	473911	365569	459506	390180	382975	288359	283703	249736	250105	242341	230420	277353	159995	105450	117881	96245	175613	53602	106580	69624	36001	423681
TGACA	2656965	213155	241052	180478	218619	192739	188889	145535	145173	126448	132497	123734	116848	130606	81945	56885	67169	53878	86771	34667	61723	34461	23693	209526
TGCAA	2982313	238322	267536	200043	241930	213846	210676	166944	160791	142624	149507	138798	133391	146414	91828	63523	77777	64366	95824	42294	70407	38680	26792	242338
TGCCA	2717747	227879	246300	179125	202965	189842	186989	148269	145937	130592	140350	129297	120798	121783	84630	62010	75969	64967	84569	40300	71258	33847	30071	207099
TTCCA	3766726	301390	342556	254606	306565	273683	269483	204608	205787	179927	194534	180420	167773	181257	117362	79910	95044	75571	121583	42330	89728	48578	34031	305498
TTACA	3444180	273012	305056	238401	298823	253196	247729	191881	184574	163349	166220	157063	153517	179778	106605	70060	81703	70586	112595	45433	71688	46338	26573	271808
TTAAA	6198834	472733	561890	448770	581054	474230	467295	344227	332989	288118	287725	276821	271754	350340	191500	118374	125689	103432	211816	53583	114833	87034	34627	485908
TTCAA	4104886	321888	369979	287240	360557	307362	301276	226838	221525	196132	196180	191869	183497	214767	126209	81296	93333	77252	135290	44555	84457	54327	29057	341192
