Context	 X1mer	# 9	-3.3	-3.2	-3.1	-3.0	-2.9	-2.8	-2.7	-2.6	-2.5	-2.4	-2.3	-2.2	-2.1	-2.0	-1.9	-1.8	-1.7	-1.6	-1.5	-1.4	-1.3	-1.2	-1.1	-1.0	-0.9	-0.8	-0.7	-0.6	-0.5	-0.4	-0.3	-0.2	-0.1	0.0
AAA->C	A->C	0	0	0	0	0	0	0	3708	326	1690	1165	814	990	610	385	344	218	203	101	55	31	11	2	0	0	0	0	0	0	0	0	0	0	0	22
AAA->G	A->G	0	0	0	0	0	0	0	6327	513	2946	2109	1497	1738	1051	722	693	378	339	196	80	44	24	9	2	0	0	0	0	0	0	0	0	0	0	70
AAA->T	A->T	0	0	0	0	0	0	0	2148	192	977	761	499	574	373	258	204	146	109	61	29	11	11	1	1	0	0	0	0	0	0	0	0	0	0	17
AAC->C	A->C	0	0	0	0	0	0	0	1208	113	515	359	249	327	173	122	115	71	52	26	12	8	6	0	0	0	0	0	0	0	0	0	0	0	0	35
AAC->G	A->G	0	0	0	0	0	0	0	4890	388	2235	1530	1043	1272	739	507	460	293	262	129	78	31	22	7	4	0	0	0	0	0	0	0	0	0	0	54
AAC->T	A->T	0	0	0	0	0	0	0	1334	122	633	431	315	383	218	161	119	96	69	53	22	10	7	0	0	0	0	0	0	0	0	0	0	0	0	18
AAG->C	A->C	0	0	0	0	0	0	0	1717	136	829	567	347	458	266	170	133	84	94	56	17	10	5	5	0	0	0	0	0	0	0	0	0	0	0	10
AAG->G	A->G	0	0	0	0	0	0	0	4678	334	1999	1458	997	1213	756	454	455	264	218	133	68	41	11	7	1	0	0	0	0	0	0	0	0	0	0	78
AAG->T	A->T	0	0	0	0	0	0	0	1096	81	506	348	259	305	156	140	113	74	53	26	12	5	1	0	0	0	0	0	0	0	0	0	0	0	0	12
AAT->C	A->C	0	0	0	0	0	0	0	1877	156	880	621	395	544	287	186	196	109	93	54	30	15	5	2	0	0	0	0	0	0	0	0	0	0	0	17
AAT->G	A->G	0	0	0	0	0	0	0	11851	929	5468	3570	2508	3087	1834	1233	1127	683	609	365	153	81	33	14	12	0	0	0	0	0	0	0	0	0	0	61
AAT->T	A->T	0	0	0	0	0	0	0	2368	228	1078	762	503	614	415	263	258	137	124	74	30	17	8	5	0	0	0	0	0	0	0	0	0	0	0	22
ACA->A	C->A	0	0	0	0	0	0	0	3634	374	1588	1184	783	916	560	380	367	191	196	91	54	38	10	2	0	0	0	0	0	0	0	0	0	0	0	29
ACA->G	C->G	0	0	0	0	0	0	0	2792	248	1313	888	607	758	405	290	280	178	134	75	34	26	8	2	0	0	0	0	0	0	0	0	0	0	0	40
ACA->T	C->T	0	0	0	0	0	0	0	11361	795	5120	3493	2485	2894	1848	1345	1040	720	610	318	164	81	53	11	3	0	0	0	0	0	0	0	0	0	0	94
ACC->A	C->A	0	0	0	0	0	0	0	4300	386	1900	1319	848	1108	675	471	400	238	210	122	60	37	13	3	3	0	0	0	0	0	0	0	0	0	0	10
ACC->G	C->G	0	0	0	0	0	0	0	1627	119	743	483	379	480	254	156	147	105	87	55	22	14	5	2	0	0	0	0	0	0	0	0	0	0	0	8
ACC->T	C->T	0	0	0	0	0	0	0	7914	601	3786	2765	1937	2373	1390	1072	955	620	557	319	172	79	34	12	3	0	0	0	0	0	0	0	0	0	0	29
ACG->A	C->A	0	0	0	0	0	0	0	743	52	331	236	160	238	137	76	71	44	43	31	13	11	0	2	1	0	0	0	0	0	0	0	0	0	0	14
ACG->G	C->G	0	0	0	0	0	0	0	571	24	211	168	127	142	84	49	59	27	21	16	7	3	2	1	0	1	0	0	0	0	0	0	0	0	0	22
ACG->T	C->T	0	0	0	0	0	0	0	18780	1369	8193	5250	3556	4341	2648	1726	1608	973	841	499	196	100	36	13	3	2	0	0	0	0	0	0	0	0	0	78
ACT->A	C->A	0	0	0	0	0	0	0	2209	212	937	656	476	586	342	244	214	124	106	59	29	18	7	3	0	0	0	0	0	0	0	0	0	0	0	14
ACT->G	C->G	0	0	0	0	0	0	0	2929	233	1314	907	661	773	458	296	286	178	141	83	48	13	12	3	0	0	0	0	0	0	0	0	0	0	0	25
ACT->T	C->T	0	0	0	0	0	0	0	8008	633	3809	2640	1858	2311	1436	979	871	543	454	275	139	68	46	8	1	0	0	0	0	0	0	0	0	0	0	81
AGA->A	C->T	0	0	0	0	0	0	0	8339	685	3941	2740	1991	2371	1501	1012	931	587	516	323	141	89	33	18	7	0	0	0	0	0	0	0	0	0	0	40
AGA->C	C->G	0	0	0	0	0	0	0	4630	325	2169	1433	1012	1242	693	540	419	267	220	124	57	31	11	6	2	0	0	0	0	0	0	0	0	0	0	19
AGA->T	C->A	0	0	0	0	0	0	0	3778	362	1633	1223	778	1007	595	415	407	206	198	102	45	23	9	5	2	0	0	0	0	0	0	0	0	0	0	13
AGC->A	C->T	0	0	0	0	0	0	0	7060	579	3246	2329	1638	2058	1247	830	785	501	422	235	110	54	30	22	4	1	0	0	0	0	0	0	0	0	0	38
AGC->C	C->G	0	0	0	0	0	0	0	1771	109	823	544	340	470	293	153	171	115	93	48	19	10	5	2	0	0	0	0	0	0	0	0	0	0	0	18
AGC->T	C->A	0	0	0	0	0	0	0	1839	144	842	580	376	447	274	165	185	106	93	47	20	14	5	1	0	0	0	0	0	0	0	0	0	0	0	5
AGG->A	C->T	0	0	0	0	0	0	0	9035	725	4149	2854	1950	2393	1540	1078	968	544	476	290	155	82	32	16	4	0	0	0	0	0	0	0	0	0	0	23
AGG->C	C->G	0	0	0	0	0	0	0	2634	182	1210	820	576	689	406	266	269	163	149	65	36	9	12	4	1	0	0	0	0	0	0	0	0	0	0	2
AGG->T	C->A	0	0	0	0	0	0	0	1955	164	822	577	429	536	301	205	187	122	87	57	27	16	5	3	1	1	0	0	0	0	0	0	0	0	0	17
ATA->A	A->T	0	0	0	0	0	0	0	2293	228	1052	679	481	595	345	249	206	134	104	64	27	18	11	0	0	0	0	0	0	0	0	0	0	0	0	25
ATA->C	A->G	0	0	0	0	0	0	0	13883	1157	6429	4363	3079	3785	2221	1612	1367	776	708	444	211	91	39	8	9	0	0	0	0	0	0	0	0	0	0	73
ATA->G	A->C	0	0	0	0	0	0	0	1388	134	645	425	308	337	206	176	145	93	106	40	21	13	3	2	0	1	0	0	0	0	0	0	0	0	0	27
ATC->A	A->T	0	0	0	0	0	0	0	2666	252	1200	769	580	725	402	276	271	149	123	67	45	20	10	0	1	0	0	0	0	0	0	0	0	0	0	5
ATC->C	A->G	0	0	0	0	0	0	0	4281	367	1969	1310	984	1169	688	441	464	236	217	125	65	34	14	4	0	0	0	0	0	0	0	0	0	0	0	62
ATC->G	A->C	0	0	0	0	0	0	0	869	66	408	253	164	212	143	102	83	39	50	32	15	3	3	1	0	0	0	0	0	0	0	0	0	0	0	15
ATG->A	A->T	0	0	0	0	0	0	0	2801	223	1219	888	608	758	444	287	277	169	131	85	51	19	7	4	2	0	0	0	0	0	0	0	0	0	0	4
ATG->C	A->G	0	0	0	0	0	0	0	12886	970	5932	4063	2884	3391	2110	1365	1248	762	676	361	169	81	36	14	2	0	0	0	0	0	0	0	0	0	0	96
ATG->G	A->C	0	0	0	0	0	0	0	2183	162	955	681	469	596	363	220	220	122	108	68	26	13	9	2	1	0	0	0	0	0	0	0	0	0	0	24
CAA->C	A->C	0	0	0	0	0	0	0	2273	198	1071	713	449	601	352	250	213	122	116	50	37	24	6	1	0	0	0	0	0	0	0	0	0	0	0	19
CAA->G	A->G	0	0	0	0	0	0	0	4442	337	2051	1416	915	1160	737	504	467	269	206	138	71	40	17	1	1	0	0	0	0	0	0	0	0	0	0	55
CAA->T	A->T	0	0	0	0	0	0	0	1073	110	456	382	231	290	168	119	105	59	56	27	18	13	8	0	1	0	0	0	0	0	0	0	0	0	0	4
CAC->C	A->C	0	0	0	0	0	0	0	1824	146	819	520	308	397	259	169	126	77	68	40	24	7	3	2	0	0	0	0	0	0	0	0	0	0	0	16
CAC->G	A->G	0	0	0	0	0	0	0	4541	327	2057	1438	1019	1199	774	476	426	267	222	130	63	38	16	8	0	0	0	0	0	0	0	0	0	0	0	89
CAC->T	A->T	0	0	0	0	0	0	0	1304	106	555	404	276	333	207	135	136	86	68	27	15	11	3	3	1	0	0	0	0	0	0	0	0	0	0	5
CAG->C	A->C	0	0	0	0	0	0	0	1973	121	988	609	404	532	298	212	197	103	113	57	33	11	1	4	0	0	0	0	0	0	0	0	0	0	0	0
CAG->G	A->G	0	0	0	0	0	0	0	6478	439	2904	1947	1412	1733	1037	667	613	387	320	159	96	57	16	4	3	0	0	0	0	0	0	0	0	0	0	104
CAG->T	A->T	0	0	0	0	0	0	0	1391	119	662	466	307	373	198	159	126	89	74	47	22	15	6	3	1	0	0	0	0	0	0	0	0	0	0	12
CCA->A	C->A	0	0	0	0	0	0	0	2576	214	1088	794	495	605	398	283	244	131	122	70	29	10	9	2	1	0	0	0	0	0	0	0	0	0	0	12
CCA->G	C->G	0	0	0	0	0	0	0	1929	138	903	628	404	528	308	229	193	115	96	54	40	11	9	6	0	0	0	0	0	0	0	0	0	0	0	7
CCA->T	C->T	0	0	0	0	0	0	0	7524	565	3383	2419	1561	1980	1156	822	742	426	366	225	102	59	21	6	3	0	0	0	0	0	0	0	0	0	0	33
CCC->A	C->A	0	0	0	0	0	0	0	2323	203	1039	718	465	588	356	241	206	131	108	67	32	12	5	2	0	0	0	0	0	0	0	0	0	0	0	12
CCC->G	C->G	0	0	0	0	0	0	0	2345	127	1089	738	486	622	371	243	230	116	110	61	32	21	12	2	0	1	0	0	0	0	0	0	0	0	0	2
CCC->T	C->T	0	0	0	0	0	0	0	7104	528	3346	2344	1620	2111	1269	857	802	475	461	269	140	72	32	7	5	0	0	0	0	0	0	0	0	0	0	19
CCG->A	C->A	0	0	0	0	0	0	0	627	32	279	207	141	152	105	54	58	32	32	21	11	2	1	1	0	0	0	0	0	0	0	0	0	0	0	7
CCG->G	C->G	0	0	0	0	0	0	0	638	34	281	194	142	154	118	64	61	25	26	20	4	3	1	0	0	0	0	0	0	0	0	0	0	0	0	10
CCG->T	C->T	0	0	0	0	0	0	0	16269	1018	6810	4589	2999	3838	2248	1521	1373	758	685	372	219	106	49	25	6	0	0	0	0	0	0	0	0	0	0	41
CGA->A	C->T	0	0	0	0	0	0	0	11699	798	4978	3341	2218	2768	1703	1065	1051	603	535	274	130	65	37	14	6	0	0	0	0	0	0	0	0	0	0	35
CGA->C	C->G	0	0	0	0	0	0	0	553	42	255	187	129	141	101	71	56	32	39	15	11	6	2	1	0	0	0	0	0	0	0	0	0	0	0	11
CGA->T	C->A	0	0	0	0	0	0	0	554	41	258	199	104	155	71	60	47	37	25	13	12	3	2	1	1	0	0	0	0	0	0	0	0	0	0	7
CGC->A	C->T	0	0	0	0	0	0	0	13229	883	5735	3727	2507	3165	1938	1257	1139	720	615	323	193	89	33	13	3	0	0	0	0	0	0	0	0	0	0	29
CGC->C	C->G	0	0	0	0	0	0	0	371	22	191	114	87	96	48	40	33	18	15	12	4	4	4	0	0	0	0	0	0	0	0	0	0	0	0	17
CGC->T	C->A	0	0	0	0	0	0	0	1005	60	441	276	204	227	146	102	74	63	52	26	14	5	6	0	0	0	0	0	0	0	0	0	0	0	0	4
CTA->A	A->T	0	0	0	0	0	0	0	842	92	388	255	147	210	124	89	89	46	37	26	14	9	1	1	1	0	0	0	0	0	0	0	0	0	0	9
CTA->C	A->G	0	0	0	0	0	0	0	4109	350	1855	1285	900	1119	627	465	410	278	253	120	58	40	16	3	2	0	0	0	0	0	0	0	0	0	0	60
CTA->G	A->C	0	0	0	0	0	0	0	860	67	388	250	183	231	138	84	85	49	34	30	16	3	2	0	0	0	0	0	0	0	0	0	0	0	0	4
CTC->A	A->T	0	0	0	0	0	0	0	1169	88	560	382	234	302	197	132	100	78	50	34	21	9	3	1	0	0	0	0	0	0	0	0	0	0	0	13
CTC->C	A->G	0	0	0	0	0	0	0	3299	250	1462	990	718	768	463	307	286	167	150	82	32	25	9	1	2	1	0	0	0	0	0	0	0	0	0	48
CTC->G	A->C	0	0	0	0	0	0	0	1178	92	600	373	264	300	198	130	123	77	69	25	18	8	4	0	0	0	0	0	0	0	0	0	0	0	0	5
GAA->C	A->C	0	0	0	0	0	0	0	1424	101	626	430	337	345	205	161	137	64	77	43	18	14	4	1	1	1	0	0	0	0	0	0	0	0	0	10
GAA->G	A->G	0	0	0	0	0	0	0	3666	294	1565	1115	778	961	549	395	355	183	175	94	61	25	11	6	0	0	0	0	0	0	0	0	0	0	0	93
GAA->T	A->T	0	0	0	0	0	0	0	1094	102	531	364	253	293	174	135	111	70	80	30	16	9	3	0	0	0	0	0	0	0	0	0	0	0	0	10
GAC->C	A->C	0	0	0	0	0	0	0	594	51	270	164	115	151	93	67	53	28	18	9	10	4	1	0	0	0	0	0	0	0	0	0	0	0	0	14
GAC->G	A->G	0	0	0	0	0	0	0	2555	214	1130	804	531	642	372	267	230	149	126	63	33	14	6	2	0	0	0	0	0	0	0	0	0	0	0	34
GAC->T	A->T	0	0	0	0	0	0	0	1131	115	507	367	283	296	189	125	108	75	56	27	25	7	3	0	0	0	0	0	0	0	0	0	0	0	0	7
GCA->A	C->A	0	0	0	0	0	0	0	3105	263	1414	965	643	791	477	313	289	171	186	81	40	28	10	4	2	1	0	0	0	0	0	0	0	0	0	8
GCA->G	C->G	0	0	0	0	0	0	0	1429	116	614	430	309	300	212	116	127	78	56	41	20	7	4	2	2	0	0	0	0	0	0	0	0	0	0	19
GCA->T	C->T	0	0	0	0	0	0	0	6183	467	2839	1968	1381	1694	1014	738	648	409	365	193	99	53	18	9	3	1	0	0	0	0	0	0	0	0	0	36
GCC->A	C->A	0	0	0	0	0	0	0	2859	194	1191	916	633	674	416	285	267	160	147	75	41	13	11	3	1	0	0	0	0	0	0	0	0	0	0	2
GCC->G	C->G	0	0	0	0	0	0	0	1530	112	679	481	346	377	241	161	147	89	85	41	19	9	1	5	0	0	0	0	0	0	0	0	0	0	0	18
GCC->T	C->T	0	0	0	0	0	0	0	6795	541	3251	2265	1482	1835	1148	797	707	408	391	237	111	53	27	14	1	0	0	0	0	0	0	0	0	0	0	19
GGA->A	C->T	0	0	0	0	0	0	0	9169	677	4560	3377	2385	3114	1999	1423	1346	809	777	417	231	108	47	18	2	0	1	0	0	0	0	0	0	0	0	22
GGA->C	C->G	0	0	0	0	0	0	0	2239	178	1086	672	490	564	325	238	195	139	122	63	41	12	5	4	0	0	0	0	0	0	0	0	0	0	0	10
GGA->T	C->A	0	0	0	0	0	0	0	2534	196	1038	831	508	658	381	248	248	161	122	79	35	22	5	2	2	0	0	0	0	0	0	0	0	0	0	6
GTA->A	A->T	0	0	0	0	0	0	0	838	66	355	254	192	222	120	86	64	58	36	17	12	7	2	2	0	0	0	0	0	0	0	0	0	0	0	6
GTA->C	A->G	0	0	0	0	0	0	0	4276	375	2042	1430	942	1196	667	466	394	265	232	118	57	37	16	6	0	0	0	0	0	0	0	0	0	0	0	38
GTA->G	A->C	0	0	0	0	0	0	0	682	57	300	183	125	157	82	64	45	39	32	17	11	3	1	1	0	0	0	0	0	0	0	0	0	0	0	13
TAA->C	A->C	0	0	0	0	0	0	0	1591	137	721	528	326	416	237	185	141	111	83	41	26	17	0	2	1	1	0	0	0	0	0	0	0	0	0	11
TAA->G	A->G	0	0	0	0	0	0	0	5376	400	2450	1736	1194	1444	839	617	551	327	266	135	86	41	10	9	4	0	0	0	0	0	0	0	0	0	0	54
TAA->T	A->T	0	0	0	0	0	0	0	2079	167	935	683	445	553	327	237	204	122	112	55	29	8	6	2	2	0	0	0	0	0	0	0	0	0	0	16
TCA->A	C->A	0	0	0	0	0	0	0	2341	229	1117	776	525	619	375	270	244	120	133	58	40	19	3	2	2	0	0	0	0	0	0	0	0	0	0	14
TCA->G	C->G	0	0	0	0	0	0	0	2436	162	1157	779	508	637	362	288	253	138	130	62	35	13	8	5	2	0	0	0	0	0	0	0	0	0	0	20
TCA->T	C->T	0	0	0	0	0	0	0	7264	541	3357	2366	1610	1999	1287	811	794	453	399	243	122	63	30	8	4	0	1	0	0	0	0	0	0	0	0	40
