Context	 X1mer	# 9	-3.3	-3.2	-3.1	-3.0	-2.9	-2.8	-2.7	-2.6	-2.5	-2.4	-2.3	-2.2	-2.1	-2.0	-1.9	-1.8	-1.7	-1.6	-1.5	-1.4	-1.3	-1.2	-1.1	-1.0	-0.9	-0.8	-0.7	-0.6	-0.5	-0.4	-0.3	-0.2	-0.1	0.0
AAA->C	A->C	0	0	0	0	0	0	0	5846	492	2578	1805	1136	927	1195	1035	498	601	353	286	203	139	68	40	18	7	2	3	0	1	0	0	0	0	0	0
AAA->G	A->G	0	0	0	0	0	0	0	10174	761	4596	3073	2145	1544	1926	1829	777	1018	624	542	350	208	141	69	45	15	6	1	0	0	0	0	0	0	0	9
AAA->T	A->T	0	0	0	0	0	0	0	3509	302	1561	1140	671	569	658	619	269	354	196	183	126	82	51	20	10	4	1	0	0	0	0	0	0	0	0	1
AAC->C	A->C	0	0	0	0	0	0	0	1849	142	773	549	393	278	349	336	123	181	98	90	66	32	29	10	10	4	0	0	0	0	0	0	0	0	0	0
AAC->G	A->G	0	0	0	0	0	0	0	7795	594	3428	2378	1594	1095	1438	1330	628	782	456	414	242	171	110	50	35	14	4	4	0	0	0	0	0	0	0	1
AAC->T	A->T	0	0	0	0	0	0	0	2113	235	945	696	426	323	390	373	174	232	124	119	103	48	39	16	10	3	2	0	0	0	0	0	0	0	0	0
AAG->C	A->C	0	0	0	0	0	0	0	2754	225	1249	818	522	392	499	511	229	259	195	139	97	57	33	15	8	4	4	1	0	0	0	0	0	0	0	0
AAG->G	A->G	0	0	0	0	0	0	0	7399	587	3198	2234	1460	1097	1407	1328	549	705	425	414	245	168	84	50	31	13	3	5	0	0	0	0	0	0	0	11
AAG->T	A->T	0	0	0	0	0	0	0	1836	170	813	588	352	273	383	309	130	171	120	120	44	32	24	12	6	1	0	1	0	0	0	0	0	0	0	0
AAT->C	A->C	0	0	0	0	0	0	0	2845	247	1326	859	559	453	578	524	211	273	187	150	105	67	42	25	15	1	2	1	0	0	0	0	0	0	0	0
AAT->G	A->G	0	0	0	0	0	0	0	18905	1472	8436	5565	3800	2714	3575	3310	1413	1795	1156	1021	601	404	277	125	70	42	12	5	0	1	0	0	0	0	0	0
AAT->T	A->T	0	0	0	0	0	0	0	3694	368	1659	1231	826	583	705	685	301	374	246	214	127	88	61	20	14	5	1	3	0	0	0	0	0	0	0	0
ACA->A	C->A	0	0	0	0	0	0	0	5730	548	2553	1689	1194	805	1048	926	422	539	328	296	175	109	94	23	18	6	5	3	0	0	0	0	0	0	0	3
ACA->G	C->G	0	0	0	0	0	0	0	4411	341	2009	1367	857	619	850	791	332	424	279	239	155	115	69	32	21	7	4	2	0	0	0	0	0	0	0	1
ACA->T	C->T	0	0	0	0	0	0	0	18917	1395	8181	5464	3583	2680	3372	3092	1366	1664	1120	886	600	385	248	111	62	26	17	7	0	0	0	0	0	0	0	6
ACC->A	C->A	0	0	0	0	0	0	0	7065	559	3195	2126	1450	1019	1350	1221	509	688	409	349	235	138	104	47	28	9	7	3	0	0	0	0	0	0	0	2
ACC->G	C->G	0	0	0	0	0	0	0	2616	218	1167	823	539	387	472	486	183	277	149	146	98	53	28	16	5	5	2	0	0	0	0	0	0	0	0	2
ACC->T	C->T	0	0	0	0	0	0	0	12289	969	5468	3792	2427	1778	2275	2134	886	1137	680	543	367	214	144	64	41	7	3	2	0	0	0	0	0	0	0	2
ACG->A	C->A	0	0	0	0	0	0	0	1356	105	576	394	248	212	255	211	102	134	72	64	55	31	24	8	2	0	0	0	0	0	0	0	0	0	0	1
ACG->G	C->G	0	0	0	0	0	0	0	896	52	409	253	195	120	169	151	75	87	58	42	33	15	18	4	5	2	0	0	0	0	0	0	0	0	0	0
ACG->T	C->T	0	0	0	0	0	0	0	30778	2056	13160	8395	5497	4056	5143	4777	2064	2561	1684	1365	904	554	330	166	97	29	11	5	1	0	0	1	0	0	0	2
ACT->A	C->A	0	0	0	0	0	0	0	3533	318	1566	1040	738	503	666	591	269	345	223	215	115	72	28	18	13	5	0	0	0	0	0	0	0	0	0	0
ACT->G	C->G	0	0	0	0	0	0	0	4482	380	2041	1359	936	643	851	868	335	413	247	228	144	95	64	24	16	6	1	2	0	0	0	0	0	0	0	0
ACT->T	C->T	0	0	0	0	0	0	0	13237	1021	5834	3971	2574	1883	2427	2377	991	1178	812	667	440	264	176	91	43	14	10	3	0	0	0	0	0	0	0	3
AGA->A	C->T	0	0	0	0	0	0	0	13010	1097	5756	3936	2520	1908	2404	2242	942	1204	745	557	374	219	154	86	40	21	3	5	1	0	0	0	0	0	0	2
AGA->C	C->G	0	0	0	0	0	0	0	7212	491	3293	2178	1555	999	1308	1138	549	696	436	373	211	125	101	48	21	7	4	1	0	0	0	0	0	0	0	3
AGA->T	C->A	0	0	0	0	0	0	0	6105	566	2595	1889	1256	939	1105	1056	457	558	358	338	212	120	68	42	24	13	2	2	0	0	0	0	0	0	0	2
AGC->A	C->T	0	0	0	0	0	0	0	11927	1032	5392	3623	2350	1751	2270	2097	929	1153	728	569	362	243	180	90	46	19	7	1	0	0	0	1	0	0	0	2
AGC->C	C->G	0	0	0	0	0	0	0	2814	198	1287	822	543	411	544	501	219	266	194	141	81	67	47	23	12	2	1	1	1	0	0	0	0	0	0	0
AGC->T	C->A	0	0	0	0	0	0	0	3021	252	1304	882	548	413	525	486	210	286	174	141	94	62	38	19	16	4	0	0	0	1	0	0	0	0	0	0
AGG->A	C->T	0	0	0	0	0	0	0	14852	1232	6908	4540	3041	2162	2883	2696	1163	1383	947	748	450	305	174	94	50	17	9	3	0	0	0	0	0	0	0	2
AGG->C	C->G	0	0	0	0	0	0	0	4165	307	1894	1316	879	644	795	723	337	406	257	218	118	78	48	19	16	6	3	2	1	0	0	0	0	0	0	0
AGG->T	C->A	0	0	0	0	0	0	0	3199	271	1357	992	626	468	602	567	250	324	201	166	104	64	46	23	13	6	1	0	0	0	0	0	0	0	0	0
ATA->A	A->T	0	0	0	0	0	0	0	3449	311	1641	1061	706	502	666	639	300	363	221	219	112	68	52	22	11	5	2	0	0	0	0	0	0	0	0	1
ATA->C	A->G	0	0	0	0	0	0	0	22065	1779	9829	6770	4263	3232	4236	3825	1676	2109	1381	1115	713	460	314	144	82	47	10	3	0	1	0	0	0	0	0	7
ATA->G	A->C	0	0	0	0	0	0	0	2243	215	970	714	419	383	466	370	173	207	168	131	85	51	35	15	9	4	2	0	0	0	0	0	0	0	0	1
ATC->A	A->T	0	0	0	0	0	0	0	4355	412	2017	1324	895	627	866	802	387	441	284	205	131	87	65	28	12	6	3	1	0	0	0	0	0	0	0	0
ATC->C	A->G	0	0	0	0	0	0	0	7024	490	3120	2040	1372	1036	1288	1239	531	668	432	367	211	140	81	55	28	11	5	0	0	0	0	0	0	0	0	3
ATC->G	A->C	0	0	0	0	0	0	0	1421	98	595	417	279	198	272	243	110	143	83	68	37	26	12	6	5	3	1	0	0	0	0	0	0	0	0	1
ATG->A	A->T	0	0	0	0	0	0	0	4499	334	2027	1406	943	670	860	758	317	412	308	276	158	94	60	33	20	13	2	0	0	0	0	0	0	0	0	1
ATG->C	A->G	0	0	0	0	0	0	0	20176	1480	9024	6029	3980	2969	3849	3535	1511	2034	1226	1038	623	456	254	154	75	34	12	1	0	0	0	0	0	0	0	10
ATG->G	A->C	0	0	0	0	0	0	0	3610	266	1594	1086	697	507	675	547	265	337	230	174	144	85	37	25	19	6	1	1	0	0	0	0	0	0	0	1
CAA->C	A->C	0	0	0	0	0	0	0	3410	258	1523	1040	719	539	654	578	270	336	209	181	104	78	31	23	15	5	5	0	1	0	0	0	0	0	0	2
CAA->G	A->G	0	0	0	0	0	0	0	7077	567	3125	2131	1434	1060	1324	1199	520	697	423	357	261	145	96	54	31	20	5	2	2	0	0	0	0	0	0	11
CAA->T	A->T	0	0	0	0	0	0	0	1677	142	807	532	373	273	343	334	133	163	107	85	53	41	23	8	11	6	1	2	0	0	0	0	0	0	0	1
CAC->C	A->C	0	0	0	0	0	0	0	2595	221	1133	785	508	353	446	441	179	203	149	112	80	65	32	16	6	5	1	2	0	0	0	0	0	0	0	1
CAC->G	A->G	0	0	0	0	0	0	0	7034	489	3288	2169	1381	1064	1338	1274	536	677	405	362	253	194	81	44	26	10	3	2	0	0	0	0	0	0	0	4
CAC->T	A->T	0	0	0	0	0	0	0	2172	188	918	604	408	283	388	350	168	209	139	103	62	34	32	15	4	4	0	2	0	0	0	0	0	0	0	1
CAG->C	A->C	0	0	0	0	0	0	0	2948	236	1401	917	626	437	584	517	246	299	182	139	86	57	41	23	10	5	2	3	0	0	0	0	0	0	0	0
CAG->G	A->G	0	0	0	0	0	0	0	9987	652	4552	2881	1964	1419	1914	1819	752	957	582	491	324	221	149	62	30	22	4	1	0	0	0	0	0	0	0	9
CAG->T	A->T	0	0	0	0	0	0	0	2210	159	1009	700	456	313	467	401	161	244	141	114	78	48	26	15	10	6	1	0	0	0	0	0	0	0	0	0
CCA->A	C->A	0	0	0	0	0	0	0	4030	351	1845	1201	855	615	756	686	336	395	282	183	125	96	43	22	12	6	4	0	0	0	0	0	0	0	0	3
CCA->G	C->G	0	0	0	0	0	0	0	3052	212	1370	945	601	411	633	493	263	264	179	138	104	61	49	15	11	7	1	0	0	0	0	0	0	0	0	0
CCA->T	C->T	0	0	0	0	0	0	0	12324	967	5403	3717	2472	1749	2146	2128	906	1124	733	616	421	249	146	63	48	19	3	3	0	0	0	0	0	0	0	2
CCC->A	C->A	0	0	0	0	0	0	0	3829	298	1718	1227	761	566	712	663	295	387	237	185	156	91	45	22	10	5	0	0	0	0	0	0	0	0	0	1
CCC->G	C->G	0	0	0	0	0	0	0	3772	243	1729	1168	729	549	712	661	254	359	245	207	121	101	50	24	14	4	6	0	1	0	0	0	0	0	0	0
CCC->T	C->T	0	0	0	0	0	0	0	11546	846	5283	3454	2343	1758	2133	1965	866	1115	653	574	381	239	153	58	53	15	5	0	1	0	1	0	0	0	0	1
CCG->A	C->A	0	0	0	0	0	0	0	1094	68	486	326	189	154	201	212	70	102	62	67	40	19	16	10	4	2	1	0	0	0	0	0	0	0	0	0
CCG->G	C->G	0	0	0	0	0	0	0	1077	59	466	323	194	156	208	185	84	91	70	61	47	29	10	7	3	2	1	0	1	0	0	0	0	0	0	0
CCG->T	C->T	0	0	0	0	0	0	0	26361	1596	11086	7265	4864	3500	4479	4066	1847	2239	1429	1198	744	464	315	134	83	27	8	7	0	0	0	0	0	0	0	2
CGA->A	C->T	0	0	0	0	0	0	0	19230	1174	8061	5246	3459	2605	3243	2901	1341	1617	1030	857	503	319	216	93	49	22	7	9	1	0	0	0	0	0	0	2
CGA->C	C->G	0	0	0	0	0	0	0	950	57	425	272	203	137	218	147	71	87	57	48	48	29	16	5	1	0	0	0	0	0	0	1	0	0	0	0
CGA->T	C->A	0	0	0	0	0	0	0	957	55	403	270	196	140	166	168	75	95	74	46	40	24	10	5	2	0	0	1	0	0	0	0	0	0	0	0
CGC->A	C->T	0	0	0	0	0	0	0	21303	1351	9273	5992	3990	2838	3718	3292	1416	1849	1153	979	672	394	275	140	73	20	9	6	1	0	0	1	0	0	0	3
CGC->C	C->G	0	0	0	0	0	0	0	628	37	284	206	136	79	121	103	47	68	54	28	20	12	8	3	3	1	0	0	0	0	0	0	0	0	0	0
CGC->T	C->A	0	0	0	0	0	0	0	1590	93	692	452	308	214	247	241	108	161	94	82	55	25	14	8	5	5	2	0	0	0	0	0	0	0	0	0
CTA->A	A->T	0	0	0	0	0	0	0	1239	124	602	406	283	180	275	210	103	120	86	65	39	21	20	8	5	2	0	0	0	0	0	0	0	0	0	0
CTA->C	A->G	0	0	0	0	0	0	0	6541	465	2967	1972	1333	962	1234	1138	456	640	402	340	217	110	75	34	20	12	6	0	1	0	0	0	0	0	0	0
CTA->G	A->C	0	0	0	0	0	0	0	1283	92	583	419	281	212	275	221	102	112	72	74	46	30	22	6	5	3	1	0	0	0	0	0	0	0	0	0
CTC->A	A->T	0	0	0	0	0	0	0	1829	140	809	529	381	291	345	352	134	162	94	86	57	29	29	10	3	1	0	0	0	0	0	0	0	0	0	0
CTC->C	A->G	0	0	0	0	0	0	0	5216	396	2205	1442	1026	700	903	895	350	469	284	253	141	99	54	38	17	6	4	0	0	0	0	0	0	0	0	2
CTC->G	A->C	0	0	0	0	0	0	0	1911	134	906	568	400	271	347	337	139	196	112	81	59	34	25	5	9	1	1	0	0	0	0	0	0	0	0	0
GAA->C	A->C	0	0	0	0	0	0	0	2157	164	957	633	446	335	421	410	169	217	149	123	59	54	35	19	13	1	2	0	0	0	0	0	0	0	0	1
GAA->G	A->G	0	0	0	0	0	0	0	5923	448	2588	1699	1119	881	1078	984	430	575	384	327	174	117	75	29	36	9	4	2	0	0	0	0	0	0	0	2
GAA->T	A->T	0	0	0	0	0	0	0	1874	168	853	541	407	259	390	321	162	186	124	107	63	41	23	10	4	2	0	0	0	0	0	0	0	0	0	1
GAC->C	A->C	0	0	0	0	0	0	0	911	66	408	292	175	112	167	143	65	106	36	34	25	15	12	10	1	0	1	0	0	0	0	0	0	0	0	1
GAC->G	A->G	0	0	0	0	0	0	0	4132	324	1873	1227	834	574	770	732	324	421	239	227	128	69	72	24	16	10	0	0	2	0	0	0	0	0	0	3
GAC->T	A->T	0	0	0	0	0	0	0	1898	163	879	576	384	273	388	359	143	202	119	106	56	46	31	11	10	7	1	0	0	0	0	0	0	0	0	0
GCA->A	C->A	0	0	0	0	0	0	0	5073	435	2299	1481	993	715	901	909	384	494	311	231	140	92	62	33	17	2	4	3	0	0	0	0	0	0	0	0
GCA->G	C->G	0	0	0	0	0	0	0	2182	149	994	682	457	297	365	391	174	215	143	114	73	46	28	18	5	3	1	1	0	0	0	0	0	0	0	1
GCA->T	C->T	0	0	0	0	0	0	0	10153	760	4589	2894	1996	1508	1830	1691	738	978	604	466	306	205	128	58	32	23	4	1	1	0	1	0	0	0	0	2
GCC->A	C->A	0	0	0	0	0	0	0	4601	292	2084	1344	898	660	878	751	314	419	251	219	146	101	57	21	23	6	3	1	0	0	0	0	0	0	0	1
GCC->G	C->G	0	0	0	0	0	0	0	2415	146	1080	763	493	330	493	430	180	232	133	109	71	54	32	11	3	4	2	2	0	0	0	0	0	0	0	0
GCC->T	C->T	0	0	0	0	0	0	0	10751	848	4808	3176	2063	1580	2020	1954	861	1042	671	522	358	208	153	58	34	17	3	1	0	0	0	0	0	0	0	1
GGA->A	C->T	0	0	0	0	0	0	0	13535	1066	5935	3916	2705	1922	2378	2178	974	1164	694	586	378	250	135	63	43	19	5	3	1	0	0	0	0	0	0	3
GGA->C	C->G	0	0	0	0	0	0	0	3630	255	1622	1103	739	553	654	611	280	350	212	172	92	71	43	19	10	9	4	3	0	0	0	0	0	0	0	0
GGA->T	C->A	0	0	0	0	0	0	0	4054	310	1776	1234	824	614	766	716	292	386	233	219	115	82	35	26	8	4	4	0	0	0	0	0	0	0	0	2
GTA->A	A->T	0	0	0	0	0	0	0	1315	125	580	415	279	185	222	242	96	137	66	71	44	29	7	10	2	6	1	0	0	0	0	0	0	0	0	1
GTA->C	A->G	0	0	0	0	0	0	0	7038	587	3216	2107	1434	984	1345	1244	510	683	437	341	242	150	86	44	17	9	6	1	0	0	0	1	0	0	0	1
GTA->G	A->C	0	0	0	0	0	0	0	1049	77	480	306	229	145	202	193	91	109	73	49	35	21	13	9	3	0	0	0	0	0	0	0	0	0	0	4
TAA->C	A->C	0	0	0	0	0	0	0	2540	231	1147	753	548	328	430	436	226	257	161	132	88	58	49	20	7	2	1	0	0	0	0	0	0	0	0	0
TAA->G	A->G	0	0	0	0	0	0	0	8434	643	3817	2656	1688	1237	1647	1460	678	827	502	434	260	170	107	46	37	16	3	1	0	0	0	0	0	0	0	0
TAA->T	A->T	0	0	0	0	0	0	0	3236	289	1467	968	621	494	590	578	262	316	217	194	96	81	52	21	10	7	0	3	0	0	0	0	0	0	0	1
TCA->A	C->A	0	0	0	0	0	0	0	4062	342	1894	1204	783	569	726	636	302	377	219	200	119	74	58	31	10	5	2	0	0	0	0	0	0	0	0	1
TCA->G	C->G	0	0	0	0	0	0	0	3800	289	1764	1128	768	539	778	665	299	363	226	183	126	92	65	34	19	11	1	0	1	0	0	0	0	0	0	0
TCA->T	C->T	0	0	0	0	0	0	0	12189	885	5037	3343	2206	1620	2057	1939	848	1090	673	531	381	216	164	68	45	16	5	3	1	0	0	0	0	0	0	1
