	s1	s2	s3	p1	p2	p3	same
AAAAA	0.000973283342053211	0.00117782119592149	0.000639927588095266	0.000828086303025616	0.00135503810902035	0.000540981478281732	0.994484861983602
AAAAC	0.000605467393505627	0.000709750444402221	0.000314934813707715	0.000671582847774068	0.000811322135975504	0.000393564234083747	0.996493378130551
AAAAG	0.000462001060443556	0.00119187638060597	0.000249739638654722	0.000572535893596406	0.00114887142208244	0.000293262729208657	0.996081712875408
AAAAT	0.000553014101859597	0.00061803091130339	0.000640834523098521	0.000784126055820484	0.000802793198499289	0.000685168986960683	0.995916032222458
AAACA	0.000850191946473976	0.00178834747528877	0.000477726903256806	0.000732416438737321	0.0021549237431191	0.000574155600216192	0.993422237892908
AAACC	0.00140649225774907	0.00170349514598401	0.000663803272848229	0.000917182725846704	0.00198232160287042	0.000701973778680137	0.992624731216021
AAACG	0.000674661083264598	0.00154812511896453	0.000403950679948396	0.000562570056891483	0.00161791764481949	0.000486432755958801	0.994706342660153
AAACT	0.000897288994166379	0.00149929285673451	0.000713854291203834	0.000712611508663437	0.00178488428451766	0.000840866666832371	0.993551201397882
AAAGA	0.000343269450445783	0.00174258858623337	0.000364426525986875	0.000496945262709375	0.00190741696544886	0.000363442475961708	0.994781910733214
AAAGC	0.000338011145232356	0.00128352880824719	0.000390715585757152	0.000476096779407321	0.00138893768929678	0.000407932369661919	0.995714777622397
AAAGG	0.000397467981745915	0.00157226441290486	0.000435280839849557	0.00060009871753795	0.00155119312556467	0.000457795366048672	0.994985899556348
AAAGT	0.000529222131956487	0.0012919607643118	0.000651633939533975	0.000755610233922082	0.00148344429463883	0.000694158523290813	0.994593970112346
AAATA	0.000437677462457675	0.00168136979506724	0.000498160210955729	0.000595843645768485	0.0023307368772681	0.000597488574074918	0.993858723434408
AAATC	0.000471737779427721	0.00169356792862871	0.000458259557158357	0.000551142088884188	0.00213483320553439	0.000546747016405048	0.994143712423962
AAATG	0.000390046334194146	0.00184912187400712	0.000401200795780879	0.000486298543047406	0.00239712977712306	0.000548547635128206	0.993927655040719
AAATT	0.000461015447582437	0.00150152382368245	0.00149151164219497	0.000566598452359462	0.00193932921418028	0.00126851305451936	0.992771508365481
AACAA	0.00321444897672129	0.00106547577185456	0.00251863703495323	0.00245160524650116	0.0013081088684155	0.00303994655039032	0.986401777551164
AACAC	0.000961436767107454	0.000568367772672877	0.00303878974722832	0.000996829632072431	0.000578361052192401	0.0038153508432246	0.990040864185502
AACAG	0.000902365363685642	0.00163041382767187	0.00341700004503727	0.00110292700107215	0.0020519496762015	0.00383399976606542	0.987061344320266
AACAT	0.000987002252650661	0.000516591186954351	0.00368292989648869	0.000933255896836218	0.000561727689652887	0.00481995231706802	0.988498540760349
AACCA	0.00222345916713052	0.000898432628578902	0.00267742808736887	0.00256108429373994	0.0012649535993576	0.00358916801260467	0.98678547421122
AACCC	0.00301044652932637	0.000765681015176854	0.00329982114747597	0.00375606142134687	0.00100911477241584	0.0045317754981019	0.983627099616156
AACCG	0.00161837069436851	0.000813559322033898	0.00268562055768179	0.00216949152542373	0.00114598141060689	0.00359978130125752	0.987967195188628
AACCT	0.0027413784798648	0.000948697059876816	0.00340106848838841	0.00390913450765136	0.00121927467607126	0.00459395556411873	0.983186491224029
AACGA	0.00369756509161041	0.0031551350048216	0.0537759161041466	0.00310089199614272	0.00223903085824494	0.0571178881388621	0.876913572806172
AACGC	0.00284515289824097	0.00239470865910104	0.0590081953273305	0.0027394363931367	0.00144326011316262	0.0612833983719658	0.870285848237062
AACGG	0.00318440827869512	0.00312309596526657	0.0611437045666177	0.00284335853524883	0.00161711226667791	0.0614809222904747	0.866607398097019
AACGT	0.00353631208533496	0.00222699601180007	0.0395923276395464	0.00330920947435015	0.00163838312210473	0.0444078299418571	0.905288941725007
AACTA	0.00103506646183879	0.00123462203068894	0.00232664583148085	0.00109325309587723	0.00161078632679663	0.00274829404574535	0.989951332207572
AACTC	0.00066604023644217	0.00087790446403425	0.00285953274845838	0.000888476531279364	0.00113966884902327	0.00403430086073543	0.989534076310027
AACTG	0.000939254425788218	0.00112390070608127	0.00357389742517629	0.00122843186475957	0.00139705512072967	0.00309358819606688	0.988643872261398
AACTT	0.00106573461349657	0.00107150226925211	0.00307864647218131	0.001419804591823	0.00131470508694421	0.00362913717151598	0.988420469794787
TTCTT	0.00283389529657999	0.00081043403481849	0.00154198932201503	0.00217219935758918	0.00101870016679329	0.00231814963905183	0.989304632183152
GTCTT	0.00182530178465726	0.00080626588224933	0.000738070362967729	0.00225551808915376	0.00123297498861135	0.00113633219557228	0.992005536696788
CTCTT	0.00257851294034119	0.00145087428147415	0.000620385563389766	0.0032839605096802	0.00191219389373884	0.000793912055526209	0.98936016075585
ATCTT	0.00191262212952072	0.000824177233099464	0.00129479088011087	0.00216361607459347	0.00124199768252946	0.00205229784655039	0.990510498153596
TGCTT	0.00385555318290744	0.00063301034900437	0.000564568576526723	0.00488096302745032	0.00076137669560689	0.000845940307823716	0.988458587860681
GGCTT	0.00302991800162476	0.000654806449418328	0.000727340395305003	0.00409841805965192	0.000778364274480457	0.0010024691555648	0.989708683663955
CGCTT	0.00296468050376497	0.00061427718609138	0.000571018229324382	0.00426533313722606	0.000692143308271978	0.000801732665415041	0.990090814969906
AGCTT	0.00281774924844616	0.000917817924051772	0.000865979696292281	0.00363832026460803	0.00125657471475915	0.00130881478924546	0.989194743362597
TCCTT	0.0032233180078376	0.000522685713749076	0.000709972483870665	0.00401083472747494	0.000799859400762831	0.000894576062443234	0.989838753603862
GCCTT	0.00269205998084889	0.000517479160875655	0.000627498248700582	0.00373286002407763	0.000884047183584373	0.000772567665390088	0.990773487736523
CCCTT	0.0032673654992073	0.000886213351931578	0.0007271494169695	0.00440746936271297	0.00142633154867094	0.000904129894056427	0.988381340926451
ACCTT	0.00327873412674496	0.00089664476825859	0.0013213224351277	0.00461906506006222	0.00137742068588225	0.0018410425929446	0.98666577033098
TACTT	0.00382370625740999	0.000974953118930214	0.000798574252797445	0.00407727342078695	0.00121084632639613	0.00101390796053009	0.988100738663149
GACTT	0.00273515189700457	0.000898591100247468	0.000731113455903563	0.00345867429820699	0.00116143136927445	0.00104471890324442	0.989970318976119
CACTT	0.00321839349990034	0.00104706892351544	0.00066308937115939	0.00401240719679945	0.00144635554878136	0.000948712838009481	0.988663972621834
TTATT	0.00150161643862416	0.00184460792998191	0.000783958370242313	0.00109108248518375	0.00234457741942145	0.000603224057910752	0.991830933298636
GTATT	0.000549315680259346	0.00271954514931546	0.000306376855787693	0.000617439475252139	0.00346061669696193	0.000255554342062911	0.992091151800361
CTATT	0.000551048248751445	0.00518329758981828	0.000676411725342399	0.000640249184018085	0.00734134029399113	0.000830360829837334	0.984777292128241
ATATT	0.000848871144817491	0.00239618522898005	0.000346830801370405	0.000632239817132265	0.00296369310439313	0.00028375393770654	0.9925284259656
TGATT	0.000816281836235945	0.00145542934287263	0.000390866661181846	0.000997807926073207	0.00164720287326522	0.000412532678355971	0.994279878682015
GGATT	0.000855330743696472	0.00165622385086067	0.000359618326182895	0.00111308470455004	0.00168426748180154	0.000380651049388546	0.99395082384352
CGATT	0.000605777332242729	0.00139605537481319	0.000341326314106309	0.000811803125442033	0.00178350686650144	0.00042435163375379	0.994637179353141
AGATT	0.00103170816872908	0.00187600570969271	0.000407744744192407	0.0012466605610479	0.0020824106578398	0.000384634987728086	0.99297083517077
TCATT	0.000788133212774582	0.00288269333952947	0.000635312260541462	0.00104067223918497	0.00329766469881657	0.000800147438579073	0.990555376810574
GCATT	0.000681954149097277	0.00336854014396901	0.000571868443045902	0.000909134763457978	0.00357593006960138	0.000789566019057609	0.990103006411771
CCATT	0.000740978853073635	0.00393089445561507	0.00054351569700886	0.000969275126530586	0.00464432031016804	0.00066816021412616	0.988502855343478
ACATT	0.00095310073819239	0.00371028501653466	0.00065621651254707	0.00122515930014151	0.00450291471207221	0.000785207589896416	0.988167116130616
TAATT	0.000721885664753958	0.00129279553094931	0.000461280136951546	0.000781607764875345	0.00173569963709427	0.00059492399736304	0.994411807268012
GAATT	0.00055117655478243	0.00159797257425817	0.000396432795381668	0.000668254490393959	0.00181925928901991	0.000479611489582889	0.994487292806581
CAATT	0.000649069307101889	0.00577312567105686	0.000459535749187915	0.000796373458252574	0.00847547518889347	0.000498772520826247	0.983347648104681
ACAAA	0.000771691373237245	0.00157761099286808	0.000317938310083751	0.000888104018725596	0.00187724542787504	0.000409274646716907	0.994158135230493
ACAAC	0.00085313743004616	0.00137282844340143	0.00041311478523571	0.000903259913567734	0.00152794433977346	0.000508611306471551	0.994421103781504
ACAAG	0.000691711820661201	0.0021285381374997	0.000309062728380537	0.000726192288317261	0.00205495177359957	0.000401150806632696	0.993688392444909
ACAAT	0.000790563246355183	0.00182694275816861	0.000514951069932298	0.000966423894766024	0.0021181006272687	0.000666845442132454	0.993116172961377
ACACA	0.000698003951159307	0.00216138765237072	0.000513827891902175	0.000737403639785199	0.00226909567689831	0.00058982965812727	0.993030451529757
ACACC	0.00134539091908017	0.00329369789988835	0.00062829038820513	0.000795981589271294	0.0024679290577961	0.000660284104198017	0.990808426041561
ACACG	0.00070332170684493	0.00325424087555836	0.00053134962805526	0.000601902275763843	0.0024296568054643	0.000628359518654561	0.991851169189659
ACACT	0.00101694699259379	0.00290301409665244	0.000807950367549451	0.00103861127689716	0.00341785944127386	0.000946007081247438	0.989869610743786
ACAGA	0.000366294318246766	0.00210047691926665	0.000355371533444678	0.000572557138230382	0.00222875613612838	0.000429036826295969	0.993947507128387
ACAGC	0.000409248152679506	0.00200013499009914	0.000520947706546735	0.000538534444815192	0.00202960465963007	0.000585590852614578	0.993915939193615
ACAGG	0.000476726404562119	0.00259697751289889	0.000465954889590234	0.000638299129140388	0.0025872484026017	0.000553864350489809	0.992680929310717
ACAGT	0.000716875476802806	0.00289817458257635	0.000818331249164366	0.00105191546925261	0.00323518077216494	0.000972481104845496	0.990307041345193
ACATA	0.00072418707008874	0.00535569255924718	0.00079331401768812	0.000998001602787582	0.00667598733330979	0.00113445999285389	0.984318357424025
ACATC	0.000781274856736816	0.00373668562701726	0.00102015204305648	0.00090955140076471	0.004189693737226	0.00137872033541791	0.987983921999781
ACATG	0.000823693174131191	0.00545071127891362	0.000843066592574104	0.00105229951175757	0.00648815783653162	0.00129931059690471	0.984042761009187
ACCAA	0.00180341881730827	0.000928319891315476	0.00184079537310741	0.0022620941596694	0.00146865488275949	0.0025078856407398	0.9891888312351
ACCAC	0.000938165958987827	0.000605860599737736	0.00234862779458939	0.00130948506897861	0.000920724517480226	0.00340016312337663	0.99047697293685
ACCAG	0.00112424469773612	0.000822872683486311	0.00216225342753932	0.0016130664738612	0.00132167967695099	0.00309405575473038	0.989861827285696
ACCAT	0.00103960699560093	0.000598549991569718	0.0024896154258825	0.00144962523566469	0.000884413175763707	0.00353765270305483	0.990000536472464
ACCCA	0.0013553304114244	0.000893659708983005	0.00259915391122526	0.00183906183379133	0.00140867724324431	0.00370860757147974	0.988195509319852
ACCCC	0.00170703935003503	0.000871720431274902	0.00348815897115276	0.00234055339239745	0.00129257300578784	0.00490015448291013	0.985399800366442
ACCCG	0.00117127595533898	0.000844408246872285	0.00247057509649407	0.00145728520024733	0.00130747083386676	0.00389517352589473	0.988853811141286
ACCCT	0.0016568986126315	0.00143882867765746	0.00329864596427224	0.00225104449005455	0.00219368614487528	0.00449559558254163	0.984665300527967
ACCGA	0.00380349085026424	0.00218121339083254	0.0394345204284267	0.0032036571677853	0.00272197254397644	0.0470642231017763	0.901590922516939
ACCGC	0.00246969354717265	0.00177697462540471	0.0438031774715759	0.00273699269633311	0.00231533770047436	0.051513440252993	0.895384383706046
ACCGG	0.00347772226960725	0.00250294464075383	0.0465405548109338	0.00304618009016693	0.00234048170261159	0.0536533853214735	0.888438731164453
ACCGT	0.00353801677902043	0.00199275012394326	0.0337286640525906	0.00291347150592674	0.00235653164899268	0.0406340744174667	0.91483649147206
ACCTA	0.00112048912521511	0.00108122670303776	0.002670448745324	0.00127935092571731	0.00168163974371907	0.00370818476533454	0.988458659991652
ACCTC	0.000715511212366617	0.000760124441166198	0.00324061996242291	0.00101293273769716	0.00121560426281526	0.00475789462950201	0.98829731275403
ACCTG	0.000939535354095542	0.000980721582725599	0.00241163718928864	0.00116544793489803	0.00154958087915063	0.00331569529694047	0.989637381762901
TTCGT	0.0327770531513486	0.00271055573671216	0.00227383891554479	0.0381166441514883	0.00169446126612941	0.00205839195043555	0.920369054828341
GTCGT	0.0246199680960871	0.00336046729848926	0.00239865815895655	0.0321795533452191	0.00219925870319977	0.00233414657032936	0.932907947827719
CTCGT	0.0243298359857943	0.00292861819045578	0.00163087244433887	0.0333474308689682	0.00210014657574722	0.00166853024500744	0.933994565689688
ATCGT	0.0256347648301705	0.00264682039712073	0.0026370535321867	0.0325138933653686	0.00249055055817633	0.00294633758843082	0.931130579728546
TGCGT	0.0408250073558572	0.00314382939528458	0.00351801865189525	0.0446884314753931	0.00189013547570009	0.00389860430605483	0.902035973339815
GGCGT	0.0285511883900314	0.00185545439990525	0.0026932600509263	0.0364313865683524	0.00135320965099473	0.00296960432325262	0.926145896616537
CGCGT	0.0352905177982525	0.0021759086118383	0.00219290789786829	0.03841838642777	0.00164893074490871	0.00249889504640805	0.917774453472954
AGCGT	0.0317729936602024	0.00380246896177444	0.00355578422838777	0.0371612930508911	0.00214615718046398	0.00371789133889901	0.917843411579381
TCCGT	0.037206074829625	0.00114805704743422	0.00232432188473169	0.0447685832919619	0.00133704923951799	0.00186171413097441	0.911354199575755
GCCGT	0.0308578790392319	0.0018398249298484	0.00322962074016554	0.0398231650283254	0.00195453823482696	0.00245309990646454	0.919841872121137
CCCGT	0.0327413463978726	0.00193375042757677	0.00249373806922882	0.0409177176779547	0.00243304975338475	0.00215443521246428	0.917325962461518
TACGT	0.0511504727030439	0.00245799983762643	0.00301510914023197	0.0511476731588097	0.00193168552159708	0.00297311597671899	0.887323943661972
GACGT	0.0427062500475274	0.00273377793662502	0.00285164597005392	0.0486718934168802	0.00168817441427192	0.00272997574199828	0.898618282472643
CACGT	0.0376419051066447	0.00239347998323087	0.00271852047478074	0.0419985557859978	0.00209614180630172	0.00302693957755817	0.910124457265486
TTAGT	0.000612734590561545	0.00161402237882389	0.000560453482151857	0.000729426024531969	0.00196409668073516	0.000828969254944015	0.993690297588252
GTAGT	0.000507573102395717	0.00243174293761249	0.000419603073644878	0.00055784169025334	0.00239962689537012	0.000546670892951646	0.993136941407772
CTAGT	0.000467095627081345	0.00262550006922634	0.000548709839613498	0.000517375811587761	0.00290604892480562	0.000694449504849487	0.992240820222836
ATAGT	0.000570121348652233	0.00225142038467764	0.000461910080908045	0.000637641602492615	0.00241284297829604	0.000586218892614179	0.993079844712359
TGAGT	0.000630985341061499	0.00139373642146213	0.000514905999262739	0.000632946140754045	0.00140746201930996	0.00068196613306771	0.994737997945082
GGAGT	0.000542237696400181	0.00175372372078978	0.000604410732842462	0.000627503574949595	0.0014619545426285	0.000778051141763405	0.994232118590626
CGAGT	0.0006022475365513	0.00172345305672659	0.000637485424328238	0.000637485424328238	0.0014863981753181	0.000749605976345767	0.994163324406402
AGAGT	0.000662413862721868	0.00175482940006354	0.000561858421068282	0.000741840923638902	0.00188825121175176	0.000773924761053664	0.993616881419702
TCAGT	0.000612908669704362	0.00238067841855756	0.000669673677912275	0.000778601126095028	0.00273661036191528	0.00100757889569046	0.991813948850125
GCAGT	0.000530694838664835	0.00286461555005821	0.000714296018433558	0.000713858872767442	0.00265085131932748	0.0010648868426586	0.99146079655809
CCAGT	0.000601743958403647	0.00273486675767624	0.000687838223380729	0.000725847925471675	0.00285439124256464	0.000937420002170675	0.991457891890332
TAAGT	0.000630703219000592	0.00128597929068952	0.000615183522565854	0.000530687397532282	0.00135668013000332	0.000872982924453998	0.994707783515754
GAAGT	0.0005333021321911	0.00181399032086305	0.0005697599886048	0.0005392371320724	0.00173429175102845	0.00087541248249175	0.993934006192748
CAAGT	0.000610460163925117	0.00214629017464581	0.000641434886830408	0.0005218380400572	0.0025790758863503	0.000817818725596651	0.992683082122594
AGAAA	0.000503140169909058	0.00165674362442679	0.000258321831732697	0.00049517310871082	0.00189508028569611	0.000354061601047115	0.994837479378477
AGAAC	0.0004275766748437	0.00115825590746885	0.000334221087047013	0.00038716300047284	0.00124069980318541	0.000470011032933103	0.995982072494049
AGAAG	0.000557843793440766	0.00155331308242805	0.000285743705915667	0.000561447768109973	0.00137671832363693	0.000378932193790867	0.995286001132678
AGAAT	0.000486781554356565	0.000989860016646465	0.000369396579822255	0.00057606026738266	0.00114196449069092	0.000490796734572024	0.995945140356529
AGACA	0.000529107071429742	0.00228838808393363	0.000632052903805746	0.000406607282066117	0.00243935613420571	0.000843983290568638	0.99286050523399
AGACC	0.000674030898740193	0.00198814869412575	0.000668104168215699	0.000478987585115932	0.00186745890889969	0.000867457831312318	0.99345581191359
AGACG	0.000378783200141632	0.00235916058349082	0.000553764569772277	0.000269677169666053	0.00218006200516298	0.000699925478522581	0.993558626993244
AGACT	0.000876209907135267	0.00204700762787636	0.000809818321612767	0.000647218570243291	0.00216468373155695	0.000992693347602886	0.992462368493973
AGAGA	0.000377762661739364	0.00147516215685262	0.000372369015827654	0.000489369642527819	0.00165087054482255	0.000355980630172844	0.995278485348057
AGAGC	0.000366141280794439	0.00145305124642321	0.000396998470496612	0.000544376092954751	0.0015189106214592	0.0004375273166726	0.995282994971199
AGAGG	0.000404428946327785	0.00150587370632667	0.000426730789458618	0.000536242825130915	0.00149255917311423	0.000562539028225479	0.995071625531416
AGATA	0.00055915271917377	0.00265178009255219	0.000961903777402175	0.000661854239022013	0.00343748028197944	0.0014136562143817	0.990314172675489
AGATC	0.000556695885136271	0.00201795891757539	0.00109301863632428	0.00065754289818017	0.00228790294238987	0.00148622012152574	0.991900660598868
AGATG	0.000418223198541402	0.00239761983028316	0.0010070840377502	0.000431745426669762	0.00282389197413906	0.001515455423814	0.991405980108802
AGCAA	0.00168963318471214	0.00087006678218882	0.0016674251864255	0.00228590272775063	0.00120562050972528	0.00220589309008781	0.99007545851911
AGCAC	0.000949930228754398	0.00050247085005985	0.00201381279105121	0.00143668351556702	0.000739707820322711	0.00292248441628163	0.991434910377963
AGCAG	0.00113886328275512	0.000860157064889078	0.00214534111202387	0.00164645698204366	0.00114269549325078	0.00278671379588811	0.990279772269149
AGCAT	0.000886025850096916	0.000590163473720942	0.00232552511668609	0.00126541665463181	0.000769320242529085	0.0030093653322675	0.991154183330068
AGCCA	0.00110147351989302	0.000796354479967785	0.00206281599395479	0.00169027248186686	0.00111265914661125	0.00298128023226332	0.990255144145443
AGCCC	0.00136081330993749	0.000934819578130969	0.00290475884585	0.00214011136693274	0.00118669682431816	0.00408976521885146	0.987383034855979
AGCCG	0.000967862127047888	0.000798100432782085	0.00192470076745514	0.00140880159267335	0.00101857016559482	0.00285287834259674	0.99102908657185
AGCCT	0.00142077000609308	0.0017181478296797	0.00242805829364605	0.00226070417803188	0.00216294912751245	0.00346603344171806	0.986543337123319
AGCGA	0.00363630973849202	0.00249008166874997	0.0366200105729658	0.0039623918617807	0.00202566167497517	0.044100136855679	0.907165407627357
AGCGC	0.00335183975103305	0.00215777622121202	0.0404101185131559	0.00385955180308294	0.00202614717068057	0.0462347039991726	0.901959862541663
AGCGG	0.00358323033532728	0.00377761232895301	0.0411503012920901	0.0039096453812271	0.00180078412962712	0.0476932725492282	0.898085153983547
AGCTA	0.000862195380262107	0.000959956116291827	0.00187284224856934	0.00118942228836158	0.00141390990442983	0.00251326558876403	0.991188408473321
AGCTC	0.000620334166261188	0.000768148166815612	0.00274497868570576	0.000859259747485223	0.00108752333522664	0.00377967668958672	0.990140079208919
AGCTG	0.000634646944497359	0.000972427061424267	0.00206530284671394	0.00103003297283816	0.00141134482964034	0.00266525532183703	0.991220990023049
TTCCT	0.00311314253123044	0.000585510703620004	0.000528928687421705	0.00333177544182067	0.00076000964157556	0.000826776420689554	0.990853856573642
GTCCT	0.00266402545099957	0.000703760487830489	0.000763341216473305	0.00342618685106411	0.000854776988152874	0.00111551641449074	0.990472392590989
CTCCT	0.00287627142998414	0.000809967213401365	0.000603719238319399	0.00392144328781673	0.00110363154878297	0.000846026462024967	0.98983894081967
ATCCT	0.00252625969949711	0.000736875750827185	0.00111771490109183	0.00312472122134155	0.00111131424310419	0.00173617847914766	0.989646935704991
TGCCT	0.00360954165423811	0.00066404677576765	0.00104602571045475	0.00497846843533435	0.000849099496969364	0.00156990735780045	0.987282910569435
GGCCT	0.0032747251083289	0.000822719162542556	0.00129111387594102	0.00469908920446085	0.00105944019765449	0.00196039339099097	0.986892519060081
CGCCT	0.00291205678435792	0.000470605162268856	0.000618980675213496	0.0037858236939208	0.000644459298648434	0.00112105943113728	0.990447014954453
TCCCT	0.00321268634699861	0.000503910904754057	0.000649387202290726	0.00425543603213907	0.00076773505273431	0.000834199748112369	0.989776644712971
GCCCT	0.00288975704522646	0.000554974375745006	0.000909355603630371	0.00406231517316963	0.000854040523463016	0.00101512289977455	0.989714434378991
CCCCT	0.00352010809050472	0.00170103426888462	0.00120305490578178	0.00490074928767873	0.00243667362432542	0.00157087458350218	0.984667505239323
TACCT	0.00400224650962634	0.000798677935336784	0.0015150394233264	0.00472485987969295	0.000902354979780371	0.00221004031421959	0.985846780958018
GACCT	0.0033120933745949	0.000782791978362046	0.00193048076220181	0.00445369039206608	0.000941177903945028	0.00274312239576988	0.98583664319306
CACCT	0.00391049901563301	0.000873120038835301	0.0013795371527372	0.00519414653733553	0.00102669327603928	0.00199795035913663	0.985618053620283
TTACT	0.000595749180658705	0.00167964034621964	0.000590908718565853	0.000615483372268025	0.00204900483822803	0.000611015253413084	0.993858198290647
GTACT	0.000555918150481632	0.00245079550411445	0.000573956792532658	0.000624792965585551	0.00271153587557929	0.000514101298454252	0.992568899413252
CTACT	0.000499987998476486	0.00291750243313906	0.00067842574430958	0.000588301096033474	0.00382327779269791	0.000718279860130169	0.990774225075213
ATACT	0.000532423298596319	0.00239502188630599	0.000619394600274158	0.000622043472406478	0.00296364643737735	0.000488275429724319	0.992379194875315
TGACT	0.000792746641878073	0.00160443837078988	0.000719913307281734	0.000951043369093238	0.00161748943074644	0.000563721589736983	0.993750647290474
GGACT	0.000736522234075973	0.00194394593031032	0.000711639726168	0.000921274855292665	0.00181269070109576	0.000519422352578916	0.993354504200478
CGACT	0.00081824476008644	0.00219772150305268	0.00107525753729308	0.000870696347271468	0.00188825713866102	0.000571722300316808	0.992578100413319
TCACT	0.000563118438391074	0.00234499919882768	0.000756747847021738	0.000704663987105262	0.00221448317338993	0.000804542447886268	0.992611444907378
GCACT	0.000560086935884785	0.00249615908267653	0.00122309796525063	0.000794913751108557	0.00253013402615571	0.00118562560111917	0.991209982637805
CCACT	0.000603457165087132	0.00274621833509879	0.000862807040567945	0.000781564910899257	0.00288175208026722	0.000822967150057338	0.991301233318022
TAACT	0.000705164847708633	0.00130499569629079	0.000670347333353019	0.000696791015142093	0.00153549645588555	0.000595423568283977	0.994491781083336
GAACT	0.00067647743781398	0.00187107005422909	0.000760759872689164	0.000769631707939184	0.00217005090215475	0.000622359242788861	0.993129650782385
CAACT	0.00089111103003539	0.00368988936329292	0.0009930665264612	0.000860124555631467	0.0051057713308141	0.000919598595213189	0.987540438598552
ATAAA	0.000419662328416046	0.00154189367927985	0.000709130906758457	0.000436812707864463	0.00204909750974999	0.000753423625855673	0.994089979242076
ATAAC	0.000405692453223261	0.0012953251669868	0.000360837022277201	0.000390740642907908	0.00142440912937602	0.000450547884169322	0.995672447701059
ATAAG	0.00039960860914854	0.00203107520899893	0.000335155607672969	0.000476952210919225	0.00191626830012057	0.000396385959074761	0.994444554104065
ATAAT	0.000621796498739969	0.00124994904205641	0.000449964121224236	0.000630782630727399	0.00154298461442699	0.000483059387812087	0.995021463705013
ATACA	0.00045252164805628	0.00241476126178448	0.000376304515288566	0.000330461738014996	0.00295024989938495	0.000479521075162186	0.992996179862309
ATACC	0.00065027808720013	0.00247930799409838	0.00043679303541036	0.000332669958003692	0.00270261597771897	0.000483943108198284	0.99291439183937
ATACG	0.000402128687666	0.00213063344997227	0.000376184901364967	0.0003015965157495	0.00236737049996919	0.000402128687666	0.994019957257612
ATAGA	0.000302582103751809	0.00210934975210603	0.000346555973501206	0.000332247015884339	0.00232363511739278	0.000396113826710845	0.994189516210653
ATAGC	0.000337253988012994	0.00173867686690429	0.00038534505028907	0.000373630560760283	0.00184102451226106	0.000446383706254859	0.994877685315517
ATAGG	0.00029983817034719	0.00215397578895659	0.000385760175683835	0.00040649997007544	0.00216404940337537	0.000452720083291014	0.994137156408271
ATATA	0.000516984060438173	0.00396378447452944	0.000567926431296112	0.000408078991996288	0.00487750699917574	0.000586647302565461	0.989079071739999
ATATC	0.000591142761192102	0.0027533561236879	0.000517519008705686	0.000432701001455253	0.00345514978773971	0.000560573834721134	0.991689557482498
ATATG	0.00038068592910358	0.00408463176847539	0.000511439189880323	0.000318437367154843	0.00430922708244118	0.000624362460551147	0.989771216202394
ATCAA	0.00127852271883039	0.00100726857442989	0.00143056325836698	0.00154563030306172	0.00143401872517463	0.00189325026391128	0.991410746156225
ATCAC	0.000589583436787481	0.000477221711147041	0.00178558352768686	0.000894264670359313	0.000732665784044972	0.00238232108183721	0.993138359788137
ATCAG	0.000624072812176599	0.000840735258881886	0.00174094648352601	0.000887466374837928	0.00119971519508966	0.00232296129134217	0.992384102584146
ATCAT	0.00124792122768609	0.000712768924722129	0.00198897724402156	0.00163867779555406	0.000953538123105423	0.0024902508209835	0.990967865863927
ATCCA	0.00109318313514058	0.000797547364708254	0.00193481998891464	0.0015848596694548	0.0012136419177668	0.0025024721606369	0.990873475763378
ATCCC	0.00115809398821302	0.00073674697648122	0.00274290557579291	0.00188849390658009	0.00106386458697984	0.00350992313712624	0.988899971828827
ATCCG	0.000957319830371073	0.00069252923899184	0.00189834485511881	0.00142579549204202	0.00122211042175031	0.00275382215034402	0.991050078011382
ATCGA	0.00286151846686453	0.00318833199694467	0.0279311563498729	0.00355314710028995	0.00332513766069915	0.0353414631365739	0.923799245288755
ATCGC	0.00208518120847144	0.00205717131164122	0.0295722266311875	0.00275430652163765	0.00215987426668534	0.0376484135505656	0.923722826509811
ATCGG	0.00256793039293234	0.00302469892269471	0.0348926593955058	0.00293557335591181	0.00237853856351868	0.0426967168369336	0.911503882532503
ATCTA	0.00115223686778071	0.0012372839501909	0.00168194636076195	0.00139442678266456	0.00174195420063513	0.00205753499881711	0.99073461683915
ATCTC	0.000885060917893154	0.000862260753731972	0.00190035913713124	0.00130237301344933	0.00130997306816973	0.00261925522227396	0.991120717887351
ATCTG	0.000809846721966421	0.000993292664511301	0.00191686095655128	0.00129791732926571	0.00151753045967004	0.00201790536799368	0.991446646500042
TTCAT	0.00205500515010629	0.000482387691941607	0.000896651015652773	0.00237115978858418	0.000523646112137508	0.00122216076103555	0.992448989480542
GTCAT	0.00183240339879732	0.000507140366246779	0.000772937203902323	0.00249051636883245	0.000617180257036174	0.00108232472293338	0.992697497682252
CTCAT	0.00308498351099476	0.000594565524812923	0.000616160757700094	0.00456704344542885	0.000736676089618823	0.000795888824954615	0.98960468184649
TGCAT	0.00310649326491226	0.00050868648349899	0.000905404704455657	0.00381335999585038	0.000457531654286363	0.0012008864452223	0.990007637451774
GGCAT	0.00256546736122798	0.000485795020919028	0.000762693290647296	0.00348373247126324	0.000489708777381619	0.00114086000884509	0.991071743069716
CGCAT	0.00338342718458209	0.000374607956832411	0.000637630564821125	0.00372216842214332	0.000374607956832411	0.00084486049838799	0.990662697416401
TCCAT	0.00250320084668836	0.00026987530901879	0.000565515947417587	0.00341522744179348	0.000324048565663933	0.000715813702134294	0.992206318187284
GCCAT	0.00199821134995853	0.000322212810000699	0.00056670100323787	0.00292352783180786	0.000379768380642045	0.000645901403863996	0.993163677220489
CCCAT	0.00259984653925965	0.000422256954698546	0.000699690243116187	0.00381601636332943	0.000626842194113441	0.000914308447363795	0.990921039258119
TACAT	0.00514329775848265	0.000562417780106205	0.00103559346953346	0.00544280448727209	0.000538983705935113	0.00100220793920752	0.986274694859463
GACAT	0.00348898814630182	0.000608522520518192	0.000707978951059894	0.0045966782494914	0.00049916758267139	0.000747572980280288	0.989351091569677
CACAT	0.00410421292159157	0.000532795317542938	0.000704763835020774	0.00508197677810841	0.000587149652531469	0.000788905573929573	0.988200195921275
TTAAT	0.000713990270036044	0.000910015184896515	0.000751507000152881	0.000540944352372136	0.00110885385451575	0.000906732471011292	0.995067956867015
GTAAT	0.000334370247645765	0.00134073916595598	0.000531897129628951	0.000428450061538787	0.00154111695139047	0.000576697041006581	0.995246729402833
CTAAT	0.000326309514450652	0.00166947216473179	0.000627731015087272	0.000417170517263788	0.00216960272804235	0.000799576824755594	0.993990137235669
TGAAT	0.000374200443109401	0.000851386887132196	0.000540811303225834	0.000489318302769137	0.000913933358891116	0.000627621492477439	0.996202728212395
GGAAT	0.000406997139781442	0.00117523434445765	0.00045114870326858	0.000559520722737012	0.00115436269626373	0.000555105566388298	0.995697630827103
CGAAT	0.000442947274385364	0.00097150620684521	0.000539725670469561	0.000498780964433939	0.00094917273082578	0.000595559360518137	0.996002307792522
TCAAT	0.000424148371173776	0.00173589956795468	0.000696789657783373	0.000576727439826853	0.00181701303068126	0.000981222769370842	0.993768199163209
GCAAT	0.000348991773032174	0.00214993862317147	0.00065459285770607	0.000470765640360245	0.00184807007082947	0.000893474926947344	0.993634166107953
CCAAT	0.000394614097147641	0.00195089549177333	0.000663233910403953	0.000543791329274973	0.00205975455305544	0.000849201473427554	0.993538509144917
TAAAT	0.000433948914916434	0.000620241971531702	0.000842911778846993	0.000503762880906376	0.000754174553654513	0.00115211415979719	0.995692845740347
GAAAT	0.000326390325862872	0.000811693068668648	0.000474708581676249	0.000488909265743487	0.000868270397253993	0.000657965028448704	0.996372063332346
CAAAT	0.000486700265977848	0.0016252999494784	0.000655987315013621	0.000655746850455332	0.00233587271922372	0.000885390503621757	0.993355002396229
CAAAA	0.000657015382409469	0.00156462631800003	0.000264835796895496	0.000615931460888598	0.00217351949751254	0.000297571989342405	0.994426499554951
CAAAC	0.000672564520724839	0.00140082875105337	0.000344428816528946	0.00066801760565515	0.00194645855941605	0.000382698685032162	0.994585003061589
CAAAG	0.000486398885890552	0.0015473143505726	0.000250879425354074	0.000599847047087185	0.00196580602358536	0.000302079308079395	0.994847674959431
CAACA	0.000725494690993967	0.00286127551605206	0.000479647073534162	0.00053337536079359	0.00374274505309006	0.000525234711208828	0.991132227594327
CAACC	0.00115317536593713	0.00325344995176359	0.000773849362592499	0.000674154707867306	0.00401757300657802	0.000738591496897004	0.989389206108364
CAACG	0.000665569709183013	0.00404888239753	0.000580524690787406	0.000521362938860027	0.00550943814823716	0.000569431862301022	0.988104790253101
CAAGA	0.00037345007772711	0.00205783205480782	0.000381806103562656	0.000488827511379461	0.00240524989820111	0.000329741634895021	0.993963092719427
CAAGC	0.000530032701913473	0.00207375294623646	0.000483102723098218	0.000543835636859137	0.00215491420371696	0.00037599194791987	0.993838369840256
CAAGG	0.000506849309209302	0.00195682328239034	0.000431998145402021	0.000638159636574075	0.00219164207627719	0.000400774517070984	0.993873753033076
CAATA	0.000355601019223142	0.00519562692780693	0.000445125448335488	0.000434068646333564	0.00756213922725081	0.000485429274987659	0.985522009456062
CAATC	0.000458899654136415	0.0062755110063122	0.000515970930919878	0.000465887973742554	0.00928631203662345	0.000605072005898142	0.982392346392367
CAATG	0.000438147917771424	0.00860282716050376	0.000607532925468183	0.000439354936828646	0.01165698771496	0.000735879285219408	0.977519270059249
CACAA	0.00162679662704415	0.000955382042805516	0.00247216706362521	0.00182791159467324	0.00123625542494733	0.00322230870356823	0.988659178543336
CACAC	0.000740329446603739	0.000635731292980368	0.00330736856412102	0.000902237367032729	0.000634165452357263	0.00409811807878872	0.989682049798116
CACAG	0.000656694318158409	0.00143230524050805	0.00334683135627976	0.000881418609543416	0.00144541415750551	0.00385651853382381	0.988380817784181
CACCA	0.00113440673159294	0.00091902538478706	0.00293022586453845	0.00159180784215503	0.00128774005842909	0.00405326254011599	0.988083531578381
CACCC	0.00195091657635108	0.000928033243458713	0.00376754539450399	0.0028479987379946	0.00115916793507861	0.0052516996886421	0.984094638423971
CACCG	0.000926356950004655	0.000714551717717159	0.00272786518946094	0.00144074108556	0.000924029419979518	0.00370077273996835	0.989565682897309
CACGA	0.0022640541159246	0.00272692740184697	0.0416938143525937	0.00236970997466775	0.00257599046078533	0.0479677598693892	0.900401743824792
CACGC	0.00224103541193088	0.00215889387491987	0.0466581787078422	0.00295530964680925	0.00204996705410092	0.0543705547589414	0.889566060545456
CACGG	0.00226345920771949	0.00238907770434524	0.0485050235767308	0.00269381887208548	0.00185868849636986	0.0541206356295929	0.888169296513156
CACTA	0.000611529219912402	0.00137759433905537	0.00280028670317803	0.000788914785177061	0.00185803863277219	0.00342925382611645	0.989134382493788
CACTC	0.000471512233122937	0.0010523606362454	0.00324136187311082	0.000686084466746998	0.00145417106099364	0.00447868286360541	0.988615826866175
CACTG	0.000561951197906478	0.00102455360712998	0.00364668494930444	0.000854461098951394	0.00138657690211407	0.00345875272055739	0.989067019524036
TTCTG	0.00195818529976354	0.000730916983641945	0.00056783349862598	0.00200694465812826	0.000965245938889849	0.000870094181304337	0.992900779439646
GTCTG	0.00178760232388302	0.00110090143117186	0.000469738705898413	0.00204349313273155	0.00140610182793238	0.000730819997685045	0.992461342580698
CTCTG	0.00176512190542258	0.00143233528009	0.000364441938473976	0.00223481099613589	0.00182843253170537	0.000502967753246564	0.991871889594926
TGCTG	0.00277538358579559	0.000668930864258677	0.000559606723011886	0.00358716063461154	0.00082204506208222	0.000824461065203696	0.990762412065036
GGCTG	0.00200104241803464	0.000662532638096158	0.000637832270748543	0.00273642550666238	0.000901719739626862	0.000920166849418119	0.992140280577413
CGCTG	0.00265450754737328	0.000732754687556166	0.000553022405702767	0.00319646950496199	0.000934607865637676	0.000846124280725234	0.991082513708043
TCCTG	0.00217928043212375	0.00046518156771085	0.000440426291300506	0.00306394151878789	0.000731776852129933	0.000511971760486444	0.992607421577461
GCCTG	0.00194041668374494	0.000600504475807737	0.000529263695633363	0.00274716159165566	0.000897178409684582	0.000635636915345784	0.992649838228128
CCCTG	0.00238402351923367	0.00084204180457662	0.000552357501746914	0.00336386110029145	0.00128948661286629	0.000691327674050354	0.990876901787235
TACTG	0.00421775262793642	0.00100050174564635	0.000663679444821183	0.0037518815461738	0.00122571428998507	0.000813156797258386	0.988327313548179
GACTG	0.00333385185597622	0.000949987056067605	0.00071866090283785	0.00298198353853245	0.00118705331235517	0.000983279653802904	0.989845183680428
TTATG	0.000784258850398608	0.0023795491564666	0.000567936199810736	0.00107340298732299	0.00305636061771183	0.000584356731043478	0.991554135457246
GTATG	0.000703792581538159	0.0052790865080522	0.000380792883989168	0.000848917694154604	0.00516221584213984	0.000321715404516987	0.987303479085609
CTATG	0.000565611156771973	0.00737552747047872	0.000744695097774055	0.000735767159366326	0.00999298894248569	0.000848679321581716	0.979736730851542
TGATG	0.000826972056856347	0.00211512595731004	0.00047255546106077	0.00124155875794227	0.00222996280460199	0.000465217643342435	0.992648607318886
GGATG	0.00116117493851558	0.00246445170517119	0.00061712793935094	0.00169760933974416	0.00244313643095018	0.000561809727682147	0.991054689918586
CGATG	0.000601788817259303	0.0024221999894687	0.000398685091434288	0.000891399685565343	0.00232817048677193	0.000443819252728736	0.992913936676772
TCATG	0.000729973931007979	0.00389963455636168	0.000748943417184317	0.00112798185393004	0.00424530074890829	0.000987467141512718	0.988260698351095
GCATG	0.000689127733836263	0.00651025168658544	0.000896048362911437	0.00102092997605372	0.00550071601830017	0.00117224638321883	0.984210679839094
CCATG	0.000620161137978987	0.0055176155824857	0.000570800616524047	0.000946385937669909	0.00607950903724344	0.000737067636161741	0.985528460051936
TAATG	0.000413827260137025	0.00168539222789849	0.000419697150351735	0.000548100998798507	0.00221404921536077	0.000524988306078088	0.994193944841375
GAATG	0.000366701089214012	0.00202785341763973	0.00043376736511746	0.000457565075921909	0.00225465281303365	0.000500833641020907	0.993958626598052
CCAAA	0.000964111183554964	0.00187835919435128	0.000243386189194893	0.000951982303694753	0.00206730018950701	0.000346077372011343	0.993548783567686
CCAAC	0.000746745832381822	0.0016105275176981	0.000306576844028317	0.000687371546015072	0.00148549897236812	0.000375656542589632	0.994787622744919
CCAAG	0.000662347493098228	0.00293881912904088	0.000259611592432859	0.000714031271071079	0.00214964759614773	0.000328390773889037	0.99294715214432
CCACA	0.000845544905741239	0.00270068518294086	0.000415922379890996	0.000668145579858678	0.00248745470608796	0.000527279976534109	0.992354967268946
CCACC	0.00116673640726459	0.0032692049315572	0.000457981564320051	0.000703629549658784	0.00227709458838587	0.000554263859616752	0.991571089099197
CCACG	0.000571867851651854	0.00332245846926913	0.000363745453181835	0.000489368882888964	0.00240934488318896	0.000519368507893651	0.992323845951926
CCAGA	0.000382881738537138	0.00241923191382802	0.000307757075146439	0.00048413671962895	0.00252157565815738	0.000353485131123386	0.993530931763579
CCAGC	0.000420977751671874	0.00222224495789621	0.000359290518582	0.000573841724401905	0.00190658687247534	0.000434819764950578	0.994082238410022
CCAGG	0.00052064410148226	0.00341317387177127	0.000375426611555316	0.00063096436514769	0.00291391839283639	0.00048912402614928	0.991656748631058
CCATA	0.000500706707172076	0.0058796967972405	0.0005584188996743	0.0006898744492627	0.00723486457673718	0.000805833206419947	0.984330605363493
CCATC	0.000568897730838984	0.0051341316921599	0.000668965819721589	0.000676630609508342	0.00487438048271994	0.000822687437111464	0.98725430622794
CCCAA	0.00114283214172024	0.000699277488696146	0.00173008945018836	0.00127559679976827	0.00111077249418023	0.00269979949519256	0.991341632130254
CCCAC	0.00100876648350322	0.000734525921437319	0.00263621967502713	0.00137164159522883	0.00108379870128445	0.00406139302797122	0.989103654595548
CCCAG	0.00063685255085433	0.000574435530056034	0.00207816351717674	0.000939736739429329	0.000852949726446838	0.00324618242829068	0.991671679507746
CCCCA	0.000990623964149425	0.0012314532969346	0.00257782200778087	0.00123334959089354	0.00197138719971237	0.00384378785476816	0.988151576085761
CCCCC	0.0017474988647849	0.00178338631003823	0.00390953434208792	0.0018844570742211	0.00225651466990874	0.00518683443436992	0.983231774304589
CCCCG	0.000808473843493299	0.000912235192390834	0.00256160830090791	0.00105274535235625	0.00132728058798098	0.00375270211846087	0.98958495460441
CCCGA	0.00212737667863316	0.00250079918073366	0.03505362290551	0.00228014042949246	0.00334099981045979	0.0438884598302059	0.910808601164965
CCCGC	0.00228241667648098	0.00207278294664939	0.0368225179601931	0.0021081144741491	0.00228477211164763	0.0453751030502885	0.909054292780591
CCCGG	0.00218969614485733	0.0021274609515106	0.0400074027124718	0.00240751932157088	0.00241407039455475	0.0490003881510743	0.90185346232396
CCCTA	0.000609438653846854	0.00104339975025393	0.00286079387211982	0.000781275598061738	0.0016826914325449	0.00416923026514586	0.988853170428027
CCCTC	0.000650807127986261	0.00104025538764229	0.00353658576785587	0.000827400957939117	0.00164397082764113	0.00500160818114477	0.987299371749791
TTCGG	0.0430768131021501	0.00270446295957999	0.00196579906753612	0.0491489479996505	0.0014733564728402	0.00210876627244784	0.899521854125795
GTCGG	0.0315756127062754	0.00392823200760303	0.00188923768107594	0.0394263168505025	0.0022060305849149	0.00247098464994384	0.918503585519684
CTCGG	0.029824031482744	0.00223693181327833	0.00129969880817792	0.0391135122073304	0.00210057563021584	0.00165008241781951	0.923775167640434
TGCGG	0.0466083520711213	0.00368798658677654	0.00387319824796267	0.0512321449459962	0.0016019184028906	0.00501046283419332	0.887985936911059
GGCGG	0.0363320139564961	0.00211230573538085	0.00275186003709415	0.0438929670345288	0.00131819247742018	0.00332390582918215	0.910268754929898
CGCGG	0.0338815361249729	0.00166630505532654	0.00232588413972662	0.0378476893035366	0.00121501410284227	0.00224777609025819	0.920815795183337
TCCGG	0.0471643740100197	0.00180564344184659	0.00245051609964895	0.0553018608606632	0.0011768926004893	0.00170085163495371	0.890399861352379
GCCGG	0.0379676241977005	0.00195439901607836	0.00244735571057965	0.0460416573303656	0.00208884175094234	0.00241250018672602	0.907087621807607
TACGG	0.0656878615100682	0.00286114920248688	0.00272195816020373	0.0653527719638309	0.00162905071709163	0.00250543876109662	0.859241769685222
GACGG	0.0567064720784704	0.00254151960678172	0.00211387307017734	0.059548426910335	0.00157254834029838	0.00200290150055215	0.875514258493385
TTAGG	0.000428846587527219	0.0015733177145857	0.000396630279843524	0.000482188342872353	0.00167736054431828	0.000560880635411215	0.994880775895442
GTAGG	0.000395795409754558	0.00271659576695174	0.000290304484427413	0.000508646167081271	0.00240502954563668	0.000442407679085157	0.993241220947063
CTAGG	0.000350737733299796	0.00307023523109328	0.000469143719906478	0.000380179221861457	0.00268301565327143	0.00048706462598749	0.99255962381458
TGAGG	0.000333837280815559	0.00123321917119629	0.000390008754451829	0.00045830815989593	0.00110428010671303	0.000501075077323544	0.995979271449604
GGAGG	0.000419826125561223	0.00131511456370869	0.00043742532757934	0.00057197406558882	0.00124074374227729	0.000552671714988304	0.995462244460296
CGAGG	0.000403806494279751	0.00134739513907631	0.000455312424672577	0.000447071475809725	0.00117639545017213	0.000521240015575393	0.995648779000414
TCAGG	0.000362722364389627	0.00261468206299395	0.000417340789915478	0.000487714530496863	0.00260452863773594	0.000651219688962071	0.992861791925506
GCAGG	0.000434136228870788	0.00302072959995075	0.000542265308263046	0.000532950818277945	0.00232254782889363	0.000720860529281719	0.992426509686462
TAAGG	0.000396872217872121	0.00131650926326854	0.00049510232585185	0.000355660735788672	0.00124255441185852	0.000733338564745214	0.995459962480615
GAAGG	0.000374688403620078	0.00169099816764554	0.000477595782079114	0.000346794095905907	0.00154059507605157	0.000659662682429715	0.994909665792268
CGAAA	0.000514535631592488	0.00144641683103222	0.000282994597375868	0.000560272132178487	0.00176943086642083	0.000385901723694366	0.995040448217706
CGAAC	0.00038146185157095	0.000911020657281209	0.00030516948125676	0.00041736414348351	0.000928971803237489	0.00035453513263653	0.996701476930534
CGAAG	0.000571703149277655	0.00125914988092441	0.000242009308589927	0.000519092430018975	0.00107325867287707	0.000340215984539463	0.995994570573772
CGACA	0.000526982631997937	0.0020929806660911	0.000411121202267894	0.000291522307062688	0.00207055587324012	0.00058678207960054	0.99402005523974
CGACC	0.00130072375133503	0.00257161438910733	0.000626495384817332	0.00055489591226678	0.00174822045477598	0.000698094857367884	0.99249995525033
CGACG	0.000733603951679953	0.00215190492492786	0.000342348510783978	0.000415708905951973	0.00205409106470387	0.000709150486623955	0.993593192155328
CGAGA	0.000337143924147804	0.0011393735692995	0.000290462457727339	0.000501393528219811	0.00119469975172376	0.000300836116931887	0.99623609065195
CGAGC	0.000528894332479679	0.00188824555543184	0.00036187506959136	0.000514976060572319	0.00147533682218016	0.000436105853097279	0.994794566306647
CGATA	0.000405886862795208	0.00225993796445233	0.000596302921884317	0.000626368615424703	0.00326713869805525	0.000816784674513813	0.992027580262874
CGATC	0.000452656415959168	0.00145063906531796	0.000470477534697718	0.000541762009651918	0.00183201100632293	0.000666509840821767	0.994585944127229
CGCAA	0.000858430203343272	0.000665806840641855	0.00219423134903353	0.00116411510502161	0.000870992596562929	0.00310709858966199	0.991139325315735
CGCAC	0.000473821369343757	0.000373874674247809	0.0029354714522625	0.000714433783463634	0.000558961146647714	0.00423477848850983	0.990708659085525
CGCAG	0.000676754355521621	0.000688322806043359	0.00227609264015178	0.00105851322273895	0.000668078017630319	0.0030714236135212	0.991560815344393
CGCCA	0.000620220918828319	0.000523646727315259	0.00256672740110266	0.00104943954777525	0.000746840414367664	0.00349383963962804	0.990999285350983
CGCCC	0.000877009478139131	0.000567240075310172	0.00309165955940331	0.00131149123795118	0.000848848623336498	0.00458820784320036	0.988715543182659
CGCCG	0.000602694398487355	0.000649964547388324	0.00238714251949894	0.000909950366343654	0.000720869770739778	0.0029071141574096	0.991822264240132
CGCGA	0.00199303923610078	0.00285569800993545	0.0377785049231044	0.00211202665318143	0.00232025463307255	0.0437873694856769	0.909153107058928
CGCGC	0.00142019097643482	0.00104908579666291	0.0413782275445683	0.00169138322319122	0.00114186209160589	0.0439474172506815	0.909371833116855
CGCTA	0.000683047831323136	0.000707014421895877	0.00321152313674737	0.000970646918196035	0.000970646918196035	0.00461956033289594	0.988837560440746
CGCTC	0.000582374145265532	0.000645966724346252	0.00322313966603855	0.000813315616663933	0.0010107873095988	0.00476944343105393	0.988954973107033
TTCCG	0.0024688752901456	0.000590841949778434	0.000657663360765281	0.00235633396637828	0.000981219666596328	0.000875712175564465	0.992069353590772
GTCCG	0.00198685712522753	0.000851510196526085	0.00062937710178015	0.0023879307685188	0.00074661401289606	0.00102428038132848	0.992373430413723
CTCCG	0.00177752788593716	0.000821248873826511	0.000573324685501526	0.00232871648319539	0.00108466832392181	0.000794685567934548	0.992619828179683
TGCCG	0.00291966733909602	0.000567906654263307	0.000965092903257276	0.00410425790627101	0.000672429351366983	0.00142150868060999	0.989349137165135
GGCCG	0.00238752230508136	0.000637126085211646	0.000827583704990216	0.00330580011472804	0.000655264906142938	0.00121530100239659	0.990971401881449
TCCCG	0.00231425215748353	0.00063115967931369	0.000614818975642139	0.00328243885002298	0.000741459429096666	0.000725118725425114	0.991690752183016
GCCCG	0.00199221184161453	0.00057218177311487	0.000722755923934572	0.00285395928938267	0.000732022025523477	0.000829316092206977	0.992297553054223
TACCG	0.00316381178942538	0.000869444461216135	0.0011713348991384	0.00395476473678173	0.00106869215024483	0.00150945218961135	0.988262499773582
GACCG	0.00291076984843923	0.000838396183526105	0.00123397748138701	0.00386134580300051	0.00104504313016986	0.00173583435180757	0.98837463320167
TTACG	0.000434889481347023	0.00143702611227712	0.000431107833683136	0.000472705957985894	0.00159963696182427	0.000427326186019249	0.995197307466863
GTACG	0.000507389303375925	0.00288711659949118	0.000343023754394992	0.00052168195980905	0.00249406854758025	0.000228682502929995	0.993018037332419
CTACG	0.000455784140630997	0.00304655715053351	0.000575727335533891	0.000422200046058187	0.0038669686036693	0.000465379596223229	0.991167383127351
TGACG	0.000471257031748623	0.00220414706187939	0.000445282234723109	0.000649369925637867	0.00177370756831372	0.00029314413785938	0.994163092039838
GGACG	0.000564859817811632	0.00315731345926054	0.000733474688800179	0.000923166418662294	0.00224257778414767	0.000421537177471367	0.991957070653846
TCACG	0.000426766363051203	0.00206152842316883	0.000622514570897003	0.000543157189337895	0.00175115288640432	0.000648967031416706	0.993945913535724
GCACG	0.000394731929012263	0.00563826552656706	0.000701449306285306	0.00066677690711531	0.00285913937771045	0.000682779552886077	0.989056857400423
TAACG	0.000417852651088899	0.00143145561660158	0.000401304031243794	0.000484047130469319	0.00145214139140796	0.000343383861785927	0.995469815317403
GAACG	0.000447704250465223	0.00195043329985284	0.000583962065824204	0.000404880365638115	0.00195043329985284	0.000330911837300382	0.994331674881066
CTAAA	0.000430254169595351	0.00231422217222263	0.000351598818853594	0.000481333142387807	0.00301616633820485	0.000449682981332359	0.992956742377403
CTAAC	0.000569635928341451	0.00161509422633834	0.000313712540246017	0.000559879318238106	0.00181397897075268	0.000369250166988134	0.994758448849095
CTAAG	0.000505027054201842	0.00229354511221518	0.000247067718911457	0.000557765407194543	0.00229067889737862	0.000316430117956205	0.993789485692142
CTACA	0.000553084000096511	0.00346559093684634	0.000319693687975249	0.000433372865847434	0.00407992249400052	0.000413885006783631	0.99073445100845
CTACC	0.000863187159742315	0.00271121352956765	0.000516827500492032	0.000546271945797425	0.00305447377352263	0.000557894753154817	0.991750131337723
CTAGA	0.000274485352555031	0.00279269959617916	0.000269952566916507	0.000347009922771406	0.00317949730399983	0.000328878780217312	0.992807476477361
CTAGC	0.000355743125697929	0.00223424036261504	0.000342728133294346	0.00043036241547847	0.00226113801358245	0.000348801796416018	0.994026986152916
CTATA	0.00121937969711821	0.00731767708867152	0.000437391264205307	0.000926075747027441	0.00971213779410249	0.000556298270998861	0.979831040137876
CTATC	0.00115568265475249	0.00655640841797601	0.000533971997658475	0.00136611834574241	0.00848597346728102	0.000659410862320221	0.981242434254269
CTCAA	0.000628194082555554	0.00105439860058492	0.00167278736447415	0.000698792376953056	0.00158682740416608	0.0023447785370726	0.992014221634194
CTCAC	0.000420506330061896	0.000578149397698636	0.00253876484222588	0.000609228672315855	0.000744030345354397	0.00381151730516478	0.991297803107179
CTCAG	0.000338316743646594	0.000783603345657796	0.0018875547448432	0.00048122398224918	0.000982101219316005	0.0028696559641592	0.992657544000128
CTCCA	0.000575423974725703	0.000997750671379311	0.00190124024197379	0.000857591191454153	0.00151495455444379	0.00256692076091503	0.991586118605108
CTCCC	0.000673975542962467	0.000841048205674343	0.00278938706440699	0.00102106978931474	0.00119698561753878	0.00372644678135621	0.989751086998746
CTCGA	0.00138161382382913	0.00277146788915227	0.0255008006767985	0.00156839263102671	0.00328785635611028	0.0335570101107763	0.931932858512307
CTCGC	0.00140668339717342	0.00218927486461498	0.0282756571126668	0.00148923523973055	0.00201756703209616	0.0375511821423854	0.927070400211333
CTCTA	0.000940450027254389	0.0020961576518868	0.00183402944862808	0.000662264301610613	0.00292854489336069	0.00266728466428495	0.988871269012975
CTCTC	0.000706177565968589	0.00211489601568402	0.00262138666693115	0.000642700930825345	0.00277148246044695	0.00339566937268885	0.987747686987455
TTCAG	0.00188400833438746	0.000658433316546814	0.000441541145668004	0.00224231300732481	0.000710642573635936	0.000534921131204548	0.993528140491232
GTCAG	0.00156643158009608	0.000792614379528619	0.000410927217845206	0.00223059857005682	0.000997294772661174	0.000615085467117729	0.993387048012694
TGCAG	0.00249341104209465	0.000579786303905804	0.000999104075690757	0.0032336658781213	0.000599282480705534	0.00146161337761665	0.990633136841865
GGCAG	0.00197981032482414	0.000733223745119955	0.00121295246295556	0.0028100419435138	0.000847225698731073	0.00186155985120267	0.990555185973653
TCCAG	0.00223666619813389	0.000317677825520497	0.000414746049985093	0.00313486243100435	0.000411594484255723	0.000509923335012067	0.992974529676088
GCCAG	0.001745748537765	0.000411104962458755	0.000506229853168527	0.00257209432749597	0.000603422676285034	0.000629478624609885	0.993531921018217
TACAG	0.00446467366909058	0.00126079540353712	0.000715683634078463	0.00524140407576982	0.00137139779154323	0.000841368165903582	0.986104677260077
GACAG	0.00311637308982295	0.00186219739292365	0.000772702968620884	0.00350314361045043	0.00196192803637906	0.000910984953243928	0.987872669948559
TTAAG	0.000320578744461447	0.00119717890704874	0.000619308408806837	0.000377461694418765	0.00126988360467631	0.00077338209445282	0.995442206546135
GTAAG	0.000325025591661485	0.00243211068992756	0.000441246863831349	0.000422204960481484	0.00211168141976431	0.000481957139958646	0.993785773334375
TGAAG	0.000240812984636132	0.000998740167859325	0.000582070332600755	0.00031242316164635	0.000930298582752214	0.000556404738185588	0.99637925003232
GGAAG	0.000260356842024657	0.00158670903846645	0.000560277713964826	0.000364371952931567	0.00129093600837226	0.000453710084998851	0.995483638359241
TCAAG	0.000246188951647188	0.00184117522869182	0.000591431901460793	0.000322829271396387	0.00168247192506023	0.000800023715117809	0.994515879006626
GCAAG	0.000247202868384207	0.00207889302971005	0.000544261777450944	0.000299655577852285	0.00166758069407918	0.000687078560656105	0.994475327491867
TAAAG	0.000222172315402803	0.000884775657139348	0.000613231716091477	0.000252879058182052	0.000862799262797336	0.000774291592433618	0.996389850397953
GAAAG	0.000189695509964763	0.00152796585371328	0.000518993776180649	0.000216521137636547	0.00129036743719176	0.000642720140544391	0.995613736144769
GAAAA	0.000429514111761299	0.0011860410152396	0.000255213895149305	0.000501472916784599	0.00131860512493808	0.000285276684803484	0.996023876251324
GAAAC	0.000408911649936641	0.000915131152398311	0.000209922558256243	0.000500752769173747	0.000845885864084619	0.000242722957983781	0.996876673048167
GAACA	0.000557213375135961	0.00220327903409115	0.00048358991110548	0.000436703389275541	0.00238850016991521	0.000566900673034709	0.993363813447442
GAACC	0.000829681922862493	0.00231547214455767	0.000600564739143143	0.000563072836352704	0.00211551532967533	0.000595704677670309	0.992979988349738
GAAGA	0.000411121465493424	0.0017675932645936	0.000338402209062136	0.000620976642517575	0.00175728659832774	0.000315784802534295	0.994788835017471
GAAGC	0.000364685362971904	0.00198249714849804	0.000343714675900589	0.000568765951787879	0.00165668427863394	0.000336553953485993	0.994747098628722
GAATA	0.00057827101796056	0.00204982584588525	0.000411621315290541	0.00081565196089425	0.00269261755618389	0.000474071824986759	0.992977940478799
GAATC	0.00065560873270832	0.0017907329434719	0.000457300636699026	0.000893470082839685	0.00205351826195416	0.000556996510102605	0.993592372832224
GACAA	0.00172728996536862	0.0010908725674375	0.00234794330885701	0.00227723026464244	0.00126157475697458	0.00296319183367932	0.98833189730304
GACAC	0.000699296787150841	0.000775753235879333	0.00286059005730504	0.000847236907454752	0.000583058121197768	0.00376874348488493	0.990465321406127
GACCA	0.00130896818385977	0.000871305280787747	0.00282355752165627	0.00200968831738716	0.00115331641649426	0.00378388872104791	0.988049275558767
GACCC	0.00228542230780728	0.000719516985119555	0.00321870883198409	0.00338033945907617	0.000870719829818591	0.00453434737723893	0.984990945208955
GACGA	0.00320602678773299	0.00323768008464996	0.0565147006954681	0.00254582945203621	0.00217955558771129	0.060588932198638	0.871727275193763
GACGC	0.00238207875330458	0.00323361625156533	0.0587004313343537	0.00213719215249756	0.00184778071518019	0.0636705162098233	0.868028384583275
GACTA	0.000895385316125912	0.00102817236797888	0.00238126500808962	0.000990339185607367	0.00136051091116398	0.00282710309838927	0.990517224112645
GACTC	0.000731679509620479	0.000819534702801306	0.00293141259078929	0.000839654212690045	0.00109718393926591	0.00390653817006351	0.989673996874769
TTCTC	0.00224114586022708	0.000775974342645025	0.000906737733103075	0.00262578625373166	0.00105853801270246	0.00143218185051952	0.990959635947071
GTCTC	0.00179210965234761	0.000911732770642526	0.00052782413044693	0.00253339502671482	0.00139895504490123	0.000873944904487148	0.99196203847046
TGCTC	0.00370689421438149	0.000692099458735413	0.000587452117895694	0.00512676836168404	0.000885697039288893	0.000792465771995325	0.988208623036019
GGCTC	0.00279368491578409	0.000574135647960008	0.000675603671000898	0.00405872092163558	0.00086375291975511	0.00104629338331611	0.989987808540548
TCCTC	0.00320766532435777	0.000557557874938798	0.000497883724558501	0.00457909233460375	0.000875700182689176	0.00058128374195747	0.989700816816895
GCCTC	0.00275553766415352	0.000533855109436833	0.000464914702702291	0.00422407225786068	0.000839063643774179	0.000654067778466412	0.990528488843606
TACTC	0.00377508149691155	0.000892651409431712	0.000599837037064493	0.00470788677597168	0.00113110361984046	0.000787633596557393	0.988105806064223
TTATC	0.000852284833591386	0.00227108840951116	0.000778754377359973	0.00118066516653395	0.00302017993236869	0.000600359463662168	0.991296667816973
GTATC	0.000568191189325593	0.00385858719137075	0.000514588246936386	0.000771882370404579	0.00483168676089789	0.000329864260856657	0.989125199980208
TGATC	0.000855420330018537	0.00178052661372217	0.000408521279211923	0.00119021589011434	0.00194767190843064	0.00041508589803733	0.993402558080465
GGATC	0.00101712141287982	0.0019627694291789	0.000649543944750279	0.00147345156027996	0.00184181445034994	0.000666823227440129	0.992388475975121
TCATC	0.000885318859505005	0.00335782715511297	0.000673353094104287	0.00126413317919705	0.00349573259284356	0.00081764304284092	0.989505992076396
GCATC	0.00072580163675822	0.00394838967707222	0.000851683982082986	0.000973969688969901	0.00371460817861194	0.00100418145184784	0.988781365384657
TAATC	0.000467524703656188	0.00148177228481196	0.000391307106247757	0.000580360811551352	0.00192800715678982	0.000495201484838021	0.994655826452105
GCAAA	0.000548388423520379	0.00155703141678108	0.000244163417138836	0.000783412033600542	0.00157694313930176	0.000315649765204885	0.994974411804453
GCAAC	0.000604759296516401	0.00154041211163114	0.000299727195203304	0.000775179405293501	0.00133882567945901	0.000365375408311992	0.995075720903585
GCACA	0.000753440621832433	0.00309597243527548	0.000381237341023125	0.000828423321607123	0.0023298841291437	0.000496421608749307	0.992114620542369
GCACC	0.000988131694645856	0.00411054204957961	0.000443300760260804	0.00083655143468571	0.00232589898891677	0.00056771097362432	0.990727864098287
GCAGA	0.000476234114335199	0.00267522857581342	0.00033343748654381	0.000680860209830076	0.00216587153235135	0.000381649750050696	0.993286718331075
GCAGC	0.00046670111240078	0.00214040600365995	0.00040356229223382	0.000660326827579458	0.00174999763229424	0.000458282603045185	0.994120723528787
GCATA	0.000788865792380993	0.00509293216423748	0.000622083981337481	0.00108042961533662	0.00588666749854675	0.000950169368755193	0.985578851579406
GCCAA	0.000694492510705006	0.000447094168507734	0.00170092206157179	0.000807669068005081	0.000762772582464555	0.00228177034325234	0.993305279265494
GCCAC	0.00044140525719919	0.000254638365385356	0.00187296385579285	0.000592070301368597	0.000379791437219368	0.00280535424095625	0.993653776542078
GCCCA	0.000658315609742164	0.000575346080415156	0.00222340203180136	0.000878207531729044	0.00090994451016014	0.00313924055224156	0.991615543683911
GCCCC	0.000977680150412331	0.000627710865801672	0.00312217278802658	0.00131573558703624	0.000930024758465347	0.00438652990561999	0.988640145944638
GCCGA	0.00218923617199281	0.00176591704949076	0.0326181160545656	0.00216168285632699	0.00204395505302761	0.0414627303832917	0.917758362431305
GCCGC	0.00224885672646867	0.00126472017019281	0.0358141950181751	0.00216510042380689	0.00146154748144798	0.0427492168785701	0.914296363301338
GCCTA	0.000649196078855684	0.000721328976506315	0.00260479908182836	0.000627556209560494	0.00103791224952853	0.00358500501323639	0.990774202390484
TTCGC	0.0421204272146615	0.00192714072420422	0.0018317377180555	0.0489989839579845	0.00130225103393008	0.00203685418127525	0.901782605169889
GTCGC	0.0267344698327105	0.00174627281673237	0.00184297196293579	0.0361654806800794	0.00185434833307736	0.0018884774435021	0.929767978930963
TGCGC	0.0504602022297122	0.00222809178117708	0.00366622374902774	0.0541871921182266	0.00155561317085818	0.00430224267565465	0.883600434275344
GGCGC	0.0367250495620653	0.00158195562967124	0.00239056670789492	0.0437909501054217	0.00138798973240263	0.00294475498580522	0.911178733276739
TCCGC	0.0469856084765254	0.00118943225849519	0.00166581201508637	0.0563432847142783	0.00101951336442445	0.00133204275887599	0.891464306412314
TACGC	0.0717291084994481	0.00251282384260762	0.00268164404908772	0.0701642750470749	0.0020648009869489	0.00272709564314006	0.848120251931693
TTAGC	0.00039057935577127	0.00151363024577287	0.000322417307534178	0.000443594282177896	0.00160451297675566	0.000455495592187547	0.995269770239801
GTAGC	0.00035960376756549	0.00202555573500385	0.000229128064289516	0.000444731208117498	0.00206374374571877	0.00030073058437999	0.994576506894925
TGAGC	0.00027387007262433	0.00119421979739303	0.000321817652104553	0.000372203244100721	0.00125070042067906	0.000402678400550016	0.996184510412548
GGAGC	0.000387894153066075	0.00156615433370306	0.000517826018063698	0.000481698621454603	0.00143558865472984	0.000549516716843606	0.995061321502139
TCAGC	0.000377077533682066	0.00245215828791409	0.000401703005269466	0.000492509431748004	0.00210239963677429	0.000597937231981562	0.99357621487263
TAAGC	0.000400174910888203	0.00129858083665708	0.000364397683755814	0.000394212039699471	0.00123895212476977	0.000584361376495687	0.995719321027734
GGAAA	0.000543693003113591	0.0020955037123582	0.00028181582764251	0.000564604272464113	0.00213781255964879	0.000384426940036935	0.993992143684736
GGAAC	0.000421902762073978	0.00139880471652399	0.000343724761750929	0.000389597803262801	0.00117783879825553	0.000511064448392828	0.99575706670974
GGACA	0.000527153032525342	0.00241663488243971	0.000573666535395225	0.000421205609321719	0.00230965382583897	0.000782460481611145	0.992969225632868
GGACC	0.000706192974148622	0.00238199197666386	0.000659045112304157	0.000478653293073159	0.00206118152541782	0.00082713748931486	0.992885797629077
GGAGA	0.000364362107853705	0.00147226246175143	0.00033473404718048	0.000486971848299286	0.00141458230107909	0.000409119390998365	0.995517967842838
GGATA	0.000566193617803097	0.00239086212735093	0.00103331836292591	0.000707291709196233	0.00290602026528843	0.00150404561250982	0.990892268304926
GGCAA	0.00170950352640796	0.000693650402073353	0.00196886030284242	0.00239940193171553	0.000847951269066006	0.00261514174574782	0.989765490822147
GGCAC	0.000791016395612564	0.000473464359079443	0.00241823194153479	0.00124793495719729	0.000523101751563578	0.00338043370353495	0.991165816891477
GGCCA	0.000922064771517384	0.000562600823234266	0.00260986724122018	0.00143211496840559	0.000771036921010226	0.00382471407380846	0.989877601200804
GGCCC	0.0012163103423506	0.000682005467343238	0.00351979389714066	0.00187168127664967	0.000874096948086067	0.0049717795015791	0.986864332566851
GGCGA	0.00339695945381172	0.00231367710830483	0.0410543948162934	0.00359422383154291	0.0014009114282944	0.0468218702669087	0.901417963094844
GGCTA	0.000790201228711151	0.000694272869941849	0.00260662885663058	0.00119254822988023	0.000959283587693013	0.00342581563259577	0.990331249594547
TTCCC	0.00349696407844931	0.000668928858137729	0.000618865711111498	0.00386977474779358	0.000946584042354132	0.000981379704826265	0.989417502857327
GTCCC	0.00289023720737149	0.000763324534688899	0.000974805305959984	0.00392414320025235	0.00113786623734409	0.00151383205293713	0.988795791461446
TGCCC	0.00402367098970105	0.000570351106438583	0.00104942711872903	0.00570351106438583	0.000739659312164132	0.00168362349827641	0.986229756910305
TCCCC	0.00344440980239183	0.000565607338240372	0.000755260603221902	0.00465368882784225	0.000885048569913808	0.00106943368864585	0.988626551169744
TACCC	0.00416425443782157	0.00079420086595618	0.00189988502841674	0.00557489868638851	0.00094423470511012	0.00281802689193487	0.983804499384372
TTACC	0.000510413816283513	0.00188671936986072	0.000564141586418619	0.000479176740623567	0.00215598296204945	0.000436069576212842	0.993967495948551
GTACC	0.000486295067339598	0.00254301090260157	0.000679251596352787	0.000592253854947997	0.00257870228369071	0.000403758748570951	0.992716727546496
TGACC	0.000669814383339292	0.00188029401387884	0.000713842497932146	0.000809530266980616	0.00176816908204903	0.000447325644263401	0.993711024111557
TCACC	0.000491548933249442	0.00261012483555454	0.000805693387862495	0.000612648715895441	0.00204618415031745	0.000664037922553338	0.992769762054567
TAACC	0.00064503115093959	0.00166971797335968	0.000734767946016798	0.0006082160555233	0.00171496986147553	0.000486266051956837	0.994141030960728
GTAAA	0.00035990833673109	0.00168901865111598	0.000377620361176518	0.000409147764689379	0.0021328819837184	0.000467951685848199	0.99456347121672
GTAAC	0.000356095219023696	0.00140678558291949	0.000364473930059547	0.000356933090127281	0.00162714568316239	0.0005027226621511	0.995385843832556
GTACA	0.000447899570266986	0.00285653432226217	0.000410940025307892	0.000337647368355112	0.00290476966059862	0.000538105917285791	0.992504103135923
GTAGA	0.000210750965685538	0.00222083316881768	0.000272284094352848	0.000289718480808586	0.00249978335210948	0.000382018173809552	0.994124611764416
GTATA	0.000326729916527609	0.00675099771004945	0.000580063982241045	0.000375976164815828	0.00678935296112009	0.000776101932157611	0.984400777333088
GTCAA	0.000760016281909635	0.000895505029947084	0.00144908995755074	0.000987963016805257	0.00123219166133628	0.00196778507879281	0.992707448973658
GTCAC	0.000435141431037806	0.000457301411322138	0.00171437665654247	0.000655398204772991	0.000581531603825215	0.00253026683973835	0.993625983852761
GTCCA	0.00074976670205744	0.000700897979512625	0.00211876036786768	0.00111862514208748	0.00106774811587644	0.00269782125829597	0.991546380434302
GTCGA	0.00231741812357291	0.00274000613434209	0.0263913028661009	0.00235149780186075	0.0028217973622329	0.0355928160038169	0.927785161708073
GTCTA	0.000592857069026873	0.00107496873288061	0.00179038405029909	0.000862337554948179	0.00160654667771168	0.0022422253034055	0.991830680611728
TTCAC	0.00197054167677434	0.000437817208037479	0.000437817208037479	0.00246481617869353	0.000536162171573352	0.000609010292711036	0.993543835264173
TGCAC	0.00310558123673841	0.000389322521976356	0.000857740982115793	0.00431996438314641	0.000477891027584116	0.0013299484692331	0.989519551379206
TCCAC	0.00270885516704295	0.000222305840419039	0.000420743053761508	0.0038437849839191	0.000309356127404179	0.00049702905794741	0.991997925769506
TACAC	0.00614858584283861	0.000553261370283066	0.000784763744501086	0.0058145191256126	0.000551503124402929	0.00100688880735838	0.985140477985003
TTAAC	0.000424759101600635	0.000906604278359443	0.000488134320632165	0.000453302139179722	0.0010706057993647	0.000562152706218609	0.996094441654645
TGAAC	0.000343212759994596	0.000877487909947967	0.000441148630362481	0.000410980884579516	0.000970177215831858	0.000401362183025528	0.996555630416258
TCAAC	0.000368898374500609	0.00125349048258565	0.000578450113861902	0.000417466355758826	0.0012802301576604	0.000756896516911753	0.995344567998721
TAAAC	0.000331157176623419	0.000614378453132471	0.000505324280372286	0.000338347561640574	0.000696668414995468	0.000603193409772452	0.996910930703463
TAAAA	0.0005999890982373	0.000797501849312803	0.000574237932147377	0.000732797142640153	0.00101266133857176	0.00046548173830567	0.995817330900785
TAACA	0.000564079179338401	0.00185919923018093	0.000490472411824478	0.000471801426894118	0.0020028221911837	0.000561565777520852	0.994050059783057
TAAGA	0.000430787928238149	0.00140897607985838	0.000393343613283674	0.000628351266188426	0.00155162108920876	0.000377296049731756	0.995209623973491
TAATA	0.000475831312737599	0.00193875949764362	0.000489245706128606	0.000595548446208282	0.00259986130023437	0.000533538514495138	0.993367215222552
TACAA	0.001692126461176	0.000933181353542194	0.00335627337921342	0.00206190155970056	0.00111091504234291	0.00400075671946216	0.986844845484563
TACCA	0.001225384985515	0.000870996659765245	0.00321145702517455	0.00176046144354844	0.00111058313351156	0.00418727276720381	0.987633843985281
TACGA	0.00323722015875809	0.00306123394125765	0.0592425182701481	0.00280651704750702	0.0022785583950057	0.0598167890851495	0.869557163102174
TACTA	0.000887745177745976	0.0011372025826416	0.00321062789539756	0.000974600792405991	0.00143160271837875	0.0037241869658001	0.98863403386763
TTCTA	0.00186382161603557	0.00095897043971472	0.00080033513854961	0.00203276534832332	0.00138562495006854	0.00111903746742464	0.991839445039884
TGCTA	0.00378770364017692	0.00080309830458647	0.000605974175278882	0.0051383689706178	0.00106301011952536	0.000823540806885035	0.98777830398293
TCCTA	0.0029101736915704	0.00065611710757162	0.000540782152848965	0.00408505881125554	0.0010763000546525	0.000602996028840439	0.990128572153261
TTATA	0.000916263779141604	0.00305138162677587	0.000502052372628173	0.00111475524400862	0.00395551267579113	0.000516126339574733	0.98994390796208
TGATA	0.000836403159692839	0.00230984116597825	0.00044238531013373	0.0011391913275177	0.00286665680966657	0.000496651241510134	0.991908870985501
TCATA	0.000720558778737371	0.00395539141974277	0.000646428797769187	0.00107238811846201	0.00478580084385268	0.000883414280967992	0.987936017760468
TCAAA	0.000577963300243489	0.00144262561514173	0.000265013977718282	0.00078636791838026	0.00150380024565723	0.000356091132851439	0.995068137810008
TCACA	0.000648423037041672	0.00179429207177542	0.000567175599371064	0.000652781137146609	0.00176845476401044	0.000546318977440295	0.994022554413215
TCAGA	0.000387780864712871	0.00194915968527577	0.000314390932465559	0.000632627625572898	0.00208824802848683	0.000388742304873316	0.994239050558613
TCCAA	0.000711000322477572	0.000402912481653092	0.00199057952245278	0.000740886687874917	0.000635730957773148	0.00271486267399584	0.992804027353773
TCCCA	0.000542098876890854	0.000514725313970929	0.00238175580172433	0.000759808241796054	0.000837579859811542	0.003296083968788	0.991667947937018
TCCGA	0.00243134064312271	0.00148529370027341	0.0454717463080518	0.00151840534327313	0.00151840534327313	0.0529029450441331	0.894671863617873
TTCGA	0.0355196526110164	0.00213696482562118	0.00200632068781028	0.0432432096154085	0.00203431586019833	0.00204675815903746	0.913012778240908
TGCGA	0.0436015537825208	0.00359081489684797	0.00487025244771086	0.0500574698178584	0.00249595194348661	0.00513872458953126	0.890245232522044
TTAGA	0.00034018223566115	0.00161877235844931	0.000369812220906167	0.000386690060602696	0.00181530542513778	0.000492457856034278	0.994976779843209
TGAGA	0.000413840436764659	0.0013719196198939	0.000344161950718895	0.000351627502795227	0.00127188122207106	0.000467592411714248	0.995778976856042
TGAAA	0.000541710252273717	0.00115451159177543	0.000280723565469047	0.000561830371300509	0.00128634627644622	0.000354305715052743	0.995820572227682
TGACA	0.000516002280797828	0.00201959754833052	0.000571704934013056	0.000388413095392675	0.00207078377020397	0.000766287850987875	0.993667210520274
TGCAA	0.00141098536605648	0.000654860841232962	0.00236561353553433	0.00206215779497323	0.000730976259031161	0.00308049490445838	0.989694911298713
TGCCA	0.000947475979184229	0.000523595463448217	0.00323282483616025	0.00154171819525511	0.000727808732748118	0.00452323192703368	0.98850334486617
TTCCA	0.00219076195082945	0.000713086112448848	0.000601052478996349	0.0024819963012972	0.000982550894331045	0.000905826439194144	0.992124725822903
TTACA	0.000368447642109297	0.00170258232728835	0.000452647654884472	0.000446550412580063	0.00206725548606635	0.000403289026705921	0.994559227450366
TTAAA	0.000497190278042612	0.00114279556445615	0.00374683367872087	0.000593014750838625	0.00147753593659711	0.002680504107708	0.989862125683637
TTCAA	0.000760313441104089	0.000753492301613248	0.00160930169558911	0.000931572764749131	0.00098297492305511	0.00185583716575807	0.993106507708131
