Context	s1	s2	s3	p1	p2	p3	same	alpha	likelihood_0	likelihood_1	likelihood_2	Chi_stat_0v1	p_0v1	Chi_stat_1v2	p_1v2	Chi_stat_0v2	p_0v2
AAAAA	15282	18485	10000	13912	22852	9107	14762916	1.04807274887472	-1566.76819613576	-568.287972271442	-34.1924344301224	NA	NA	1068.19107568264	1.10982654050615e-232	NA	NA
AAAAC	3055	3575	1592	3625	4450	2128	4761835	1.24093894429579	-44.5065429508686	-38.8781040757895	-29.4309883415699	NA	NA	18.8942314684391	7.8916854515913e-05	NA	NA
AAAAG	2840	7239	1517	3781	7626	1919	5747685	1.14918937564677	-190.486389294267	-107.21755553782	-29.9615949243307	NA	NA	154.511921226978	2.80648426374122e-34	NA	NA
AAAAT	5521	6167	6338	8412	8598	7324	9357904	1.34993897703317	-220.157631605864	-188.972640067339	-32.0580516755581	NA	NA	313.829176783562	7.12623485990348e-69	NA	NA
AAACA	4841	10218	2734	4517	13267	3517	5378835	1.19715618501658	-287.153057396412	-235.490794435143	-31.362267434597	NA	NA	408.257054001093	2.22898489081902e-89	NA	NA
AAACC	4071	4926	1918	2834	6152	2179	2720510	1.0229042601924	-703.08977406472	-395.846764087677	-29.8765330687165	NA	NA	731.940462037921	1.15119296676712e-159	NA	NA
AAACG	332	777	195	303	868	259	468715	1.09662576687117	-51.8942473120987	-33.4459638148546	-23.3973653065041	NA	NA	20.0971970167011	4.32463159591123e-05	NA	NA
AAACT	3800	6344	3011	3250	8150	3868	3982655	1.16062333713417	-337.326865211129	-258.730687327683	-30.6905581653118	NA	NA	456.080258324742	9.19242832488723e-100	NA	NA
AAAGA	2216	11155	2327	3471	13277	2539	6043819	1.22862785068162	-168.628018528223	-150.564793735743	-30.6413639783859	NA	NA	239.846859514713	8.27782432615832e-53	NA	NA
AAAGC	1005	3846	1160	1564	4477	1311	2824105	1.22309099983364	-88.2271267548203	-79.8028436824679	-28.093564234674	NA	NA	103.418558895588	3.49096321533896e-23	NA	NA
AAAGG	1477	5726	1572	2302	6141	1779	3435048	1.16490028490028	-189.007319241762	-140.20349162817	-29.140458188951	NA	NA	222.126066878438	5.83361057041714e-49	NA	NA
AAAGT	2267	5532	2798	3465	6864	3205	4031870	1.27715391148438	-105.579551577568	-105.454491265118	-30.1798705980182	NA	NA	150.5492413342	2.03538990836499e-33	NA	NA
AAATA	3656	14020	4163	5395	21106	5348	7825983	1.45835432025276	-338.526750788093	-87.9156264215708	-32.120983928442	NA	NA	111.589284986258	5.87076431132423e-25	NA	NA
AAATC	1697	6096	1651	2125	8311	2151	3380768	1.33280389665396	-45.4755214005709	-36.3707423731685	-29.4714308306575	NA	NA	13.798623085022	0.00100847948536118	NA	NA
AAATG	2279	10843	2355	3057	15161	3430	5504517	1.39872068230277	-114.915385454893	-36.2872548997402	-30.7999317198992	NA	NA	10.9746463596821	0.00413890847271606	NA	NA
AAATT	3189	10461	10298	4286	14547	9528	6519857	1.18427426089861	-651.25955055654	-558.912562668324	-32.3461199402809	NA	NA	1053.13288545609	2.06585372596638e-229	NA	NA
AACAA	15381	5088	12104	12714	6661	15821	4468862	1.08052681668867	-1461.17493098974	-917.524763301015	-33.2563572824001	NA	NA	1768.53681203723	0	NA	NA
AACAC	2434	1427	7701	2701	1580	10460	2368121	1.27495243037537	-94.3199896737933	-94.053263258189	-29.7741020582616	NA	NA	128.558322399855	1.21315136023683e-28	NA	NA
AACAG	2929	5281	11090	3832	7125	13399	3033450	1.2619689119171	-65.8702682480216	-62.6573380753398	-31.7533424571157	NA	NA	61.8079912364483	3.78935448380572e-14	NA	NA
AACAT	3998	2079	14846	4074	2456	20982	3773032	1.31491659895808	-252.017749704421	-243.662035100162	-31.3117621913552	NA	NA	424.700545817614	5.99029547908498e-93	NA	NA
AACCA	6128	2466	7371	7632	3693	10728	2584587	1.38133416849358	-158.576341129839	-99.9534401968122	-31.4420285224915	NA	NA	137.022823348641	1.76145666182286e-30	NA	NA
AACCC	6001	1525	6574	8088	2138	9575	1854144	1.40432624113475	-122.176066569984	-44.0535374060273	-30.8312022611499	NA	NA	26.4446702897549	1.80972592848663e-06	NA	NA
AACCG	391	194	661	564	290	939	224890	1.43900481540931	-35.419779852964	-24.0857311906293	-23.7982475296594	NA	NA	0.574967321939766	0.750148823375068	NA	NA
AACCT	6890	2376	8556	10563	3225	12432	2336341	1.47121535181237	-285.622393455356	-52.2878547236323	-31.7229998707771	NA	NA	41.1297097057104	1.17164762430503e-09	NA	NA
AACGA	1293	1110	18853	1153	839	21533	286096	1.10674633044787	-386.444069609046	-138.399468294345	-29.3317100871354	NA	NA	218.135516414419	4.29016955944402e-48	NA	NA
AACGC	650	548	13544	664	354	15108	186071	1.09388142721476	-288.988936328329	-91.0310817323625	-27.5812928280793	NA	NA	126.899577808566	2.78039693407099e-28	NA	NA
AACGG	892	860	16890	819	467	18214	222012	1.04602510460251	-568.034462522715	-170.469954160042	-28.4094574558549	NA	NA	284.120993408374	2.01330784100021e-62	NA	NA
AACGT	1608	1007	18044	1614	788	21822	385377	1.17256401568324	-229.037188730203	-134.492494962178	-29.5311921676621	NA	NA	209.922605589032	2.60546583649861e-46	NA	NA
AACTA	2657	3172	5999	3024	4425	7644	2406351	1.27603990530944	-68.344879373908	-68.1436356604099	-30.5069254375994	NA	NA	75.273420445621	4.51423780239749e-17	NA	NA
AACTC	1657	2166	7118	2350	2998	10738	2330841	1.47024952015355	-183.019757140428	-40.6567926704884	-30.0146378204226	NA	NA	21.2843097001314	2.38875095151617e-05	NA	NA
AACTG	2612	3078	9852	3638	4124	9228	2580730	1.09316690258654	-552.881429672241	-325.40768583864	-30.8820384964347	NA	NA	589.05129468441	1.22782530647304e-128	NA	NA
AACTT	3517	3485	10122	5046	4605	12920	3071774	1.3180915673908	-64.1299956738949	-55.8859363421798	-31.4932254180312	NA	NA	48.7854218482971	2.54906110890861e-11	NA	NA
TTCTT	18115	5175	9924	14949	6968	16064	6008432	1.14352381525863	-2136.11861918867	-1877.6345923692	-33.3601036369801	NA	NA	3688.54897746444	0	NA	NA
GTCTT	4919	2176	1996	6560	3511	3324	2535972	1.47343526564734	-224.059393644333	-101.629386983812	-29.9325412362814	NA	NA	143.393691495061	7.28543557320394e-32	NA	NA
CTCTT	9559	5383	2295	13116	7574	3160	3475171	1.38365144746766	-99.4145218357444	-33.0471384972334	-31.4914184585214	NA	NA	3.11144007742405	0.211037372842938	NA	NA
ATCTT	6688	2874	4522	8184	4602	7775	3270308	1.45988355580801	-448.330196306109	-284.274971798062	-31.3040066435933	NA	NA	505.941930308938	1.3680619111652e-110	NA	NA
TGCTT	13324	2172	1957	18214	2818	3157	3236016	1.38595083939724	-143.627821676433	-73.4134362637997	-30.7928857579827	NA	NA	85.2411010116339	3.0912213170934e-19	NA	NA
GGCTT	6376	1351	1523	9211	1735	2250	1970713	1.42659459459459	-112.933499604464	-41.3254146277905	-29.3096599765122	NA	NA	24.0315093025565	6.04817096612394e-06	NA	NA
CGCTT	1089	219	212	1670	280	320	341871	1.49342105263158	-52.787864934653	-27.9506327225827	-23.7907580486499	NA	NA	8.31974934786558	0.0156095140764118	NA	NA
AGCTT	7394	2410	2254	10217	3519	3697	2451601	1.44576214961022	-188.818176746368	-69.5458276867867	-30.5224322602153	NA	NA	78.0467908531427	1.1281184476302e-17	NA	NA
TCCTT	12668	2044	2793	16817	3315	3715	3674348	1.36229648671808	-127.519060261548	-85.3752208352089	-31.0385963916779	NA	NA	108.673248887062	2.52292208760022e-24	NA	NA
GCCTT	5832	1111	1359	8634	2018	1774	2027321	1.4967477716213	-222.342750366777	-82.4136591851711	-29.0352700352669	NA	NA	106.756778299809	6.57748913411404e-24	NA	NA
CCCTT	7817	2126	1746	11283	3647	2323	2252655	1.47600307981863	-246.451150845736	-85.2092724330723	-30.1946437358856	NA	NA	110.029257394373	1.28070862070311e-24	NA	NA
ACCTT	7454	2043	3014	11319	3329	4478	2118873	1.52873471345216	-315.284896470606	-39.4383904673159	-30.7070020325482	NA	NA	17.4627768695354	0.000161438154201044	NA	NA
TACTT	11223	2853	2341	12918	3824	3217	2727737	1.21575196442712	-120.360593900084	-91.4170595407486	-30.9230409041047	NA	NA	120.988037273288	5.34295501864627e-27	NA	NA
GACTT	6071	1994	1628	8258	2746	2492	2078111	1.39234499123079	-86.9549886845052	-43.0101917646825	-29.7392449788749	NA	NA	26.5418935716152	1.72385622424928e-06	NA	NA
CACTT	10446	3380	2128	13973	4957	3303	3023161	1.39356901090636	-141.728485018015	-67.8562412559986	-31.1067587286234	NA	NA	73.4989650547504	1.09623212669414e-16	NA	NA
TTATT	10202	12532	5305	8030	17261	4424	6363660	1.05977388637255	-1682.59479163587	-1108.13659533858	-32.701542943716	NA	NA	2150.87010478973	0	NA	NA
GTATT	1614	7955	910	1936	10906	794	2741876	1.30126920507682	-124.249249517918	-122.848531223834	-28.8715634569526	NA	NA	187.953935533762	1.53575335533021e-41	NA	NA
CTATT	1691	15803	2078	2087	24265	2724	2846255	1.48559166155733	-400.306938752532	-104.219189077616	-30.700486779213	NA	NA	147.037404596806	1.17823867776114e-32	NA	NA
ATATT	4852	13748	2001	3885	18441	1743	5376897	1.16834134265327	-705.717849716544	-598.012185543776	-31.0935182720423	NA	NA	1133.83733454347	6.17093704659969e-247	NA	NA
TGATT	2935	5269	1417	3911	6407	1602	3383574	1.23895644943353	-55.0195431113243	-47.7989792078733	-29.6236768513918	NA	NA	36.3506047129631	1.27810484057683e-08	NA	NA
GGATT	2164	4230	909	3024	4586	1039	2401470	1.18430781870464	-115.095786776394	-86.93182714656	-28.6271613053977	NA	NA	116.609331682324	4.77095539206948e-26	NA	NA
CGATT	202	483	121	299	643	152	322338	1.35732009925558	-25.6430807216093	-23.9304162878543	-22.2501948229037	NA	NA	3.36044292990118	0.186332705306194	NA	NA
AGATT	3423	6240	1357	4455	7534	1400	3124945	1.21497277676951	-80.0240556523204	-60.0746281072497	-29.8415447622538	NA	NA	60.466166689992	7.41205669088065e-14	NA	NA
TCATT	3445	12630	2783	4928	15593	3761	4105978	1.28762328985046	-76.2951367720962	-76.1154397875071	-31.4632605388761	NA	NA	89.304358497262	4.0532645220177e-20	NA	NA
GCATT	1758	8596	1477	2487	9862	2157	2391783	1.22610092130843	-122.329614311457	-107.446538995951	-29.7686011604965	NA	NA	155.35587567091	1.84034918181636e-34	NA	NA
CCATT	2361	12627	1738	3308	16058	2300	3001131	1.2953485591295	-44.8320649638772	-43.7934297248721	-30.6072566658258	NA	NA	26.3723461180925	1.87636707218189e-06	NA	NA
ACATT	3917	15298	2684	5389	20119	3527	3844511	1.32585962829353	-51.8269478529692	-36.1877956241369	-31.7438315451145	NA	NA	8.88792815804482	0.011749271045205	NA	NA
TAATT	3633	6585	2326	4287	9506	3273	4745119	1.36049107142857	-123.396625518799	-94.4580730944872	-30.6900220215321	NA	NA	127.53610214591	2.0224942579843e-28	NA	NA
GAATT	1846	5345	1339	2405	6613	1749	3157137	1.26225087924971	-34.1128767579794	-32.7250288054347	-29.1874367371202	NA	NA	7.0751841366291	0.0290832733709245	NA	NA
CAATT	2055	18264	1450	2713	29005	1704	2943321	1.53530249437273	-650.436241686344	-146.279211267829	-30.6754297986627	NA	NA	231.207562938333	6.2217939000033e-51	NA	NA
ACAAA	4457	9034	1824	5462	11648	2528	5411903	1.2822722820764	-44.2369897514582	-44.2360888570547	-30.9222476482391	NA	NA	26.6276824176311	1.65147586069636e-06	NA	NA
ACAAC	1697	2756	820	1937	3261	1085	1878080	1.19154181680258	-52.9407070912421	-35.5163534507155	-27.8686291016638	NA	NA	15.2954486981034	0.000477128672849466	NA	NA
ACAAG	1734	5326	770	1959	5497	1078	2354607	1.08991060025543	-188.207219075412	-69.1376187987626	-28.4404464513063	NA	NA	81.3943446949124	2.11564414505024e-18	NA	NA
ACAAT	2566	5936	1688	3411	7447	2333	3055170	1.29450441609421	-40.2336613610387	-39.6806060373783	-29.8977023288608	NA	NA	19.5658074170351	5.64077663038314e-05	NA	NA
ACACA	3145	9767	2323	3566	11011	2833	4243980	1.14276337381031	-157.884683452547	-37.7116713523865	-30.7228760868311	NA	NA	13.9775905311108	0.000922156816816269	NA	NA
ACACC	2547	6300	1208	1618	5057	1349	1789364	0.79801093983093	-1201.43649180979	-142.784203339368	-28.9149951525033	NA	NA	227.73841637373	3.52558529225622e-50	NA	NA
ACACG	332	1556	263	308	1225	322	448224	0.862389586238959	-214.57423429098	-47.8796066567302	-24.1816561892629	NA	NA	47.3959009349346	5.10635353456282e-11	NA	NA
ACACT	2516	7194	2011	2795	9130	2553	2320829	1.23521883798311	-61.0275845639408	-50.68031982705	-30.1170504279435	NA	NA	41.126538798213	1.17350669076566e-09	NA	NA
ACAGA	1523	8729	1471	2551	9946	1903	3898814	1.22835451676192	-185.516751877964	-171.896612852812	-29.6589452475309	NA	NA	284.475335210562	1.68642037349625e-62	NA	NA
ACAGC	914	4446	1149	1256	4830	1382	2083603	1.14733445997849	-104.188543356955	-56.1806049346924	-28.0675217211246	NA	NA	56.2261664271355	6.17508714740701e-13	NA	NA
ACAGG	1442	7868	1423	2050	8446	1785	2846252	1.14422808161744	-182.071770653129	-99.2263505831361	-29.3393712863326	NA	NA	139.773958593607	4.4511326238749e-31	NA	NA
ACAGT	1907	7779	2173	3011	9335	2800	2508292	1.2771734547601	-112.078540228307	-111.939947381616	-30.1510669291019	NA	NA	163.577760905027	3.01675845385151e-36	NA	NA
ACATA	2546	18863	2797	3809	25365	4348	3273925	1.38486325704371	-176.941103957593	-81.8187548145652	-31.6986318901181	NA	NA	100.240245848894	1.71043738998067e-22	NA	NA
ACATC	1629	7814	2127	2053	9339	3086	1948023	1.25133967156439	-76.5725974924862	-72.144696880132	-29.9199195727706	NA	NA	84.4495546147227	4.59210929323444e-19	NA	NA
ACATG	2679	17781	2742	3694	22632	4513	3033709	1.32915265925351	-170.866513833404	-151.737935371697	-31.6308288127184	NA	NA	240.214213117957	6.88884453834426e-53	NA	NA
ACCAA	4673	2398	4797	6325	4035	7005	2424725	1.46317829457364	-231.370944231749	-88.1648894399405	-30.8163044378161	NA	NA	114.697170004249	1.24115490694918e-25	NA	NA
ACCAC	2151	1389	5360	3188	2236	8325	2149612	1.54483146067416	-256.868607770652	-34.4291392378509	-29.6602572612464	NA	NA	9.53776395320892	0.00848986672548809	NA	NA
ACCAG	2585	1916	4986	4003	3258	7659	2172400	1.57267840202382	-330.658228687942	-42.4362175874412	-30.1367796510458	NA	NA	24.5988758727908	4.55430355210137e-06	NA	NA
ACCAT	2850	1650	6834	4234	2610	10399	2573364	1.52135168519499	-269.504453085363	-33.501540414989	-30.33863247931	NA	NA	6.32581587135792	0.0423025489585109	NA	NA
ACCCA	3548	2343	6793	5140	3909	10389	2453475	1.53248186691895	-341.208961859345	-52.9336834102869	-30.9179057329893	NA	NA	44.0315553545952	2.74580214491408e-10	NA	NA
ACCCC	2804	1426	5737	4111	2299	8551	1536291	1.50105347647236	-211.168007999659	-37.082080963999	-29.9915408119559	NA	NA	14.1810803040862	0.000832947325872829	NA	NA
ACCCG	455	329	973	605	539	1596	361557	1.55947638019351	-84.4467729255557	-35.7025523642078	-24.9417868033051	NA	NA	21.5215311218053	2.12157747521578e-05	NA	NA
ACCCT	3213	2774	6388	4677	4556	9320	1811615	1.49923232323232	-267.366961698979	-54.8173714093864	-30.8951377160847	NA	NA	47.8444673866034	4.08042981480257e-11	NA	NA
ACCGA	880	502	9163	787	678	11660	195735	1.24466571834993	-86.6103995409794	-80.9819520958699	-27.7934311362915	NA	NA	106.377041919157	7.9527777668879e-24	NA	NA
ACCGC	691	496	12267	795	678	15335	234568	1.24929389029285	-38.902484969236	-33.3919919347391	-27.9508716352284	NA	NA	10.8822405990213	0.00433462447191733	NA	NA
ACCGG	727	521	9639	660	528	11867	172413	1.19913658491779	-95.7968732090667	-67.6243433589116	-27.5297408518381	NA	NA	80.1892050141469	3.86487433071781e-18	NA	NA
ACCGT	1152	654	11110	1011	799	14266	280632	1.2446577887891	-112.00972273713	-105.05378653761	-28.4727006251924	NA	NA	153.162171824835	5.51133703263828e-34	NA	NA
ACCTA	1954	1876	4676	2400	3116	6950	1629540	1.4655537267811	-198.736665699631	-93.4844652339816	-29.6267934776843	NA	NA	127.715343512595	1.84912184411153e-28	NA	NA
ACCTC	1760	1879	7973	2672	3172	12562	2316439	1.58508439545298	-421.304579459131	-39.1112975887954	-30.2006157115102	NA	NA	17.8213637545705	0.000134939790233201	NA	NA
ACCTG	2407	2535	6170	3157	4252	9203	2417215	1.49496040316775	-269.970971371979	-85.8395705707371	-30.4537384361029	NA	NA	110.771664269269	8.83565456031964e-25	NA	NA
TTCGT	11937	981	825	14933	646	799	312360	1.19173397365932	-247.085456580389	-203.981854980346	-28.34645473212	NA	NA	351.270800496452	5.27855249952598e-77	NA	NA
GTCGT	4424	605	428	6179	428	438	157500	1.29100238226132	-153.517959994264	-153.376380471513	-26.3408911114093	NA	NA	254.070978720207	6.74820030304332e-56	NA	NA
CTCGT	8860	1060	596	12920	822	657	319275	1.36924686192469	-260.654353756458	-231.797429154161	-28.0322847580537	NA	NA	407.530288792215	3.20569488723685e-89	NA	NA
ATCGT	8272	856	845	11333	851	1006	283147	1.32257094154216	-85.0429863631725	-79.1729611936025	-28.2286407393403	NA	NA	101.888640908524	7.50175268520121e-23	NA	NA
TGCGT	13477	1043	1150	15836	655	1377	278212	1.14026802807913	-301.957029651385	-181.195355776232	-28.9012998598628	NA	NA	304.588111832738	7.2365553604251e-67	NA	NA
GGCGT	13734	882	1294	18473	679	1505	418101	1.29836580766813	-162.607345784083	-161.152657194994	-29.0403316058218	NA	NA	264.224651178345	4.21061957566298e-58	NA	NA
CGCGT	2186	139	140	2545	114	162	53349	1.14442190669371	-48.6339111393318	-30.5597320790403	-23.0847169480985	NA	NA	14.9500302618835	0.000567077187161498	NA	NA
AGCGT	9544	1125	1079	11950	688	1183	257380	1.17645556690501	-290.072139617056	-239.671428908594	-28.5521735190414	NA	NA	422.238510779105	2.05150396555238e-92	NA	NA
TCCGT	13936	431	867	17908	528	736	319052	1.25850072206906	-100.672387460712	-97.37541865604	-27.9813505872153	NA	NA	138.788136137649	7.28683877911326e-31	NA	NA
GCCGT	7403	432	771	10193	489	631	206048	1.31454798977458	-130.45406521298	-127.237800656818	-27.2155539272353	NA	NA	200.044493459165	3.63823022741713e-44	NA	NA
CCCGT	12515	746	949	16661	966	867	328691	1.30147783251232	-95.9994069673121	-94.1466731103137	-28.5985212381929	NA	NA	131.096303744242	3.41035306720867e-29	NA	NA
TACGT	19316	927	1119	20960	770	1190	311897	1.07293324595075	-418.15713756904	-58.0445846710354	-29.1472537182271	NA	NA	57.7946619056165	2.81869850710979e-13	NA	NA
GACGT	11840	755	785	14492	480	790	233048	1.1780269058296	-217.174855595455	-162.176346219145	-28.004632899072	NA	NA	268.343426640145	5.36988861691148e-59	NA	NA
CACGT	21522	1378	1530	25772	1253	1836	486552	1.18137535816619	-174.363562345505	-79.6420538388193	-30.1338612949476	NA	NA	99.0163850877434	3.15402527454294e-22	NA	NA
TTAGT	1539	4062	1411	1974	5327	2274	2367244	1.3655162578437	-85.1385914608836	-66.8364350497723	-28.9093828201294	NA	NA	75.8541044592857	3.37668463619798e-17	NA	NA
GTAGT	760	3660	638	902	3932	876	1417317	1.12890470541716	-97.2369021624327	-48.8528950288892	-27.0871981941164	NA	NA	43.5313936695457	3.52596477963873e-10	NA	NA
CTAGT	672	3801	795	818	4563	1074	1356438	1.22532270311314	-40.0374368615448	-33.2163685187697	-27.2814585603774	NA	NA	11.8698199167848	0.00264546094537417	NA	NA
ATAGT	1339	5290	1098	1641	6131	1500	2212589	1.19994823346706	-65.7826062366366	-44.8092018999159	-28.6160243265331	NA	NA	32.3863551467657	9.27667486445896e-08	NA	NA
TGAGT	1675	3753	1392	1821	4081	1961	2527689	1.15293255131965	-122.041315369308	-75.8635440245271	-28.6583878323436	NA	NA	94.410312384367	3.15544887705202e-21	NA	NA
GGAGT	1285	4142	1447	1602	3683	1973	2231061	1.05586267093395	-312.582675665617	-166.363637227565	-28.4819821827114	NA	NA	275.763310089707	1.31449233596319e-60	NA	NA
CGAGT	203	569	210	221	518	257	309298	1.0142566191446	-60.1720121111721	-30.5521030677482	-22.6129637970589	NA	NA	15.8782785413787	0.000356513207650092	NA	NA
AGAGT	1786	4717	1504	2149	5459	2256	2530324	1.23192206819033	-89.7284399718046	-81.617129072547	-29.1411594450474	NA	NA	104.951939254999	1.6217203194125e-23	NA	NA
TCAGT	1691	6575	1842	2269	8114	2967	2576087	1.32073605065295	-109.548359297216	-103.920464687049	-29.7425109371543	NA	NA	148.35590749979	6.09430250358161e-33	NA	NA
GCAGT	1279	6902	1717	1813	6849	2736	2259413	1.15154576682158	-343.902916882187	-275.558048572391	-29.3544461913407	NA	NA	492.407204762101	1.18886915965626e-107	NA	NA
CCAGT	1377	6286	1580	1772	7062	2282	2156697	1.20263983555123	-109.412240926176	-85.9705020040274	-29.2161942906678	NA	NA	113.508615426719	2.24862655872678e-25	NA	NA
TAAGT	1537	3141	1517	1416	3598	2293	2299118	1.17949959644875	-168.407079286873	-142.076989226043	-28.4588150754571	NA	NA	227.236348301172	4.53162456631863e-50	NA	NA
GAAGT	1316	4488	1415	1428	4650	2315	2336213	1.16262640254883	-226.85936011374	-185.145141098648	-28.661662556231	NA	NA	312.966957084835	1.09670231447131e-68	NA	NA
CAAGT	1497	5221	1556	1366	6806	2131	2298982	1.2452260091854	-123.32123041153	-118.777295533568	-28.9753871299326	NA	NA	179.60381680727	9.9891081672392e-40	NA	NA
AGAAA	3898	12913	2007	4147	15855	2948	7341667	1.21957700074397	-149.59243363142	-120.004335775971	-31.1753516197205	NA	NA	177.657968312502	2.64278813211895e-39	NA	NA
AGAAC	1115	3001	874	1096	3497	1304	2456081	1.18176352705411	-100.831612385809	-80.5396722108126	-27.5761143118143	NA	NA	105.927115797997	9.95907636500183e-24	NA	NA
AGAAG	2268	6344	1163	2480	6063	1662	3852986	1.04398976982097	-361.457590825856	-130.226160176098	-29.252477824688	NA	NA	201.947364702821	1.40503433516592e-44	NA	NA
AGAAT	2151	4437	1640	2735	5480	2359	4202200	1.28512396694215	-48.3811398297548	-48.3617509752512	-29.3928951621056	NA	NA	37.9377116262913	5.7800366517695e-09	NA	NA
AGACA	1936	8396	2316	1597	9641	3298	3439997	1.14927261227071	-289.549008876085	-199.025649406016	-30.0109808817506	NA	NA	338.029337048531	3.96152224733517e-74	NA	NA
AGACC	1310	3877	1299	988	3881	1791	1837417	1.0268270120259	-329.337236493826	-152.346838586032	-28.1403730399907	NA	NA	248.412931092083	1.14239790145146e-54	NA	NA
AGACG	198	1218	287	152	1187	380	480828	1.0093951849677	-96.658614391461	-43.357724850066	-23.5596781903878	NA	NA	39.5960933193564	2.52242105713222e-09	NA	NA
AGACT	2316	5428	2131	1813	6135	2865	2487043	1.09498734177215	-345.65806619823	-203.616517551243	-29.6077166721225	NA	NA	348.017601758242	2.68496096163452e-76	NA	NA
AGAGA	1902	7475	1877	2679	8962	1925	4781133	1.20543806646526	-113.94111789763	-87.316785171628	-29.7932451069355	NA	NA	115.047080129385	1.04194302169211e-25	NA	NA
AGAGC	838	3316	917	1312	3730	1083	2153703	1.20784855058174	-89.3185878880322	-78.0664199031889	-27.5362178497016	NA	NA	101.060404106975	1.13504238333519e-22	NA	NA
AGAGG	1286	4750	1364	1822	5041	1864	2979055	1.17932432432432	-137.488700114191	-105.920390047133	-28.7146314159036	NA	NA	154.411517262459	2.95097177266129e-34	NA	NA
AGATA	1752	8336	2998	2222	11656	4793	2938886	1.42679199144123	-180.450543254614	-78.8411429524422	-30.532006599009	NA	NA	96.6182727068663	1.04618540298321e-21	NA	NA
AGATC	1157	4180	2259	1453	5097	3296	1940188	1.29620853080569	-62.2078877389431	-61.6690754666924	-29.0256780721247	NA	NA	65.2867947891355	6.65507020061035e-15	NA	NA
AGATG	1369	7847	3287	1530	9860	5320	3067410	1.3364792449812	-180.774690814316	-166.924788162112	-30.2070403322577	NA	NA	273.435495659709	4.20955840297729e-60	NA	NA
AGCAA	5850	2998	5758	8552	4461	8224	3241394	1.45399151033822	-193.232166901231	-34.0383019894361	-31.4132795408368	NA	NA	5.25004489719868	0.0724381308814221	NA	NA
AGCAC	2027	1084	4306	3287	1673	6699	2010734	1.57192935148982	-255.793807286769	-31.3776026330888	-29.1592888757586	NA	NA	4.43662751466036	0.108792404635766	NA	NA
AGCAG	3447	2584	6426	5353	3689	8987	2831426	1.44729870755399	-175.10008303076	-49.5092090293765	-30.8446525260806	NA	NA	37.3291130065918	7.83584981327984e-09	NA	NA
AGCAT	2389	1598	6270	3683	2250	8785	2529354	1.43492249195671	-130.894443646073	-42.1416530236602	-29.9637075141072	NA	NA	24.3558910191059	5.14263219411675e-06	NA	NA
AGCCA	3706	2692	6993	6100	3972	10708	3174571	1.55178851467403	-399.690766014159	-47.6098503544927	-31.1335000097752	NA	NA	32.952700689435	6.98895048129238e-08	NA	NA
AGCCC	2528	1723	5381	4215	2343	8138	1745141	1.52574750830565	-270.066445589066	-62.5709322243929	-30.000635292381	NA	NA	65.1405938640237	7.15978149392643e-15	NA	NA
AGCCG	461	381	925	725	500	1436	447846	1.50594227504244	-63.6175849959254	-31.2853872515261	-24.997734866105	NA	NA	12.5753047708422	0.00185911932341294	NA	NA
AGCCT	4722	5731	8096	8016	7650	12296	3105048	1.50746670979568	-488.891717739403	-145.887363776565	-32.2369894385338	NA	NA	227.300748676062	4.38802970360677e-50	NA	NA
AGCGA	1561	1061	15623	1810	914	19993	362668	1.2451082488353	-121.634706987068	-112.086362265982	-29.559703823179	NA	NA	165.053316885605	1.44253921573624e-36	NA	NA
AGCGC	744	483	9026	918	478	11024	189390	1.21135277479762	-57.9962904276326	-38.5430393624119	-27.5574403759092	NA	NA	21.9711979730055	1.69439624284582e-05	NA	NA
AGCGG	1032	1081	11856	1184	547	14625	241553	1.17087837354141	-373.839556985069	-308.197372560389	-28.5934299696237	NA	NA	559.207885181531	3.7115098241028e-122	NA	NA
AGCTA	1983	2201	4331	2966	3508	6255	2181617	1.49489136817381	-181.739355865866	-40.6005439423025	-29.7896973155439	NA	NA	21.6216932535172	2.0179433278493e-05	NA	NA
AGCTC	1350	1656	5927	2020	2508	8793	2034989	1.4912123586701	-172.859582230449	-29.8499019406736	-29.4219524003565	NA	NA	0.855899080634117	0.651844305825889	NA	NA
AGCTG	2042	3108	6653	3526	4792	9083	3016999	1.47428619842413	-264.955604568124	-104.683641083539	-30.6204575076699	NA	NA	148.126367151737	6.83546495137114e-33	NA	NA
TTCCT	14467	2713	2455	16613	3733	4087	4361117	1.24435956200662	-273.321502774954	-262.043542839587	-31.2836186215281	NA	NA	461.519848436117	6.05673075017337e-101	NA	NA
GTCCT	4740	1245	1347	6567	1633	2131	1672559	1.40902891434806	-91.7755720354617	-47.8181329965591	-28.8329536169767	NA	NA	37.9703587591648	5.68645173729644e-09	NA	NA
CTCCT	10994	3137	2323	16097	4525	3460	3609311	1.46359547830315	-231.728308081627	-32.197659291327	-31.1879281401634	NA	NA	2.01946230232716	0.364316912584382	NA	NA
ATCCT	6667	1927	2945	8767	3120	4876	2464065	1.45272553947482	-257.028440617025	-133.105344749987	-30.4945222139359	NA	NA	205.221645072103	2.73329174073153e-45	NA	NA
TGCCT	13106	2422	3781	19283	3310	6052	3394782	1.48350510124812	-347.479281619191	-60.7549252733588	-31.6020962223411	NA	NA	58.3056581020355	2.18316827286091e-13	NA	NA
GGCCT	6799	1711	2678	10374	2330	4337	1947087	1.52314980336074	-289.419552270323	-53.4564294740558	-30.2754939384758	NA	NA	46.3618710711598	8.56342722994949e-11	NA	NA
CGCCT	2046	332	435	2835	480	826	658218	1.47209384998223	-93.0197685724124	-55.6897151786834	-25.6813141843304	NA	NA	60.016801988706	9.27933892345173e-14	NA	NA
TCCCT	9954	1560	2009	14136	2533	2722	2907404	1.43392738297715	-169.569730781019	-54.1435753777623	-30.2413378357887	NA	NA	47.8044750839472	4.16284394349531e-11	NA	NA
GCCCT	4982	946	1584	7465	1549	1912	1621776	1.45447284345048	-160.221280556172	-77.9089138954878	-28.7846389748156	NA	NA	98.2485498413444	4.63018639411873e-22	NA	NA
CCCCT	7020	3367	2404	10406	5136	3335	1860345	1.47580329919475	-215.927153803408	-40.2312351167202	-30.8401024416089	NA	NA	18.7822653502226	8.3460868630292e-05	NA	NA
TACCT	8065	1615	3056	10231	1986	4786	1883865	1.33503454773869	-122.002315141261	-108.682417307049	-30.3598300367594	NA	NA	156.645174540579	9.65900831934646e-35	NA	NA
GACCT	5720	1344	3324	8206	1717	5059	1611305	1.44224104736234	-148.694063074887	-50.4425256885588	-29.9829631373286	NA	NA	40.9191251024604	1.30174189357934e-09	NA	NA
CACCT	10956	2446	3856	15626	3079	6044	2619785	1.43405956657782	-229.344625636935	-82.1585262268782	-31.3843422308564	NA	NA	101.548367992043	8.89307730206083e-23	NA	NA
TTACT	1694	4739	1670	1872	6278	1880	2659407	1.23781315562137	-70.8759576529264	-64.4720072075725	-29.0792546644807	NA	NA	70.7855050861835	4.25718841033457e-16	NA	NA
GTACT	717	3169	721	863	3747	696	1206017	1.15172563490341	-72.252995736897	-40.5091179404408	-26.8857155684382	NA	NA	27.2468047440052	1.21180160979608e-06	NA	NA
CTACT	1155	6765	1588	1451	9564	1766	2179156	1.34423643247791	-92.0398356169462	-78.2847400978208	-29.090716201812	NA	NA	98.3880477920175	4.31824102784751e-22	NA	NA
ATACT	1277	5730	1475	1604	7661	1269	2239336	1.24192407451073	-151.757655326277	-146.237968441099	-28.7958135157824	NA	NA	234.884309850633	9.89737836419047e-52	NA	NA
TGACT	1967	4037	1796	2568	4350	1519	2351924	1.08166666666667	-250.99498699978	-121.707046631724	-28.9781373254955	NA	NA	185.457818612456	5.34990875984394e-41	NA	NA
GGACT	1238	3300	1209	1657	3272	944	1591166	1.02192448233861	-285.182621296495	-122.064097274095	-27.8485815525055	NA	NA	188.431031443179	1.20982181830565e-41	NA	NA
CGACT	164	439	212	188	395	118	188538	0.860122699386503	-106.150476504583	-42.224813984707	-21.7755605857819	NA	NA	40.8985067978501	1.31523116101024e-09	NA	NA
TCACT	1920	8077	2604	2599	8181	2952	3228036	1.08975478136656	-303.585778728127	-111.779113836586	-30.1519002243876	NA	NA	163.254427224398	3.54610470760269e-36	NA	NA
GCACT	1183	5256	2562	1795	5721	2674	1976284	1.13209643372959	-195.207848507911	-112.816820889711	-29.272744204849	NA	NA	167.088153369725	5.21517036361044e-37	NA	NA
CCACT	1630	7427	2329	2250	8229	2361	2528422	1.12770068505182	-198.540076851845	-87.9986186474562	-29.7907201871276	NA	NA	116.415796920657	5.25570397114987e-26	NA	NA
TAACT	1721	3139	1584	1798	3965	1543	2248425	1.13376784605835	-133.501296896487	-75.7269004881382	-28.5064338296652	NA	NA	94.440933316946	3.10750543812732e-21	NA	NA
GAACT	1601	4444	1832	1938	5557	1585	2230635	1.1527231179383	-174.553137484938	-121.09764623642	-28.9357827790082	NA	NA	184.323726914823	9.4321621573686e-41	NA	NA
CAACT	1871	7776	2102	1939	11531	2085	1967535	1.32394246318836	-268.043269779533	-260.379879746586	-29.861383523792	NA	NA	461.036992445588	7.71061668610763e-101	NA	NA
ATAAA	2959	10894	4991	3346	15685	5781	6641626	1.31670558267884	-191.244750961661	-182.836215808988	-31.6315918713808	NA	NA	302.409247875214	2.15112766502453e-66	NA	NA
ATAAC	856	2723	761	888	3243	1010	1991090	1.18456221198157	-58.2301504537463	-41.562832955271	-27.0553578473628	NA	NA	29.0149502158165	5.00591665099657e-07	NA	NA
ATAAG	1054	5337	870	1349	5422	1110	2459835	1.08538768764633	-187.179865531623	-71.3159576803446	-28.075262516737	NA	NA	86.4813903272152	1.66266477809387e-19	NA	NA
ATAAT	2970	6027	2159	3307	8075	2491	4523949	1.2435460738616	-86.8772317320108	-80.1758074983954	-30.1602653339505	NA	NA	100.03108432889	1.89900465178458e-22	NA	NA
ATACA	1698	9013	1417	1334	11973	1934	3517455	1.25667875989446	-230.419973194599	-227.220560833812	-29.4867950305343	NA	NA	395.467531606555	1.33449400056588e-86	NA	NA
ATACC	1047	4002	713	578	4698	857	1510541	1.06438736549809	-325.19204486534	-212.052247732878	-27.2029952853918	NA	NA	369.698504894972	5.26004764677995e-81	NA	NA
ATACG	135	695	119	105	838	151	305390	1.15279241306639	-39.0808438290842	-32.6443189191632	-21.828464071732	NA	NA	21.6317096948624	2.00786228746731e-05	NA	NA
ATAGA	907	6359	1054	1080	7625	1324	2838420	1.20540865384615	-49.3128962442279	-29.6287324503064	-28.3309610411525	NA	NA	2.59554281830788	0.273139832176805	NA	NA
ATAGC	573	2952	672	672	3430	815	1607903	1.17155110793424	-47.9541883356869	-27.2136728577316	-26.6139254197478	NA	NA	1.1994948759675	0.548950262572534	NA	NA
ATAGG	527	3815	683	768	4145	858	1671727	1.14845771144279	-93.3336014375091	-56.8900183029473	-26.8951619267464	NA	NA	59.9897127524018	9.40587906024364e-14	NA	NA
ATATA	3073	23243	3322	2569	31049	3718	5471769	1.25973412510966	-366.113046526909	-360.045080259442	-31.8116748183966	NA	NA	656.466810882092	2.81866355825108e-143	NA	NA
ATATC	1471	6725	1257	1144	9053	1470	2294693	1.23421136147255	-216.081925768405	-207.366185694933	-28.854286134243	NA	NA	357.02379912138	2.97349400150838e-78	NA	NA
ATATG	1285	13764	1737	1189	15711	2252	3151141	1.14095079232694	-211.105737693608	-75.4628354907036	-29.8135917633772	NA	NA	91.2984874546528	1.49549631130393e-20	NA	NA
ATCAA	3882	3055	4366	5109	4680	6181	2858004	1.41289923029284	-130.75196365267	-58.800699390471	-30.7036433517933	NA	NA	56.1941120773554	6.27485370150523e-13	NA	NA
ATCAC	1475	1178	4461	2378	1960	6401	2351169	1.50955861681192	-185.828230664134	-51.3551490567625	-28.9551050290465	NA	NA	44.8000880554318	1.86975405761412e-10	NA	NA
ATCAG	1542	2062	4312	2348	3175	6154	2327217	1.47511369378474	-145.374203041196	-36.9008710943162	-29.4549603387713	NA	NA	14.8918215110898	0.000583824137125785	NA	NA
ATCAT	4000	2259	6377	5649	3272	8602	3001032	1.38675213675214	-89.7977232709527	-38.1016757041216	-30.793412566185	NA	NA	14.6165262758732	0.000669979704427991	NA	NA
ATCCA	2924	2115	5168	4557	3483	7197	2507332	1.49279905946899	-234.438344806433	-68.5288033261895	-30.3333444520831	NA	NA	76.3909177482128	2.58180226346995e-17	NA	NA
ATCCC	2499	1569	5867	4357	2462	8058	2017276	1.49743331655762	-279.941181562841	-111.627332143486	-30.0284965112805	NA	NA	163.19767126441	3.64817745532445e-36	NA	NA
ATCCG	245	178	503	399	326	748	242376	1.59071274298056	-59.7290727063082	-28.0950180618092	-23.1587033248506	NA	NA	9.87262947391719	0.00718101359289447	NA	NA
ATCGA	777	891	7738	1063	992	10469	240396	1.3314905379545	-55.0495780007914	-46.8187868492678	-28.2335782083683	NA	NA	37.170417281799	8.48294091798807e-09	NA	NA
ATCGC	709	705	9997	973	792	13551	293639	1.34221365349224	-57.1991159631871	-42.3841843251139	-28.1711432039738	NA	NA	28.4260822422802	6.71977404570154e-07	NA	NA
ATCGG	484	557	6597	599	480	8682	161570	1.27795234354543	-73.6970069322269	-73.6345144282095	-26.931688599987	NA	NA	93.4056516564451	5.21459343463015e-21	NA	NA
ATCTA	2808	3016	4097	3722	4557	5395	2286058	1.37828847898397	-91.8267794549465	-57.5040779858828	-30.2634252235293	NA	NA	54.4813055247068	1.47752494525236e-12	NA	NA
ATCTC	2691	2599	5794	4245	4211	8510	2857943	1.53067484662577	-295.353256486356	-46.5378675833344	-30.5954134315252	NA	NA	31.8849083036184	1.19201064521062e-07	NA	NA
ATCTG	2297	2803	5390	3887	4545	6081	2648805	1.3835081029552	-334.403208449483	-294.074602082372	-30.3441714942455	NA	NA	527.460861176252	2.90622534300164e-115	NA	NA
TTCAT	9040	2099	3938	11170	2469	5796	4121881	1.28904954566558	-100.755310438573	-100.5169852525	-30.9268567115068	NA	NA	139.180257081985	5.98950841904735e-31	NA	NA
GTCAT	3660	1007	1528	5342	1299	2299	1860436	1.44309927360775	-98.7409316897392	-39.2849564664066	-28.4821557328105	NA	NA	21.6056014671922	2.03424497699442e-05	NA	NA
CTCAT	9299	1779	1857	14891	2355	2580	2829540	1.53274062620796	-378.520199358463	-83.7121490612626	-30.1963189989328	NA	NA	107.03166012466	5.73284644709742e-24	NA	NA
TGCAT	9140	1481	2651	12075	1443	3827	2756472	1.30688667872212	-120.930991098285	-117.93227044493	-30.1216860115528	NA	NA	175.621168866754	7.31724721259982e-39	NA	NA
GGCAT	5515	1036	1637	8017	1119	2594	2018050	1.43258426966292	-160.403820171952	-91.6744562573731	-28.9237021580338	NA	NA	125.501508198678	5.59363030315842e-28	NA	NA
CGCAT	887	102	168	1057	107	238	247616	1.21175453759723	-28.7068226626143	-26.4096818687394	-22.3336408450268	NA	NA	8.15208204742521	0.016974534582856	NA	NA
TCCAT	7960	850	1792	11582	1104	2416	2992617	1.42444821731749	-120.172539651394	-40.3656593561172	-29.1957668811083	NA	NA	22.3397849500179	1.40921525111616e-05	NA	NA
GCCAT	4270	696	1224	6728	872	1479	2011546	1.46672051696284	-163.665338780731	-85.8919206485152	-27.9594929814339	NA	NA	115.864855334163	6.92255382057587e-26	NA	NA
CCCAT	6254	1018	1686	9830	1597	2360	2262786	1.53907122125474	-257.136969819665	-42.6407955847681	-29.2249605581164	NA	NA	26.8316700533032	1.49134072576098e-06	NA	NA
TACAT	16944	1854	3405	19380	1917	3508	3058831	1.11719137053551	-299.7488296628	-54.0383518263698	-31.0006940290332	NA	NA	46.0753155946732	9.88262560153478e-11	NA	NA
GACAT	7773	1351	1584	11058	1200	1802	2090341	1.31303698169593	-191.93231896311	-188.136013053358	-29.2241694107652	NA	NA	317.823687285185	9.67081770584332e-70	NA	NA
CACAT	14021	1816	2415	18675	2117	2922	3204666	1.29925487617795	-58.8112266510725	-56.8747150599957	-30.6647234782577	NA	NA	52.419983163476	4.14138194049876e-12	NA	NA
TTAAT	3212	4079	3385	2605	5398	4428	4229050	1.16438741101536	-354.246264599264	-294.340583853424	-30.1960641592741	NA	NA	528.289039388299	1.92084654969388e-115	NA	NA
GTAAT	868	3476	1377	1229	4364	1601	2435164	1.25747246984793	-42.8166987374425	-41.3966051861644	-28.0217938199639	NA	NA	26.7496227324009	1.55379323823393e-06	NA	NA
CTAAT	870	4462	1666	1206	6254	2254	2506903	1.38811088882538	-59.0524730458856	-29.6256966888905	-28.5838574543595	NA	NA	2.08367846906185	0.352805193366617	NA	NA
TGAAT	1454	3329	2129	2067	3869	2646	3682547	1.2416087962963	-60.2582843601704	-55.6790157034993	-28.9274056479335	NA	NA	53.5032201111317	2.40948025004667e-12	NA	NA
GGAAT	1063	3086	1188	1568	3265	1563	2472256	1.19842608206858	-107.647503398359	-92.5920253172517	-27.9547921493649	NA	NA	129.274466335773	8.48020419353828e-29	NA	NA
CGAAT	127	277	154	153	278	182	266720	1.09856630824373	-31.2067842972465	-23.4742149589583	-21.1978527083993	NA	NA	4.55272450111806	0.102656968627485	NA	NA
TCAAT	1258	5091	2046	1836	5754	3115	2771128	1.27516378796903	-135.243292085826	-135.059680558741	-29.2669714838266	NA	NA	211.585418149829	1.13451495005608e-46	NA	NA
GCAAT	775	4871	1471	1138	4466	2156	2122012	1.09034705634397	-338.567154090852	-230.846961539239	-28.2879004888237	NA	NA	405.11812210083	1.0708225945434e-88	NA	NA
CCAAT	831	4081	1391	1212	4606	1920	1964106	1.22766936379502	-82.1378305405378	-74.6293876953423	-28.1952443979681	NA	NA	92.8682865947485	6.82193840788008e-21	NA	NA
TAAAT	2494	3568	4853	3129	4697	7148	5400871	1.37187356848374	-98.0121664404869	-64.995091304183	-30.4446160942316	NA	NA	69.1009504199028	9.88369350020207e-16	NA	NA
GAAAT	1523	3819	2215	2466	4399	3344	4405381	1.35093290988488	-159.768005222082	-146.304932400584	-29.3086092323065	NA	NA	233.992646336555	1.54576135351678e-51	NA	NA
CAAAT	2127	7099	2862	3051	11000	4196	4115784	1.50951356717406	-268.597744598985	-40.1642415449023	-30.5902018919587	NA	NA	19.1480793058872	6.95100193174064e-05	NA	NA
CAAAA	4222	10097	1670	4242	15086	2052	6053712	1.33716930389643	-337.145288258791	-318.946367099881	-30.8054576665163	NA	NA	576.28181886673	7.27768111919561e-126	NA	NA
CAAAC	1874	3909	962	2007	5850	1112	2615575	1.3297257227576	-135.538015559316	-129.803098469973	-28.4951146543026	NA	NA	202.61596763134	1.00577689835919e-44	NA	NA
CAAAG	1896	6013	975	2508	8201	1258	3678867	1.34702836560108	-45.3652070015669	-31.295535646379	-29.0651326924562	NA	NA	4.4608059078455	0.107485109861688	NA	NA
CAACA	2347	9246	1545	1853	12974	1836	3031983	1.26830567818542	-344.37370300293	-343.32009858638	-29.8820495605469	NA	NA	626.876098051667	7.50904815712031e-137	NA	NA
CAACC	1991	5612	1337	1228	7375	1370	1621357	1.115548098434	-494.245057523251	-393.075968652964	-28.8424903340638	NA	NA	728.4669566378	6.53747801940833e-159	NA	NA
CAACG	185	1144	167	156	1666	179	266167	1.33756684491979	-54.8166166367009	-53.0956852505915	-23.0272060725838	NA	NA	60.1369583560154	8.73826907669472e-14	NA	NA
CAAGA	1215	6736	1239	1708	8508	1176	3081593	1.23960826985854	-95.854613006115	-89.1640392392874	-28.8113281950355	NA	NA	120.705422088504	6.1539027041058e-27	NA	NA
CAAGC	1025	3933	910	1101	4409	774	1793668	1.07089297886844	-162.623365778476	-54.3054498918355	-27.5456512011588	NA	NA	53.5195973813534	2.38983045776096e-12	NA	NA
CAAGG	1248	4806	1060	1678	5737	1069	2315230	1.19257801518133	-78.7920929975808	-55.8299331478775	-28.3243141286075	NA	NA	55.0112380385399	1.13360417989048e-12	NA	NA
CAATA	1058	15364	1319	1409	24159	1564	2750564	1.52933881968322	-501.079720914364	-108.338791325688	-29.7491016387939	NA	NA	157.179379373789	7.39488516936759e-35	NA	NA
CAATC	832	11344	924	897	17975	1191	1678633	1.53152671755725	-414.678076017648	-120.191492270678	-28.7878799214959	NA	NA	182.807224698365	2.0133326232325e-40	NA	NA
CAATG	1139	22441	1582	1231	32728	2050	2416804	1.43108655909705	-305.31692622602	-99.9360053986311	-30.2814535424113	NA	NA	139.30910371244	5.61581108021959e-31	NA	NA
CACAA	4960	2914	7591	5980	4077	10658	2863794	1.33947623666343	-100.164208367467	-81.1189901381731	-31.3597126603127	NA	NA	99.5185549557209	2.4536938132036e-22	NA	NA
CACAC	2476	2143	11089	3222	2271	14751	3147805	1.28877005347594	-84.7627614289522	-84.5360801145434	-30.6095360815525	NA	NA	107.853088065982	3.80188957175303e-24	NA	NA
CACAG	2206	4783	11306	3148	5178	13974	3153770	1.21891227111233	-136.980100385845	-107.71777588129	-31.3355968147516	NA	NA	152.764358133078	6.72420763839189e-34	NA	NA
CACCA	3666	2968	9448	5547	4433	14097	3028990	1.49713965924636	-303.464083626866	-31.8753613904119	-31.47095502913	NA	NA	0.808812722563744	0.667372871664377	NA	NA
CACCC	4067	1936	7901	6388	2579	11709	1962691	1.48705408515535	-269.833232395351	-56.5816280283034	-30.9246408008039	NA	NA	51.313974454999	7.19966061732969e-12	NA	NA
CACCG	421	323	1233	687	445	1773	423448	1.4693980778958	-55.5396496672183	-30.0421278011054	-25.0329424599186	NA	NA	10.0183706823736	0.00667634003066262	NA	NA
CACGA	954	1129	17499	1066	1169	21505	353010	1.2123378613012	-86.3223050478846	-50.2496961392462	-29.2917043371126	NA	NA	41.9159836042672	7.90787523250214e-10	NA	NA
CACGC	1319	1265	27520	1846	1298	34105	490989	1.23734387456816	-90.7372681926936	-68.01239453163	-30.2879403335974	NA	NA	75.4489083960652	4.13502089995755e-17	NA	NA
CACGG	1026	1086	22067	1278	897	26189	375996	1.17308408122751	-204.141208389774	-95.758276402019	-29.4739127950743	NA	NA	132.568727213889	1.63330258356527e-29	NA	NA
CACTA	1074	2414	4886	1496	3494	6500	1638195	1.37210413183664	-62.8268178030849	-37.4682853557169	-29.2634389586747	NA	NA	16.4096927940845	0.000273325709990339	NA	NA
CACTC	1081	2437	7504	1706	3544	10993	2161340	1.47368898566503	-182.76475719735	-34.2420681342483	-29.8212097473443	NA	NA	8.841716773808	0.0120239066896427	NA	NA
CACTG	1937	3516	12492	3098	4979	12614	3202927	1.153023126219	-515.539094820619	-394.637324124575	-31.0881983563304	NA	NA	727.098251536489	1.29604708049793e-158	NA	NA
TTCTG	8716	3233	2531	9631	4577	4177	4179381	1.26968232044199	-287.334431678057	-286.384541220963	-30.9745004400611	NA	NA	510.820081561804	1.19351715625664e-111	NA	NA
GTCTG	3604	2220	960	4417	3010	1586	1905022	1.32856721698113	-84.7199969179928	-79.2376969493926	-28.7766872830689	NA	NA	100.922019332647	1.21635949786811e-22	NA	NA
CTCTG	6841	5561	1430	9262	7502	2110	3652211	1.36451706188548	-72.9958017393947	-37.7869992256165	-30.7246664091945	NA	NA	14.124665632844	0.000856777057266994	NA	NA
TGCTG	9649	2319	1965	13278	3042	3082	3268056	1.39252135218546	-121.383546449244	-57.9824611246586	-30.535812959075	NA	NA	54.8932963311672	1.20246419891791e-12	NA	NA
GGCTG	6730	2221	2131	9747	3159	3276	3161561	1.46020573903628	-165.646095894277	-35.9619621559978	-30.2702342346311	NA	NA	11.3834558427334	0.0033737583408156	NA	NA
CGCTG	1015	278	205	1296	370	339	357005	1.33845126835781	-34.2226642360911	-32.4406221359968	-23.8999807210639	NA	NA	17.0812828298658	0.000195364909979911	NA	NA
TCCTG	8386	1788	1709	12596	2988	2107	3635368	1.48876546326685	-275.863498091698	-89.6793252751231	-30.0414345338941	NA	NA	119.275781482458	1.25774656160151e-26	NA	NA
GCCTG	6269	1927	1710	9427	3054	2135	3040326	1.47546941247729	-206.881201297045	-70.6220805123448	-29.8063465356827	NA	NA	81.6314679533243	1.87910894156396e-18	NA	NA
CCCTG	6388	2268	1486	9618	3657	1955	2521600	1.50167619798856	-235.556618914008	-56.8434264436364	-29.8821098059416	NA	NA	53.9226332753897	1.95365988629761e-12	NA	NA
TACTG	8955	2112	1385	8573	2745	1848	1975300	1.05734018631545	-434.804154507816	-174.485913150012	-29.7496734037995	NA	NA	289.472479492426	1.3862761348426e-63	NA	NA
GACTG	6109	1758	1312	5898	2315	1911	1717566	1.10295239132803	-306.239807281643	-185.656582891941	-29.185098502785	NA	NA	312.942968778312	1.10993553208958e-68	NA	NA
TTATG	2306	7043	1674	3419	9680	1846	2767148	1.35580150594212	-108.8083967641	-86.3633636683226	-29.940000474453	NA	NA	112.846726387739	3.13072350933215e-25	NA	NA
GTATG	1155	8673	617	1479	9127	570	1531080	1.06998563906175	-252.074770290405	-58.3823223188519	-28.1612708009779	NA	NA	60.442103035748	7.50177593648297e-14	NA	NA
CTATG	1134	14796	1476	1568	21472	1811	1856036	1.42772607146961	-191.430693089962	-55.4249302484095	-29.8858164772391	NA	NA	51.0782275423408	8.10035060053368e-12	NA	NA
TGATG	2378	6065	1348	3805	6852	1438	2695420	1.2353181493208	-199.621299996972	-190.998955249786	-29.5288192853332	NA	NA	322.940271928906	7.48877803574595e-71	NA	NA
GGATG	2406	5092	1278	3744	5430	1239	1945279	1.18653144940748	-246.628139387816	-214.374996982515	-29.2208755537868	NA	NA	370.308242857456	3.87781210369842e-81	NA	NA
CGATG	163	688	114	264	714	130	262977	1.14818652849741	-46.9747374397703	-39.9529766240157	-22.201194005087	NA	NA	35.5035652378574	1.95208518134647e-08	NA	NA
TCATG	2172	11742	2240	3643	13742	3156	2801476	1.27157360406091	-223.860052905977	-223.089303866029	-30.7844614386559	NA	NA	384.609684854746	3.0413618258115e-84	NA	NA
GCATG	1582	15034	2068	2504	13650	2913	2149643	1.02049882252194	-1006.34992006421	-473.165812429041	-30.476558290422	NA	NA	885.378508277237	5.52713063982162e-193	NA	NA
CCATG	1741	15661	1618	2814	18502	2233	2643178	1.23811777076761	-170.254205368459	-155.503559611738	-30.5004125982523	NA	NA	250.006294026971	5.15018739394318e-55	NA	NA
TAATG	1186	4866	1206	1703	6853	1653	2700110	1.40658583631855	-71.5735633522272	-29.6079467087984	-28.6838596388698	NA	NA	1.84817413985729	0.396893589824833	NA	NA
GAATG	1075	5913	1256	1437	7041	1584	2746541	1.22052401746725	-49.9961553215981	-37.4302261546254	-28.6596895083785	NA	NA	17.5410732924938	0.000155240249194034	NA	NA
CCAAA	3788	7341	955	4007	8692	1442	3672943	1.17022509102946	-155.788542412221	-94.6674060299993	-29.8314216062427	NA	NA	129.671968847513	6.95167941666016e-29	NA	NA
CCAAC	1387	2938	559	1360	2940	732	1736423	1.03030303030303	-179.250098448247	-49.5980951339006	-27.1830838061869	NA	NA	44.8300226554275	1.84197727795318e-10	NA	NA
CCAAG	1741	7855	688	1991	6081	925	2488466	0.874854142357059	-963.592139981687	-215.774422265589	-28.5621072053909	NA	NA	374.424630120397	4.95136138140125e-82	NA	NA
CCACA	2514	8096	1240	2151	8028	1689	2814509	1.00151898734177	-523.529772371054	-130.318163201213	-29.5335910320282	NA	NA	201.569144338369	1.69752604341896e-44	NA	NA
CCACC	3320	9448	1313	2168	6950	1677	2698721	0.766635892337192	-1951.26715095341	-250.762526288629	-29.7063246518373	NA	NA	442.112403273582	9.91999466635889e-97	NA	NA
CCACG	324	1881	205	288	1445	318	527244	0.85103734439834	-277.466050403193	-79.6631210399792	-24.1828299872577	NA	NA	110.960582105443	8.03925383369494e-25	NA	NA
CCAGA	1100	7035	889	1503	7902	1105	2727479	1.1646719858156	-104.549339883029	-54.2094134166837	-28.4851386621594	NA	NA	51.4485495090485	6.73115239409424e-12	NA	NA
CCAGC	1477	7795	1241	2119	7060	1622	3291991	1.02739465423761	-522.808476239443	-237.136067144573	-29.1581381484866	NA	NA	415.955857992172	4.74605841582877e-91	NA	NA
CCAGG	1924	12803	1392	2514	11527	1936	3510708	0.991190520503753	-848.730608791113	-272.265205428004	-30.0135490745306	NA	NA	484.503312706947	6.18646291342502e-106	NA	NA
CCATA	989	11580	1084	1442	15345	1677	1833634	1.35237676701091	-76.1502067558467	-50.9825805909932	-29.2948481701314	NA	NA	43.3754648417234	3.81186476516806e-10	NA	NA
CCATC	1407	12746	1636	1765	12943	2187	2308531	1.07004876812971	-412.077553320676	-119.471065931022	-29.875160202384	NA	NA	179.191811457276	1.22741814989039e-39	NA	NA
CCCAA	3189	1942	4805	3804	3283	8040	2618334	1.52244363929147	-414.301051162183	-205.393082275987	-30.2334391102195	NA	NA	350.319286331534	8.49441590091206e-77	NA	NA
CCCAC	2411	1757	6311	3543	2764	10379	2245085	1.59232751216719	-408.665255282074	-47.4672556072474	-30.1847307644784	NA	NA	34.5650496855378	3.12100760867899e-08	NA	NA
CCCAG	2691	2428	8767	4272	3784	14472	3972843	1.6223534495175	-610.258544884622	-37.2552585750818	-30.9839845895767	NA	NA	12.5425479710102	0.00188981944635115	NA	NA
CCCCA	2745	3397	7143	3606	5738	11291	2594743	1.55325555137373	-458.525246605277	-105.960904240608	-31.0567758753896	NA	NA	149.808256730437	2.94815544995027e-33	NA	NA
CCCCC	2496	2542	5585	2863	3426	7906	1336561	1.33625152969971	-89.9602382183075	-78.3490193486214	-30.1871481947601	NA	NA	96.3237423077226	1.21217443312742e-21	NA	NA
CCCCG	393	444	1247	536	682	1941	456031	1.5158349328215	-70.5874332077801	-29.1317906491458	-25.2978288978338	NA	NA	7.66792350262403	0.0216237776782246	NA	NA
CCCGA	786	929	13098	901	1316	17377	318020	1.32275703773712	-50.3025171034969	-41.6156645314768	-28.8276495514438	NA	NA	25.5760299600661	2.79405956060235e-06	NA	NA
CCCGC	1022	930	16491	1007	1064	21520	381198	1.27913029333623	-77.8390485392883	-77.7543327435851	-29.1299370797351	NA	NA	97.2487913277	7.63296511118366e-22	NA	NA
CCCGG	1401	1371	25660	1623	1616	33361	543699	1.28728193584693	-48.0345427431166	-47.8123876824975	-30.3652745513245	NA	NA	34.8942262623459	2.64737243139566e-08	NA	NA
CCCTA	872	1503	4111	1204	2577	6455	1352544	1.5781683626272	-252.724699757993	-48.5185198262334	-28.5716859363019	NA	NA	39.8936677798629	2.17370252653273e-09	NA	NA
CCCTC	1450	2304	7873	1958	3877	11899	2087862	1.52524296895158	-313.310200627893	-63.8636382780969	-30.1166344732046	NA	NA	67.4940076097846	2.20730560843273e-15	NA	NA
TTCGG	11471	711	526	14050	427	614	223217	1.18751967264715	-203.610742093995	-160.520273618866	-27.5589186330326	NA	NA	265.922709971666	1.80142930442995e-58	NA	NA
GTCGG	5746	717	350	7749	432	479	157611	1.27109936885366	-198.404908945551	-198.066725487122	-26.6099109223578	NA	NA	342.913629129529	3.44549441131326e-75	NA	NA
CTCGG	18210	1356	788	25376	1369	1077	529415	1.36690576790803	-156.448867077008	-103.882547045127	-29.4888220159337	NA	NA	148.787450058386	4.91151790479712e-33	NA	NA
TGCGG	15125	1194	1256	17793	556	1737	269188	1.1428733997155	-504.810657317284	-375.573435605969	-29.1545522455126	NA	NA	692.837766720913	3.56607546521538e-151	NA	NA
GGCGG	21581	1253	1621	27722	816	2088	506066	1.25234103455326	-267.637251914479	-259.292969059199	-30.003250609152	NA	NA	458.579436900094	2.63475671473634e-100	NA	NA
CGCGG	4150	204	282	4861	155	290	104918	1.14452113891286	-76.7286230702884	-42.7121078602504	-24.7165281218477	NA	NA	35.9911594768055	1.52974492458722e-08	NA	NA
TCCGG	12364	473	647	15407	327	479	217672	1.20238801542569	-196.637626912445	-164.398931313772	-27.2795432792045	NA	NA	274.238776069134	2.81712692612202e-60	NA	NA
GCCGG	16115	832	1038	20600	923	1081	359860	1.25682513205449	-64.25133661367	-59.8091587331146	-29.0119059355929	NA	NA	61.5945055950433	4.21621794397845e-14	NA	NA
TACGG	13426	578	562	14430	355	554	163459	1.05306879033365	-384.268188640475	-93.9016659413464	-27.4115003892221	NA	NA	132.980331104249	1.32949895368658e-29	NA	NA
GACGG	22086	976	827	24698	652	830	318292	1.09590187952614	-447.101325938478	-132.076311616227	-28.9009627727792	NA	NA	206.350697686896	1.5542301478732e-45	NA	NA
TTAGG	850	3132	780	1031	3623	1217	1877035	1.23288534229315	-70.9007798247039	-66.255714636296	-27.3569323793054	NA	NA	77.7975645139813	1.27783127418248e-17	NA	NA
GTAGG	520	3506	368	708	3331	610	1210063	1.05803368229404	-211.743297332898	-120.177003901452	-26.2161351665854	NA	NA	187.921737469733	1.56067758745253e-41	NA	NA
CTAGG	573	5079	780	663	4762	868	1545073	0.978389303482587	-299.052653688937	-47.2513331249356	-27.1472575329244	NA	NA	40.2081511840224	1.85742337473748e-09	NA	NA
TGAGG	1093	4051	1298	1608	3895	1737	3110152	1.12387457311394	-222.619352020323	-156.684103153646	-28.3027639612556	NA	NA	256.762678384781	1.75668061709884e-56	NA	NA
GGAGG	1541	4872	1620	2244	4871	2152	3494979	1.15361633262791	-212.09420568496	-158.259010843933	-29.0628033131361	NA	NA	258.392415061593	7.77678310367104e-57	NA	NA
CGAGG	206	694	237	247	636	282	481626	1.02462620932278	-64.6231519458815	-32.9958262266591	-22.9853383339942	NA	NA	20.0209757853299	4.49262683687931e-05	NA	NA
TCAGG	1081	7887	1241	1557	8408	2106	2825405	1.18238808894113	-267.414180248976	-226.498632490635	-29.0711049214005	NA	NA	394.855055138469	1.81265102471033e-86	NA	NA
GCAGG	1128	7878	1422	1484	6460	1993	2441615	0.952915228231684	-789.373129159212	-306.1222525388	-28.9762958809733	NA	NA	554.291913315654	4.33551149176762e-121	NA	NA
TAAGG	739	2457	929	720	2518	1474	1757224	1.14230303030303	-156.313949093223	-123.50757772848	-26.9877195432782	NA	NA	193.039716370404	1.20769758007215e-42	NA	NA
GAAGG	1050	4705	1349	1048	4590	1972	2630126	1.07122747747748	-268.653461173177	-137.857492558658	-28.3077020943165	NA	NA	219.099580928683	2.64929614583249e-48	NA	NA
CGAAA	194	536	106	224	691	150	346842	1.27392344497608	-24.093876792118	-24.0690145157278	-22.1012438968755	NA	NA	3.93554123770446	0.139768105518977	NA	NA
CGAAC	93	218	77	100	236	87	221337	1.09020618556701	-25.877355589997	-19.9845143905841	-19.9142123935744	NA	NA	0.14060399401933	0.932112282274408	NA	NA
CGAAG	168	382	71	169	353	110	282976	1.01771336553945	-49.4768843036145	-31.2231725505553	-21.0292525445111	NA	NA	20.3878400120884	3.73970024166178e-05	NA	NA
CGACA	148	592	117	92	624	175	264977	1.03967327887981	-67.5704872291535	-46.5482011609711	-21.6460841228254	NA	NA	49.8042340762913	1.53160925727544e-11	NA	NA
CGACC	234	469	108	100	342	129	165729	0.704069050554871	-177.64906915091	-51.563156032702	-21.3064316529781	NA	NA	60.5134487594478	7.23888306852135e-14	NA	NA
CGACG	31	95	14	21	98	31	40484	1.07142857142857	-28.1045350842178	-25.5342974304222	-16.3722846016753	NA	NA	18.3240256574936	0.000104951436035513	NA	NA
CGAGA	202	702	177	327	775	191	574239	1.19611470860315	-43.2772840168327	-40.0550375888124	-22.8800928359851	NA	NA	34.3498895056546	3.47549178937268e-08	NA	NA
CGAGC	119	431	83	126	343	104	213717	0.90521327014218	-69.2823040671647	-30.1933537395671	-20.805658612866	NA	NA	18.7753902534023	8.37482630897398e-05	NA	NA
CGATA	88	476	124	141	738	189	197203	1.55232558139535	-39.9202897376381	-21.7432049000636	-21.6408810536377	NA	NA	0.204647692851722	0.902737156124303	NA	NA
CGATC	135	432	138	169	578	222	278040	1.37446808510638	-27.7475298447534	-25.4920825995505	-21.9096085722558	NA	NA	7.16494805458933	0.0278068182575363	NA	NA
CGCAA	213	170	553	303	232	818	235799	1.44551282051282	-32.7386565846391	-23.4963552253321	-22.8504596804269	NA	NA	1.29179108981043	0.524192893567119	NA	NA
CGCAC	134	107	838	216	162	1276	266593	1.53290083410565	-47.4186320034787	-22.7786510819569	-22.4690206376836	NA	NA	0.619260888546705	0.733718055837276	NA	NA
CGCAG	242	251	825	410	268	1173	341555	1.40440060698027	-48.9847822175361	-41.6378402900882	-23.7124951416627	NA	NA	35.8506902968511	1.64104887531819e-08	NA	NA
CGCCA	302	251	1264	545	385	1807	459995	1.50632911392405	-68.8950458671898	-35.5358822280541	-24.5754793100059	NA	NA	21.9208058360964	1.73763074912759e-05	NA	NA
CGCCC	470	306	1617	742	468	2558	489521	1.57459256163811	-99.2532587405294	-25.6734329797328	-25.4429237963632	NA	NA	0.461018366739154	0.794129142187341	NA	NA
CGCCG	52	59	209	89	71	282	83602	1.38125	-23.2652087158058	-22.0885890476638	-19.3970831296174	NA	NA	5.38301183609292	0.067778793171358	NA	NA
CGCGA	142	209	2702	157	181	3303	60310	1.19259744513593	-44.8662616271758	-35.5411324087763	-23.7416560243582	NA	NA	23.5989527688362	7.50848844749078e-06	NA	NA
CGCGC	218	162	6108	254	178	6928	125815	1.134401972873	-79.5905723355245	-25.0207529265899	-24.8390851141885	NA	NA	0.363335624802858	0.833878298441638	NA	NA
CGCTA	116	122	569	184	181	864	164385	1.52292441140025	-39.2731634166557	-22.2649273411371	-22.0482827336527	NA	NA	0.433289214968681	0.805216086230618	NA	NA
CGCTC	185	199	1018	265	336	1570	294365	1.54850213980029	-61.6351499198936	-25.6672489959747	-23.6066292389296	NA	NA	4.12123951409012	0.12737500387146	NA	NA
TTCCG	736	175	196	764	310	296	281017	1.23757904245709	-59.7278318610042	-58.8447243482806	-23.0657324595377	NA	NA	71.5579837774858	2.89321864143617e-16	NA	NA
GTCCG	342	145	107	438	135	186	160206	1.27777777777778	-36.8791815268341	-36.8736780725885	-21.3610858449247	NA	NA	31.0251844553277	1.83217433599644e-07	NA	NA
CTCCG	856	388	278	1173	544	394	446776	1.38699080157687	-30.8227960132062	-24.5612727478147	-24.3523878874257	NA	NA	0.417769720777869	0.811488664753856	NA	NA
TGCCG	885	170	289	1325	211	458	282843	1.48363095238095	-48.24073180696	-28.2341099446639	-23.6371313594282	NA	NA	9.19395717047155	0.0100822524371425	NA	NA
GGCCG	1104	301	389	1645	313	605	435339	1.42865105908584	-60.0779745196924	-45.7866045758128	-24.6268292069435	NA	NA	42.3195507377386	6.46288337486258e-10	NA	NA
TCCCG	1194	323	325	1771	400	389	483688	1.38979370249729	-43.5339675992727	-35.5530291395262	-24.5505978055298	NA	NA	22.0048626679927	1.66611427024258e-05	NA	NA
GCCCG	910	264	337	1376	350	405	426738	1.41032428855063	-42.8320309510455	-33.5792268924415	-24.1596574187279	NA	NA	18.8391389474273	8.11209364877635e-05	NA	NA
TACCG	557	146	201	732	195	290	162978	1.3462389380531	-24.8748471722938	-23.4834166199435	-22.5831985815894	NA	NA	1.80043607670814	0.406481021624781	NA	NA
GACCG	506	151	220	707	189	329	166772	1.39680729760547	-28.8548742469866	-24.5568202969152	-22.6274157473817	NA	NA	3.858809099067	0.145234652783194	NA	NA
TTACG	120	399	122	137	464	130	262231	1.14040561622465	-26.9012135313824	-21.6623638723977	-21.2679743231274	NA	NA	0.788779098540545	0.674091413269441	NA	NA
GTACG	74	425	48	84	386	40	138448	0.93235831809872	-50.3950828795787	-21.5881278831512	-19.6676223536488	NA	NA	3.84101105900481	0.146532866716022	NA	NA
CTACG	102	676	126	100	917	110	205790	1.2466814159292	-36.2233828268945	-35.7654079925269	-21.5641070827842	NA	NA	28.4026018194854	6.79913053301909e-07	NA	NA
TGACG	140	626	124	195	538	88	266999	0.92247191011236	-90.5662078354508	-40.8193587129936	-21.6331015480682	NA	NA	38.3725143298507	4.65065780028404e-09	NA	NA
GGACG	144	797	178	250	596	104	234373	0.848972296693476	-179.333531268407	-86.5653399280272	-22.205934532918	NA	NA	128.718810790218	1.11960641539906e-28	NA	NA
TCACG	257	1248	379	353	1115	417	561562	1.00053078556263	-112.552060845308	-49.5139332888648	-24.2774450490251	NA	NA	50.4729764796793	1.09630757479752e-11	NA	NA
GCACG	158	2245	277	287	1201	285	369333	0.661567164179104	-671.518244962208	-184.550357148051	-23.9121336294338	NA	NA	321.276447037235	1.72070310791183e-70	NA	NA
TAACG	104	367	102	133	397	98	239803	1.09598603839442	-31.4263578974642	-23.2586316685192	-20.8316546827555	NA	NA	4.85395397152752	0.0883033718536051	NA	NA
GAACG	119	548	153	123	570	99	254479	0.965853658536585	-67.3462003329769	-32.3701493130066	-21.4479250297882	NA	NA	21.8444485664368	1.80525378272967e-05	NA	NA
CTAAA	1444	7768	1168	1740	10975	1616	3156964	1.38063583815029	-86.7250256985426	-49.0002612993121	-29.2343362271786	NA	NA	39.5318501442671	2.6047605844302e-09	NA	NA
CTAAC	791	2267	451	866	2742	562	1320714	1.18837275577087	-42.7414565570652	-30.3124618791044	-26.2727380506694	NA	NA	8.07944765686989	0.0176023330082693	NA	NA
CTAAG	928	4206	460	1118	4552	620	1727396	1.12441902037898	-99.4357217624784	-42.6614820361137	-27.1011529862881	NA	NA	31.1206580996513	1.74676691330707e-07	NA	NA
CTACA	1244	7838	714	1064	9936	1009	2126986	1.22590853409555	-134.052692580968	-121.639709189534	-28.3859624862671	NA	NA	186.507493406534	3.16528186812073e-41	NA	NA
CTACC	1170	3695	699	803	4440	807	1275024	1.08734723220705	-236.716998077929	-149.88427240029	-27.3141530230641	NA	NA	245.140238754451	5.86777575380675e-54	NA	NA
CTAGA	573	5845	558	761	7223	734	1964055	1.24971330275229	-32.9922694787383	-30.0279393494129	-27.243572678417	NA	NA	5.5687333419919	0.0617681962359921	NA	NA
CTAGC	433	2693	415	561	2959	460	1141533	1.1239762778876	-68.1037856508046	-31.9537780359387	-25.7366205118597	NA	NA	12.4343150481582	0.00199490764273752	NA	NA
CTATA	2760	16529	980	2297	23713	1369	2090470	1.35078198233756	-427.480717841536	-391.894522536546	-30.2817755751312	NA	NA	723.22549392283	8.98626887409644e-158	NA	NA
CTATC	1772	10056	824	2280	14091	1080	1424421	1.37930761934872	-82.596353393048	-38.1592611074448	-29.3433996476233	NA	NA	17.6317229196429	0.000148361089785561	NA	NA
CTCAA	2003	3373	5401	2418	5446	8080	3023638	1.47944697039993	-258.861877046525	-104.651155658066	-30.3647629544139	NA	NA	148.572785407305	5.46801337632692e-33	NA	NA
CTCAC	1178	1608	7138	1811	2220	11428	2637220	1.55773881499395	-323.090219922364	-50.7037586793303	-29.4481800571084	NA	NA	42.5111572444439	5.87245225775318e-10	NA	NA
CTCAG	1274	2922	7061	1920	3907	11387	3522705	1.52918184240917	-332.909553542733	-82.9277366995811	-30.0913419425488	NA	NA	105.672789514065	1.13095496978839e-23	NA	NA
CTCCA	1958	3383	6453	3133	5476	9362	3207059	1.52374088519586	-306.217398069799	-55.5900793075562	-30.6495369374752	NA	NA	49.8810847401619	1.47387303376194e-11	NA	NA
CTCCC	2231	2803	9297	3602	4223	13171	3121498	1.4650757099993	-233.083081655204	-56.5120750516653	-30.9128376170993	NA	NA	51.198474869132	7.62767958209642e-12	NA	NA
CTCGA	530	1071	9784	641	1302	13742	335952	1.37768994290733	-84.6343371896073	-47.1270058769733	-28.275640851818	NA	NA	37.7027300503105	6.500641158402e-09	NA	NA
CTCGC	448	703	9044	500	692	12749	277784	1.36743501716528	-112.90166651411	-86.1897137947381	-27.4612840549089	NA	NA	117.456859479658	3.12296439711318e-26	NA	NA
CTCTA	2284	5071	4440	1713	7576	6906	2269408	1.37303942348453	-531.851477455348	-495.39496473223	-30.448782786727	NA	NA	929.892363891006	1.19244621411358e-202	NA	NA
CTCTC	2237	6668	8328	2195	9412	11544	2975333	1.34341089769628	-193.151936635375	-168.924513712525	-31.378476165235	NA	NA	275.092075094581	1.83871697527809e-60	NA	NA
TTCAG	6677	2316	1561	8570	2674	2055	3318098	1.26009096077317	-45.7645097896457	-43.6647656708956	-29.7514768242836	NA	NA	27.826577693224	9.0684994039366e-07	NA	NA
GTCAG	3156	1574	830	4798	2125	1334	1895613	1.48507194244604	-127.711469829082	-43.5800587721169	-28.2469390332699	NA	NA	30.666239477694	2.19235413091489e-07	NA	NA
TGCAG	8684	2036	3485	12123	2225	5528	3289826	1.39922562478001	-219.115037232637	-146.471778996289	-30.7946902066469	NA	NA	231.354177579284	5.78200757130452e-51	NA	NA
GGCAG	5898	2178	3612	8903	2675	5880	2786900	1.49366872005476	-298.496521785855	-107.009029090405	-30.6214134395123	NA	NA	152.775231301785	6.68775010837054e-34	NA	NA
TCCAG	7457	1064	1390	11141	1432	1803	3139230	1.45050953486026	-153.691513970494	-49.7436820119619	-29.1131291240454	NA	NA	41.2611057758331	1.09714675302241e-09	NA	NA
GCCAG	4429	1045	1271	6928	1620	1696	2393678	1.51875463306153	-184.540103718638	-46.7551327832043	-28.5927698649466	NA	NA	36.3247258365154	1.29475025813794e-08	NA	NA
TACAG	13129	3684	2104	16437	4304	2702	2733970	1.23925569593487	-55.2782073095441	-41.3469121828675	-31.1672007590532	NA	NA	20.3594228476286	3.79321536677174e-05	NA	NA
GACAG	7843	4649	1937	9349	5254	2461	2347827	1.18261833806917	-100.101987875998	-42.7213874012232	-30.7564853839576	NA	NA	23.9298040345311	6.36369090944658e-06	NA	NA
TTAAG	892	3374	1732	1130	3875	2341	2633221	1.22474158052684	-55.9920175522566	-48.0503443703055	-28.2238808050752	NA	NA	39.6529271304607	2.45175053062189e-09	NA	NA
GTAAG	525	3913	710	732	3658	822	1508020	1.01243201243201	-237.062923036516	-79.6230748146772	-26.8172011710703	NA	NA	105.611747287214	1.1660051389556e-23	NA	NA
TGAAG	806	3302	1910	1127	3330	1974	3134152	1.06862745098039	-185.911477938294	-72.1753698065877	-28.0495051592588	NA	NA	88.2517292946577	6.86089028555116e-20	NA	NA
GGAAG	857	5217	1842	1277	4571	1598	3109406	0.940626579080344	-559.184761084616	-162.157930217683	-28.4054547250271	NA	NA	267.504950985312	8.16653734942132e-59	NA	NA
TCAAG	707	5348	1716	1025	5203	2498	2741319	1.1228928065886	-273.192219041288	-192.720193825662	-28.4639160186052	NA	NA	328.512555614114	4.61747901546397e-72	NA	NA
GCAAG	494	4180	1107	640	3586	1482	1908382	0.987372426915759	-361.067556515336	-148.230763863772	-27.2598134689033	NA	NA	241.941900789738	2.90391414989018e-53	NA	NA
TAAAG	768	3080	2143	969	3269	2917	3298556	1.19429143715573	-95.8013824895024	-77.1722444444895	-28.1585827767849	NA	NA	98.0273233354092	5.17174615027176e-22	NA	NA
GAAAG	721	5875	1981	909	5334	2666	3624776	1.03870817302087	-389.656651601195	-177.307302571833	-28.5780322849751	NA	NA	297.458540573716	2.55681094610628e-65	NA	NA
GAAAA	2831	7788	1681	3553	9363	2019	6207613	1.21422764227642	-55.4556618630886	-32.647587031126	-30.1447531729937	NA	NA	5.00566771626472	0.0818527106740053	NA	NA
GAAAC	1173	2628	615	1544	2659	771	2726225	1.12635869565217	-108.852574340999	-65.0637627467513	-27.1315666437149	NA	NA	75.8643922060728	3.35935999402245e-17	NA	NA
GAACA	1525	5986	1311	1283	6916	1656	2554266	1.11709362956246	-199.707986205816	-101.51152728498	-28.8183396160603	NA	NA	145.386375337839	2.68998416475945e-32	NA	NA
GAACC	1251	3507	915	907	3431	954	1425056	0.932839767318879	-366.263015884906	-68.3797424659133	-27.4724596701562	NA	NA	81.8145655915141	1.71471841586218e-18	NA	NA
GAAGA	1515	6517	1247	2481	6945	1238	3462595	1.14926177389805	-268.482150927186	-201.979009099305	-29.0196485966444	NA	NA	345.918721005321	7.6683890819196e-76	NA	NA
GAAGC	759	4085	705	1258	3658	719	1938194	1.01549828797982	-352.301687791944	-186.474733479321	-27.2237517610192	NA	NA	318.501963436604	6.88933656804554e-70	NA	NA
GAATA	1767	6269	1251	2687	8838	1582	2867252	1.41132766232368	-104.330935001373	-46.5546810552478	-29.3607368096709	NA	NA	34.3878884911537	3.41008254714219e-08	NA	NA
GAATC	1277	3497	892	1890	4281	1149	1827007	1.29191669608189	-51.2488270588219	-51.0608315877616	-28.0395669676363	NA	NA	46.0425292402506	1.00459684303073e-10	NA	NA
GACAA	4014	2540	5469	5671	3144	7506	2185350	1.35748149380354	-74.9765979833901	-49.4186221025884	-30.6893809176981	NA	NA	37.4584823697805	7.34503556773667e-09	NA	NA
GACAC	1187	1306	4852	1544	1046	6818	1587271	1.28087134104833	-192.685247335583	-192.676122102886	-28.440297011286	NA	NA	328.471650183201	4.71289139501733e-72	NA	NA
GACCA	2405	1580	5164	3951	2262	7454	1713048	1.4938244616898	-203.510599214584	-53.6331329867244	-29.8182817175984	NA	NA	47.6297025382519	4.54298712984142e-11	NA	NA
GACCC	2749	878	3908	4343	1129	5845	1128515	1.50192435301924	-181.49127984792	-48.8919787481427	-29.0286865197122	NA	NA	39.726584456861	2.3630983272109e-09	NA	NA
GACGA	748	748	13168	638	525	15106	189555	1.10945171849427	-290.195173392072	-124.929845322855	-27.9710406023078	NA	NA	193.917609441094	7.78621045070547e-43	NA	NA
GACGC	451	606	11142	434	372	12881	153269	1.12197721124682	-239.366218510782	-121.757273155497	-27.0824908288196	NA	NA	189.349564653356	7.64301056883451e-42	NA	NA
GACTA	1283	1458	3387	1511	2054	4313	1330032	1.28557441253264	-42.9887642934918	-42.9686282165349	-28.4521239362657	NA	NA	29.0330085605383	4.96092081002591e-07	NA	NA
GACTC	1163	1276	4601	1413	1818	6554	1469776	1.38991477272727	-75.0285487920046	-44.4968404583633	-28.6037456840277	NA	NA	31.7861895486712	1.25232381400686e-07	NA	NA
TTCTC	9873	3373	3983	12418	4964	6818	4129139	1.4046085089094	-336.867418900132	-240.543681181967	-31.6962785050273	NA	NA	417.69480535388	1.98941531800532e-91	NA	NA
GTCTC	4683	2393	1372	7024	3826	2423	2458447	1.57114109848485	-308.2411891222	-53.888325534761	-29.6871379241347	NA	NA	48.4023752212524	3.08715023803113e-11	NA	NA
TGCTC	8200	1521	1304	12138	2060	1842	2068905	1.45487528344671	-158.808302178979	-37.5588809736073	-29.5400387570262	NA	NA	16.0376844331622	0.000329200945654778	NA	NA
GGCTC	5741	1177	1392	8845	1911	2299	1934025	1.57099879663057	-284.395760875195	-34.728319004178	-29.1822868473828	NA	NA	11.0920643135905	0.00390291270643292	NA	NA
TCCTC	9371	1626	1460	14330	2705	1795	2742293	1.51159990366862	-323.100440397859	-83.9756850004196	-29.9037457928061	NA	NA	108.143878415227	3.28741987388338e-24	NA	NA
GCCTC	8321	1617	1405	13509	2652	2101	2848398	1.60997972317729	-472.156068749726	-36.6562262773514	-29.8621631637216	NA	NA	13.5881262272596	0.00112040717164566	NA	NA
TACTC	6415	1526	1038	8657	2058	1424	1592862	1.35193228644615	-45.559750393033	-29.1787932403386	-29.0066468715668	NA	NA	0.344292737543583	0.841855942729813	NA	NA
TTATC	2150	5742	1962	3186	8258	1655	2363471	1.32930789527096	-281.364054597914	-273.149735618383	-29.7127417474985	NA	NA	486.873987741768	1.89084909818588e-106	NA	NA
GTATC	726	4950	658	1068	6659	453	1194435	1.29144300599937	-153.384568981826	-153.195875477046	-27.246653681621	NA	NA	251.89844359085	1.99962231304185e-55	NA	NA
TGATC	1792	3727	842	2699	4396	942	1960003	1.26348058481371	-86.432420566678	-85.5193482190371	-28.3039371557534	NA	NA	114.430822126567	1.41795580653145e-25	NA	NA
GGATC	1371	2636	873	2097	2633	945	1258882	1.16290983606557	-162.217407800257	-134.181167393923	-27.633592016995	NA	NA	213.095150753856	5.33305366184301e-47	NA	NA
TCATC	2201	8264	1664	3352	9313	2183	2315263	1.22417346854646	-158.683249652386	-142.36511201784	-30.0471315272152	NA	NA	224.63596098125	1.66310953855343e-49	NA	NA
GCATC	1060	5793	1254	1509	5856	1587	1368885	1.10423091155791	-215.905326936394	-111.026338916272	-28.5719944983721	NA	NA	164.9086888358	1.55071936525915e-36	NA	NA
TAATC	1152	3650	964	1548	5163	1329	2327650	1.39438085327784	-56.9861819520593	-29.8018914461136	-28.1154899895191	NA	NA	3.37280291318893	0.185184721662758	NA	NA
GCAAA	1756	5048	783	2714	5489	1100	3037522	1.22617635429023	-156.547773987055	-147.000023804605	-28.6013604849577	NA	NA	236.797326639295	3.80289080639731e-52	NA	NA
GCAAC	963	2439	480	1309	2254	601	1495526	1.0726429675425	-164.205876927823	-93.7062336914241	-26.5811111479998	NA	NA	134.250245086849	7.04578979613926e-30	NA	NA
GCACA	1738	7222	885	2072	5842	1228	2188154	0.928593194514982	-763.659268029034	-233.67153339088	-28.7861899882555	NA	NA	409.770686805248	1.04574533858579e-89	NA	NA
GCACC	1455	6070	658	1280	3679	898	1380417	0.715752169131125	-1474.20711848885	-259.618543650955	-27.8330805040896	NA	NA	463.570926293731	2.17196273631816e-101	NA	NA
GCAGA	1366	7658	941	2093	6594	1144	2689119	0.986552935273457	-660.749446555972	-292.030402749777	-28.7565729767084	NA	NA	526.547659546137	4.58805378075808e-115	NA	NA
GCAGC	929	4267	808	1416	3762	969	1882765	1.02381745502998	-349.90879086405	-181.973652850837	-27.6367435231805	NA	NA	308.673818655312	9.38278845918885e-68	NA	NA
GCATA	1359	8792	1072	2024	11080	1755	1611926	1.32397754611067	-100.752559635788	-93.4290934614837	-29.3405180312693	NA	NA	128.177150860429	1.46786237180205e-28	NA	NA
GCCAA	1562	1002	3836	1945	1794	5488	2116250	1.44171875	-150.334093440324	-89.9186749607325	-28.6058156006038	NA	NA	122.625718720257	2.35593611774056e-27	NA	NA
GCCAC	981	554	4091	1360	879	6540	2056954	1.56043370067544	-197.16374630481	-39.5825249515474	-27.6615660190582	NA	NA	23.8419178649783	6.64956624001597e-06	NA	NA
GCCCA	1529	1316	5139	2145	2240	7738	2178823	1.51841182364729	-212.897938054055	-50.4483051747084	-29.2084388434887	NA	NA	42.4797326624393	5.96545063203532e-10	NA	NA
GCCCC	1384	882	4399	1985	1401	6571	1322422	1.49392348087022	-142.107491500676	-32.7789892442524	-28.5240708515048	NA	NA	8.50983678549528	0.0141942490519784	NA	NA
GCCGA	917	743	13672	983	913	18544	362261	1.33315940516567	-74.0253307940438	-59.734778909944	-28.7120135603473	NA	NA	62.0455306991935	3.3649932337429e-14	NA	NA
GCCGC	569	331	9026	588	389	11381	215789	1.24501309691719	-44.6186735401861	-39.3728669611737	-26.9321989496239	NA	NA	24.8813360230997	3.95445403093311e-06	NA	NA
GCCTA	863	936	3410	885	1457	5024	1231312	1.41409099635247	-123.096573052928	-89.3501386959106	-27.6730296816677	NA	NA	123.354218028486	1.63671060104931e-27	NA	NA
TTCGC	9326	424	406	11563	314	464	186492	1.2151437573848	-92.8763949740678	-75.6261629029177	-26.6782931643538	NA	NA	97.8957394771278	5.523448023971e-22	NA	NA
GTCGC	4965	320	341	7117	358	378	161798	1.3958407394241	-74.8127061757259	-48.6711583316792	-25.8726286923047	NA	NA	45.5970592787489	1.25523309771227e-10	NA	NA
TGCGC	13104	585	952	15085	429	1186	214677	1.14063247045967	-192.953778422438	-82.0627890285105	-28.1820547357202	NA	NA	107.761468585581	3.98010395804409e-24	NA	NA
GGCGC	15403	661	1007	19406	616	1295	357348	1.24872590943706	-66.4958788231015	-59.1875187251717	-28.7198571804911	NA	NA	60.9353230893612	5.86222812386001e-14	NA	NA
TCCGC	16334	424	576	20812	393	518	289536	1.25320179993077	-87.7187406015582	-82.2054698104039	-27.5880418927409	NA	NA	109.234855835326	1.90525205887142e-24	NA	NA
TACGC	11686	404	429	12285	371	471	127907	1.0485661794073	-288.579915726092	-30.8244039460551	-26.8811826470774	NA	NA	7.88644259795547	0.0193856670276439	NA	NA
TTAGC	765	2943	628	914	3359	963	1833492	1.20756457564576	-67.5583424977958	-57.863283071667	-26.949941791594	NA	NA	61.8266825601459	3.75410542761284e-14	NA	NA
GTAGC	486	2672	303	642	2918	426	1245708	1.15169026292979	-67.4537924192846	-43.5626721419394	-25.6555853672326	NA	NA	35.8141735494137	1.67128696814385e-08	NA	NA
TGAGC	712	3091	828	1011	3408	1111	2443530	1.19412653854459	-74.3920660614967	-59.9388545900583	-27.2064493224025	NA	NA	65.4648105353117	6.08831358083759e-15	NA	NA
GGAGC	634	2598	859	864	2549	978	1564559	1.07333170373992	-135.623689718544	-61.8315523043275	-26.7918296903372	NA	NA	70.0794452279806	6.05957020267132e-16	NA	NA
TCAGC	1025	6742	1091	1471	6186	1744	2572843	1.06130051930458	-465.51033860445	-286.382126733661	-28.6259272918105	NA	NA	515.5123988837	1.14262811536112e-112	NA	NA
TAAGC	645	2058	579	672	2133	989	1497709	1.15600243753809	-130.85803938657	-109.680091585964	-26.2779754921794	NA	NA	166.804232187569	6.01064670146391e-37	NA	NA
GGAAA	2367	9059	1219	2606	9999	1782	4073418	1.13776196124951	-194.64938609302	-87.4323801696301	-29.7845151498914	NA	NA	115.295730039477	9.20132410455031e-26	NA	NA
GGAAC	693	2289	552	691	2065	875	1536030	1.02744765138653	-212.481519658118	-116.391127713025	-26.2797169201076	NA	NA	180.222821585834	7.33012762334706e-40	NA	NA
GGACA	1074	4939	1175	900	5028	1679	1914351	1.05829159710629	-276.601324774325	-127.188232913613	-28.1622124351561	NA	NA	198.052040956914	9.85248407042955e-44	NA	NA
GGACC	725	2430	681	542	2259	904	965237	0.96584984358707	-252.159472689033	-88.6781663093716	-26.3753712009639	NA	NA	124.605590216815	8.7546719535621e-28	NA	NA
GGAGA	1220	4923	1116	1732	5003	1447	3147906	1.1271525003444	-183.714832767844	-112.539996944368	-28.4503961205482	NA	NA	168.179201647639	3.0223891169464e-37	NA	NA
GGATA	991	4207	1807	1333	5474	2827	1643993	1.37530335474661	-82.9117918796837	-60.147443909198	-28.755136564374	NA	NA	62.7846146896482	2.32538114071086e-14	NA	NA
GGCAA	3839	1544	4410	5758	2025	6299	2102160	1.43796589400592	-132.067431986332	-44.0430138707161	-30.0114207081497	NA	NA	28.0631863251328	8.05668747178331e-07	NA	NA
GGCAC	1318	777	3975	2196	933	5982	1551581	1.50098846787479	-171.151740625501	-64.8295572847128	-28.1872951760888	NA	NA	73.284524217248	1.22030323273163e-16	NA	NA
GGCCA	2186	1334	6183	3643	1963	9709	2232714	1.57837782129238	-346.242979809642	-40.1469926908612	-29.7977103926241	NA	NA	20.6985645964742	3.20157593009609e-05	NA	NA
GGCCC	1561	884	4578	2578	1199	6852	1217623	1.51345578812473	-182.843540560454	-46.1185213718563	-28.67814688012	NA	NA	34.8807489834726	2.66527236252113e-08	NA	NA
GGCGA	1077	735	12940	1195	458	15753	266060	1.17990780911063	-213.742028951645	-155.175880380906	-28.4207541928627	NA	NA	253.510252376087	8.93198826019012e-56	NA	NA
GGCTA	1214	1066	3972	1939	1535	5556	1429403	1.44433781190019	-101.665130328387	-40.8340932168067	-28.453202355653	NA	NA	24.7617817223072	4.19804817405695e-06	NA	NA
TTCCC	10344	1978	1840	12276	2979	3081	2775756	1.29473238243186	-205.20314296335	-204.406469687819	-30.4076076596975	NA	NA	347.997724056244	2.71177944023934e-76	NA	NA
GTCCC	4265	1121	1427	6151	1776	2358	1382987	1.50961397328636	-175.235409576446	-46.7181390561163	-28.8155163675547	NA	NA	35.8052453771234	1.67876441470815e-08	NA	NA
TGCCC	8893	1268	2324	13526	1762	3976	2076431	1.54297156587905	-369.023134391755	-62.0360752046108	-30.1381625272334	NA	NA	63.7958253547549	1.40253122858723e-14	NA	NA
TCCCC	7522	1230	1664	10912	2089	2498	2055760	1.48799923195084	-212.382523994893	-50.752550907433	-29.6188979931176	NA	NA	42.2673058286309	6.63393415854102e-10	NA	NA
TACCC	5360	1015	2436	7695	1298	3897	1201060	1.46294404721371	-163.841644482687	-58.1326764412224	-29.351078029722	NA	NA	57.5631968230009	3.16454029126833e-13	NA	NA
TTACC	858	3193	948	886	3929	786	1585268	1.12042408481696	-139.862297676504	-86.4664957523346	-27.2144758366048	NA	NA	118.50403983146	1.85001269664018e-26	NA	NA
GTACC	456	2414	627	595	2609	397	886775	1.02973977695167	-192.963012726977	-99.8246405366808	-25.806226933375	NA	NA	148.036827206612	7.14844224757763e-33	NA	NA
TGACC	1200	3385	1271	1563	3397	852	1686614	0.992486338797814	-363.724878646433	-155.966169495136	-27.8091904520988	NA	NA	256.313958086073	2.19852386482753e-56	NA	NA
TCACC	1151	6164	1889	1536	5131	1647	2213525	0.903302911777488	-724.302877362818	-150.591618366539	-28.8126278482378	NA	NA	243.557981036603	1.29436394247988e-53	NA	NA
TAACC	891	2279	1017	905	2529	706	1291669	0.988774779078099	-245.816221456975	-93.2298732362688	-26.8366624340415	NA	NA	132.786421604455	1.4648559274567e-29	NA	NA
GTAAA	1068	5048	1120	1299	6853	1512	2797463	1.3355444997236	-43.051528967917	-35.2953592836857	-28.4330974370241	NA	NA	13.7245236933231	0.00104654413122501	NA	NA
GTAAC	440	1764	466	489	2187	689	1183999	1.26029962546816	-38.7632672376931	-38.2412591297179	-25.573928726837	NA	NA	25.3346608057618	3.15245071491408e-06	NA	NA
GTACA	752	4795	691	619	5215	974	1578449	1.09137544084643	-177.042471084744	-83.7285994552076	-27.2625086419284	NA	NA	112.932181626558	2.99977267732468e-25	NA	NA
GTAGA	444	4551	557	634	5532	868	1931741	1.26693083573487	-53.9341633208096	-53.3983748294413	-26.8500009141862	NA	NA	53.0967478305101	2.95248503553997e-12	NA	NA
GTATA	727	15018	1292	908	16380	1841	2069221	1.12279157128602	-264.999250944704	-89.4920734465122	-29.2067958787084	NA	NA	120.570555135608	6.58319337550039e-27	NA	NA
GTCAA	1369	1613	2628	1905	2371	3814	1700922	1.44206773618538	-83.4381276406348	-30.2713145427406	-28.5355668067932	NA	NA	3.47149547189474	0.176268348816648	NA	NA
GTCAC	675	719	2679	1090	957	4229	1474260	1.54087895899828	-139.3129167445	-40.2877739779651	-27.1072023287416	NA	NA	26.3611432984471	1.88690686442105e-06	NA	NA
GTCCA	1169	1101	3304	1894	1772	4551	1475487	1.47416576964478	-129.476955398917	-53.8675132729113	-28.3193510212004	NA	NA	51.0963245034218	8.02738534593178e-12	NA	NA
GTCGA	354	430	4084	387	458	5873	134706	1.38003286770748	-75.8246206364129	-59.041259632213	-25.9789018449374	NA	NA	66.1247155745514	4.37724095797089e-15	NA	NA
GTCTA	853	1520	2537	1312	2449	3446	1338157	1.46782077393075	-112.754249792546	-50.3888879045844	-28.0302687548101	NA	NA	44.7172382995486	1.94883504292088e-10	NA	NA
TTCAC	5697	1261	1253	7568	1660	1895	2717937	1.35464620630861	-58.3629481866956	-42.142862290144	-28.917280651629	NA	NA	26.45116327703	1.80386019146496e-06	NA	NA
TGCAC	6889	865	1911	10276	1120	3162	2080767	1.50625969994827	-233.920828349888	-56.7482871301472	-29.2448065429926	NA	NA	55.0069611743093	1.13603090924805e-12	NA	NA
TCCAC	6067	506	933	9193	748	1188	2111730	1.48268052224887	-155.338395439088	-44.4580408670008	-27.8092908971012	NA	NA	33.2974999397993	5.88219960270941e-08	NA	NA
TACAC	11046	982	1409	11274	1059	1961	1673373	1.06377911736251	-367.979406028986	-103.938969880342	-29.1689908280969	NA	NA	149.539958104491	3.3714031293141e-33	NA	NA
TTAAC	927	1974	1072	1085	2557	1323	2052108	1.24968537628996	-33.0271417349577	-31.3325614519417	-27.222157664597	NA	NA	8.22080757468939	0.0164011506120007	NA	NA
TGAAC	820	2141	1073	1059	2476	1037	2271716	1.13336638572137	-86.5052216798067	-50.0900076851249	-27.0522083118558	NA	NA	46.0755987465382	9.88122655863741e-11	NA	NA
TCAAC	710	2426	1112	864	2684	1584	1817653	1.20809792843691	-67.6580923311412	-58.2952643036842	-27.2102265395224	NA	NA	62.1700755283237	3.16183810647994e-14	NA	NA
TAAAC	875	1619	1344	968	1985	1704	2487364	1.21339239187077	-40.4371211305261	-33.1398227959871	-27.150578841567	NA	NA	11.9784879088402	0.00250555765007454	NA	NA
TAAAA	4844	6462	4629	6391	8854	4084	7591813	1.212990272984	-377.948302581906	-347.315843239427	-31.4440996348858	NA	NA	631.743487209082	6.58634936155006e-138	NA	NA
TAACA	1654	5428	1450	1506	6358	1782	2758691	1.1305672761369	-156.754020698369	-76.8851741552353	-28.9354706779122	NA	NA	95.8994069546461	1.4986781339513e-21	NA	NA
TAAGA	1284	4171	1165	2038	4957	1193	2780894	1.2368580060423	-118.966956600547	-113.503859736025	-28.394574560225	NA	NA	170.218570351601	1.09020228869341e-37	NA	NA
TAATA	2007	8071	2030	2684	11748	2382	3910123	1.38866864882722	-132.074148185551	-80.6472247987986	-30.1393212899566	NA	NA	101.015807017684	1.16063647156066e-22	NA	NA
TACAA	5568	3077	11146	7323	3946	14348	3090288	1.29437623162043	-34.2313721328974	-33.1843970492482	-31.8693938106298	NA	NA	2.63000647723675	0.268473453754768	NA	NA
TACCA	2589	1834	6770	4000	2497	9504	1970201	1.42955418565175	-136.659897711128	-46.5915487147868	-30.2418804615736	NA	NA	32.6993365064263	7.93285099125403e-08	NA	NA
TACGA	722	701	13479	680	559	14689	184457	1.06884981881627	-321.24806266604	-62.9101258879527	-27.9801300624385	NA	NA	69.8599916510284	6.76231753816036e-16	NA	NA
TACTA	1846	2353	6703	2167	3207	8412	1949624	1.26453861676757	-46.5172864869237	-45.1247764453292	-29.9505758136511	NA	NA	30.3484012633562	2.56997203951093e-07	NA	NA
TTCTA	6855	3531	2945	8085	5463	4485	3450552	1.3527117245518	-212.915833689272	-187.992993958294	-31.0101886466146	NA	NA	313.96561062336	6.65631551113231e-69	NA	NA
TGCTA	8216	1723	1304	11936	2448	1936	2020705	1.45156986569421	-149.768799584359	-30.7649092152715	-29.7058501169086	NA	NA	2.11811819672585	0.346781944575234	NA	NA
TCCTA	6385	1433	1196	9683	2520	1436	2060746	1.51309074772576	-273.149583589286	-97.8774662204087	-29.2062695212662	NA	NA	137.342393398285	1.50133706942045e-30	NA	NA
TTATA	4008	13222	2200	5245	18688	2433	4063048	1.35697375193001	-145.506828702986	-104.719138413668	-31.3478693366051	NA	NA	146.742538154125	1.36540883791437e-32	NA	NA
TGATA	2265	6205	1182	3297	8289	1467	2512762	1.35236220472441	-62.252287119627	-44.385020904243	-29.4832621961832	NA	NA	29.8035174161196	3.37480296843893e-07	NA	NA
TCATA	1988	10855	1767	3175	14222	2602	2561184	1.36885694729637	-128.027258388698	-86.9366731494665	-30.4340548142791	NA	NA	113.005236670375	2.89217550740722e-25	NA	NA
TCAAA	2662	6688	1218	3881	7493	1754	4344132	1.24224072672218	-143.308689005673	-136.527065515518	-29.738651253283	NA	NA	213.57682852447	4.19161083893134e-47	NA	NA
TCACA	2190	6050	1925	2379	6467	1982	3181747	1.06522380718151	-229.379454664886	-31.213551543653	-29.5619863569736	NA	NA	3.30313037335873	0.191749549782153	NA	NA
TCAGA	1288	6419	1021	2208	7430	1383	3091190	1.26271769019248	-155.933804236352	-154.578330561519	-28.8614830896258	NA	NA	251.433694943786	2.52270728116563e-55	NA	NA
TCCAA	2036	1142	5657	2287	1937	8315	2680781	1.41924165251839	-192.917141586542	-131.107684336603	-29.3246966078877	NA	NA	203.56597545743	6.25475175710063e-45	NA	NA
TCCCA	2227	2094	9776	3316	3618	14361	3861848	1.51060509328226	-336.58798263222	-67.9453736916184	-30.7169047221541	NA	NA	74.4569379389286	6.7901810907905e-17	NA	NA
TCCGA	546	328	10140	367	368	12657	186393	1.21590702741965	-129.822798775043	-111.629084804095	-26.7426255703904	NA	NA	169.77291846741	1.36232010672214e-37	NA	NA
TTCGA	12022	714	681	15742	727	739	289898	1.28255198628606	-63.3641767720692	-63.364117488265	-28.1375228906982	NA	NA	70.4531891951337	5.02671601081101e-16	NA	NA
TGCGA	10976	905	1215	13460	663	1382	209110	1.18394929749542	-175.812542539556	-128.243741781451	-28.6746142022312	NA	NA	199.138255158439	5.72370608486374e-44	NA	NA
TTAGA	950	4560	1041	1199	5529	1500	2643577	1.25599145168677	-46.9716813862324	-45.1483032852411	-28.1360212638974	NA	NA	34.0245640426874	4.08940189168262e-08	NA	NA
TGAGA	1762	5789	1454	1598	5802	2139	3987977	1.05930038867296	-347.918878376484	-162.139798425138	-29.0768126249313	NA	NA	266.125971600413	1.62734457848202e-58	NA	NA
TGAAA	2968	6348	1526	3311	7692	2107	5179285	1.20918649695628	-81.9206670075655	-58.7167248725891	-29.9054485857487	NA	NA	57.6225525736809	3.07200340008143e-13	NA	NA
TGACA	1441	5665	1609	1182	6210	2300	2630656	1.11210556511761	-260.218749031425	-157.115547969937	-28.9344226494431	NA	NA	256.362250640988	2.14607348665867e-56	NA	NA
TGCAA	4431	2048	7445	6914	2487	10349	2939717	1.41841424877909	-191.217659540474	-95.1443732529879	-30.9285999983549	NA	NA	128.431546509266	1.29254009629827e-28	NA	NA
TGCCA	2685	1484	9220	4742	2210	13853	2675497	1.55388751960565	-434.711563013494	-77.7218176871538	-30.5215799510479	NA	NA	94.4004754722118	3.17100704347371e-21	NA	NA
TTCCA	8640	2821	2376	10564	4140	3832	3723115	1.33959673339597	-172.210404410958	-155.061262488365	-30.8229158073664	NA	NA	248.476693361998	1.10655140937311e-54	NA	NA
TTACA	1338	6145	1637	1747	8073	1569	3413321	1.24879385964912	-105.206739246845	-101.106505930424	-29.0824114754796	NA	NA	144.048188909888	5.25210275336409e-32	NA	NA
TTAAA	3244	7472	24464	4158	10503	18919	6111322	0.954519613416714	-2952.25126284361	-1341.35162070394	-32.7823926061392	NA	NA	2617.13845619559	0	NA	NA
TTCAA	3294	3246	6976	4325	4529	8682	4061535	1.29742527374963	-51.7049805521965	-50.5657952353358	-30.9572825655341	NA	NA	39.2170253396034	3.04881553845363e-09	NA	NA
Summary	NA	NA	NA	NA	NA	NA	NA	1.28266142961126	-109405.371800639	-55240.4451360865	-14587.4407855257	108329.853329105	-22822.1171182659	81306.0087011217	-16463.9555973571	189635.862030226	-39244.0473944712
