	s1	s2	s3	p1	p2	p3	same
AAA	0.000675320406795981	0.00111632516613419	0.000441004759338213	0.000824441822807297	0.0014234139896399	0.000495765113350667	0.995023728741934
AAC	0.000880274556860639	0.0021937602731698	0.000638793048696243	0.000732456194132174	0.00280426784699558	0.000747225798848319	0.992003222281297
AAG	0.000476798024864852	0.00175432470499183	0.000468113138571893	0.000719796231580953	0.00199301395784021	0.000483428902060247	0.99410452504009
AAT	0.000474580286897809	0.00264647426294311	0.000647000863399928	0.000639062945183832	0.00385715378938316	0.000769026900290495	0.990966700951902
ACA	0.00127809610281492	0.000990933751581673	0.00370052304838667	0.00144462514836244	0.0011751556819631	0.00473477462261275	0.986675891644278
ACC	0.00191583408370168	0.000902381603432795	0.00351302220926703	0.00285665111885502	0.00123321923301087	0.00503709988953079	0.984541791862202
ACG	0.00291886437682099	0.00275506353985155	0.0532464269107749	0.00310438790543153	0.00218185846042086	0.0614084836700155	0.874384915136685
ACT	0.000803052490530319	0.00109220070399842	0.00341527780813381	0.00111086265866164	0.0015101332172145	0.0041525090801898	0.987915964041271
TCT	0.0022113108895393	0.00115323990613737	0.000903594181612739	0.00271366584483273	0.00169688211551885	0.00138150115570272	0.989939805906656
GCT	0.00298064247774382	0.000784548294411239	0.000698437320430037	0.00425178716618698	0.00113014870763818	0.00109366884759395	0.989060767185996
CCT	0.00294695990668655	0.000756020906885848	0.000708287576950127	0.00441139866707803	0.00125940951734334	0.00094046645416476	0.988977456970891
TAT	0.000814452762030308	0.00393840305173479	0.000621868403192007	0.000905401716322762	0.00528624455893679	0.000598441214189913	0.987835188293593
GAT	0.000984281509282001	0.00219015224229809	0.000494691564960559	0.00146562272932331	0.0026795765495858	0.000569857650870658	0.99161581775368
CAT	0.000806277392408478	0.00464563997295573	0.000715770762337034	0.00121301864027253	0.00559223735094443	0.000986357100958458	0.986040698780123
CAA	0.000733463797059013	0.00188874937016925	0.000338014587743851	0.000946858720859939	0.00202207476696959	0.000471107831667992	0.99359973092553
CAC	0.000919617167412426	0.00286992242468495	0.000559628919314424	0.000884201480210859	0.00269928598005602	0.000722632672736122	0.991344711355585
CAG	0.000520856048183726	0.00267873728000794	0.00045967039282884	0.000790539718345542	0.00274376706030659	0.000603962368396497	0.992202467131931
CCA	0.000829600400412187	0.000530075564745043	0.00228046415528114	0.00113930133672762	0.000842705232466566	0.00352500126456665	0.990852852045801
CCC	0.00105440462803855	0.00091389942637665	0.00306945925341909	0.00145737934043382	0.00146534613021877	0.00455302036210074	0.987486490859412
CCG	0.00263469152566912	0.00197382939248555	0.0406583946031928	0.0025364184463824	0.0023303368801158	0.0524542777201113	0.897412051432043
TCG	0.0320723741597651	0.00272400317038763	0.00204575992169926	0.0432265829934051	0.00249642138332359	0.00243429223077198	0.915000566140647
GCG	0.0406930808582874	0.0026868183390365	0.00338545528643313	0.0501416413063136	0.00186280264812742	0.00406231713212284	0.897167884429679
TAG	0.000426488145260768	0.00223413300979013	0.000388839631509838	0.000535166396106689	0.00255999569416632	0.000543184772435727	0.993312192350731
GAG	0.000447452112738652	0.00152154414795488	0.000447043629889703	0.000544071922610038	0.00160005455152287	0.000622092146759282	0.994817741488525
GAA	0.000542263336075446	0.00140832581508769	0.000321671390389309	0.000594852420091189	0.00156154639590187	0.000462170250709051	0.995109170391745
GAC	0.000686143254131606	0.00220741700422696	0.00070483912397241	0.000531986869992061	0.00231659701931795	0.000964890460801983	0.992588126267557
GCA	0.00118351973013951	0.000660894095705411	0.00246560801734021	0.00183452845464495	0.000851314226832959	0.00351827331460837	0.989485862160729
GCC	0.00115446068998514	0.000850580806590961	0.00312361849820299	0.00192547507497994	0.00117862560624441	0.00471284563306019	0.987054393690936
TCC	0.00274095949055781	0.000792882067586961	0.00077871025108731	0.00362422756943169	0.00120229667452261	0.00126164670353785	0.989599277243276
TAC	0.000480201475836601	0.00251856658435941	0.000593450572246023	0.000595941736028773	0.00319216936275833	0.000519822842666992	0.992099847426104
TAA	0.000539905908956685	0.00157130773254268	0.000928782721027448	0.000658262461928082	0.00202428996678915	0.000888714205757352	0.993388737002999
TCA	0.000718360664613064	0.000727709178268599	0.00201782675329955	0.00101907875072182	0.00102332188677421	0.00288844112332194	0.991605261643001
