Context	s1	s2	s3	p1	p2	p3	same	alpha	likelihood_0	likelihood_1	likelihood_2	Chi_stat_0v1	p_0v1	Chi_stat_1v2	p_1v2	Chi_stat_0v2	p_0v2
AAA	55903	92499	36648	63434	109317	38180	86875186	1.13985949743313	-517.026794672012	-268.978005647659	-38.5540013313293	NA	NA	460.84800863266	8.47474086221005e-101	NA	NA
AAC	27355	68187	19832	21172	81171	21582	32462998	1.07411548529131	-2465.65877938271	-1725.21207165718	-36.7530157566071	NA	NA	3376.91811180115	0	NA	NA
AAG	20205	74745	19964	28501	78622	19111	44549306	1.09850844979724	-1591.72160005569	-1122.56768226624	-36.7236145734787	NA	NA	2171.68813538551	0	NA	NA
AAT	26036	145217	35585	32363	196214	39131	57349179	1.29428828358425	-1601.1491792202	-793.173878550529	-38.3491730690002	NA	NA	1509.64941096306	0	NA	NA
ACA	55184	42905	159416	57968	47404	189475	44833124	1.14501465990952	-705.00966668129	-421.82635140419	-39.2327990531921	NA	NA	765.187104701996	6.94594599287768e-167	NA	NA
ACC	46119	21758	84501	63897	27859	112988	24906026	1.34365853338408	-1425.00059401989	-101.984819591045	-38.0096302628517	NA	NA	127.950378656387	1.64410025254187e-28	NA	NA
ACG	14188	13396	257740	14168	9947	277326	4523099	1.05648666077862	-3070.7113853842	-803.95867241919	-36.8623136430979	NA	NA	1534.19271755219	0	NA	NA
ACT	27170	37091	115615	35079	48091	130732	35293802	1.18916364606729	-500.623417019844	-497.01252758503	-38.2161605358124	NA	NA	917.592734098434	5.58816824713873e-200	NA	NA
TCT	105100	54935	42838	120063	75733	60790	49483315	1.26476169820528	-1733.99837040901	-1343.65600764751	-39.0528556108475	NA	NA	2609.20630407333	0	NA	NA
GCT	85764	22711	20118	114508	30644	29390	29960139	1.35732116056084	-1462.09532916546	-130.974355697632	-37.2917783856392	NA	NA	187.365154623985	2.06145387981003e-41	NA	NA
CCT	107767	27669	25835	150721	43423	32301	37992175	1.40412721444029	-3271.13668131828	-524.402960538864	-37.9885985851288	NA	NA	972.828723907471	5.66143707974292e-212	NA	NA
TAT	37220	180114	28361	38474	223594	25329	47658776	1.16973076375181	-1815.20822358131	-1743.65606689453	-38.4549545049667	NA	NA	3410.40222477913	0	NA	NA
GAT	28248	62681	14186	39097	71382	15171	29955721	1.19535746563288	-619.618212342262	-619.59358137846	-36.6254858970642	NA	NA	1165.93619096279	6.60956696154434e-254	NA	NA
CAT	32063	184180	28424	44941	205878	36386	41244073	1.17386079855477	-1139.20084750652	-1088.61977779865	-38.609335064888	NA	NA	2100.02088546753	0	NA	NA
CAA	30007	77249	13850	36090	77040	17996	42822832	1.08273743662577	-1448.84633255005	-778.769237518311	-36.832598567009	NA	NA	1483.8732779026	5.92878775009496e-323	NA	NA
CAC	28724	89114	17395	25726	78347	21000	32493541	0.924870408849911	-5330.14554029703	-836.005398750305	-36.9114266037941	NA	NA	1598.18794429302	0	NA	NA
CAG	21650	110951	19161	30765	106152	23503	43390872	1.05704985437725	-3325.78170764446	-2053.62044858932	-37.2260029315948	NA	NA	4032.78889131546	0	NA	NA
CCA	31799	20312	87490	40788	30445	126572	39953076	1.41693111080866	-2994.3063532114	-321.023375034332	-37.6863515377045	NA	NA	566.674046993256	8.87757145349847e-124	NA	NA
CCC	27684	24154	80765	35988	36313	112397	27297335	1.39286441483224	-2253.3909059763	-228.65882563591	-37.6282550096512	NA	NA	382.061141252518	1.08762029314212e-83	NA	NA
CCG	12860	9598	198086	11636	10784	240385	4655393	1.19162162652351	-581.337788894773	-579.57537612319	-36.3969302922487	NA	NA	1086.35689166188	1.2606609105835e-236	NA	NA
TCG	135121	11502	8645	170365	9889	9633	4097204	1.22296287708993	-894.650683358312	-850.145229406655	-35.7966085448861	NA	NA	1628.69724172354	0	NA	NA
GCG	168260	11114	14001	194714	7296	15848	3951548	1.12660892049127	-1768.00872799009	-1390.43660327792	-36.2848000004888	NA	NA	2708.30360655487	0	NA	NA
TAG	11764	61688	10722	13641	65316	13920	28881201	1.10339297170148	-592.346883893013	-282.797174155712	-35.4264082312584	NA	NA	494.741531848907	3.70033782265742e-108	NA	NA
GAG	15628	53127	15581	17801	52264	20308	36546539	1.07158271675204	-1195.42150354385	-630.227934837341	-35.8917247056961	NA	NA	1188.67242026329	7.63947553684753e-259	NA	NA
GAA	23033	59715	13688	23506	61469	18278	44448360	1.07068936911527	-1182.598965168	-526.729020833969	-36.2469351291656	NA	NA	980.964171409607	9.6902884757842e-214	NA	NA
GAC	13517	43289	13870	9788	42504	17721	20559070	0.990619163506707	-2420.5048443079	-1099.7875418067	-35.1870566606522	NA	NA	2129.20097029209	0	NA	NA
GCA	35508	19873	74093	51311	23894	98487	31258623	1.34152030523503	-1423.82946479321	-328.771441936493	-37.5150337815285	NA	NA	582.512816309929	3.22811590300642e-127	NA	NA
GCC	27280	20025	73628	42550	26131	104095	24452911	1.42869192031952	-2869.7684559226	-312.894605636597	-37.361574947834	NA	NA	551.066061377525	2.17533020307399e-120	NA	NA
TCC	88270	25560	25065	108947	36345	37989	33477302	1.31956513913388	-1585.39143514633	-733.754579305649	-37.6641790866852	NA	NA	1392.18080043793	4.9179066298935e-303	NA	NA
TAC	11524	60507	14288	13284	71145	11605	25107032	1.11254764304498	-1047.30712169409	-790.311192154884	-35.4879714250565	NA	NA	1509.64644145966	0	NA	NA
TAA	24418	70907	41978	27543	84360	37157	47307115	1.08562813631166	-1951.10034120083	-1230.33637559414	-37.5138068199158	NA	NA	2385.64513754845	0	NA	NA
TCA	30120	30669	84396	39706	40197	112760	43733329	1.32701725384854	-1044.47501254082	-44.4946982860565	-37.9153196811676	NA	NA	13.1587572097778	0.0013887119656046	NA	NA
Summary	NA	NA	NA	NA	NA	NA	NA	1.19610765200369	-55827.3711488917	-24203.9558179602	-1191.69670023024	63246.8306618631	-13680.1492863225	46024.5182354599	-9892.79085039469	109271.348897323	-23566.2543735968
