Context	s1	s2	s3	p1	p2	p3	same	alpha	likelihood_0	likelihood_1	likelihood_2	Chi_stat_0v1	p_0v1	Chi_stat_1v2	p_1v2	Chi_stat_0v2	p_0v2
AAAAA	14499	17546	9533	2950	4983	1863	14801180	0.23560536822358	-499.297379553318	-181.59554374218	-31.7871187925339	NA	NA	299.616849899292	8.69015858250847e-66	NA	NA
AAAAC	2903	3403	1510	775	1001	499	4770169	0.291069600818833	-35.2565941363573	-34.0044676661491	-27.1130414903164	NA	NA	13.7828523516655	0.00101646315159056	NA	NA
AAAAG	2675	6901	1446	846	1686	464	5758589	0.271819996370895	-68.8320366442204	-52.8962178379297	-27.6719442754984	NA	NA	50.4485471248627	1.10978073580767e-11	NA	NA
AAAAT	5214	5827	6042	1815	1865	1538	9377963	0.30544986243634	-74.300549775362	-73.6995769441128	-29.6671053171158	NA	NA	88.064943253994	7.53252441182956e-20	NA	NA
AAACA	4620	9718	2596	924	3087	893	5396091	0.289594897838668	-129.883988529444	-126.285628005862	-29.0818139016628	NA	NA	194.407628208399	6.09424506892801e-43	NA	NA
AAACC	3869	4686	1826	693	1347	557	2729612	0.250168577208361	-140.669538244605	-93.7065668702126	-27.6577759832144	NA	NA	132.097581773996	2.06716232608429e-29	NA	NA
AAACG	319	732	191	60	198	68	469881	0.262479871175523	-30.9808386079967	-27.8083302211016	-21.1234942497686	NA	NA	13.3696719426662	0.00124971972684447	NA	NA
AAACT	3610	6032	2872	613	1749	967	3995235	0.266022055298066	-157.846891529858	-131.629153981805	-28.3211999610066	NA	NA	206.615908041596	1.36121157064288e-45	NA	NA
AAAGA	2093	10625	2222	828	2765	543	6059728	0.276840696117805	-99.7843609899282	-85.1017447113991	-28.2946291267872	NA	NA	113.614231169224	2.13296224783392e-25	NA	NA
AAAGC	962	3653	1112	316	1005	292	2830128	0.281648332460276	-33.8748368173838	-30.2955445498228	-25.7288889065385	NA	NA	9.13331128656864	0.0103926584198337	NA	NA
AAAGG	1377	5447	1508	523	1350	363	3443477	0.268362938070091	-76.7195302918553	-61.5714262500405	-26.76811401546	NA	NA	69.606624469161	7.67562139200963e-16	NA	NA
AAAGT	2153	5256	2651	728	1531	706	4042976	0.294731610337972	-38.869141869247	-38.242266073823	-27.8164098635316	NA	NA	20.8517124205828	2.96556999369042e-05	NA	NA
AAATA	3459	13288	3937	1012	4659	1166	7852150	0.330545349062077	-82.1413255780935	-52.7747281044722	-29.686655074358	NA	NA	46.1761460602283	9.39674161818443e-11	NA	NA
AAATC	1610	5780	1564	465	1786	512	3391082	0.308577172213536	-29.9499568492174	-29.0664463937283	-27.1470377072692	NA	NA	3.83881737291813	0.146693678447993	NA	NA
AAATG	2168	10278	2230	644	3390	819	5522113	0.330675933496866	-57.7029031813145	-36.6857411265373	-28.4789288043976	NA	NA	16.4136246442795	0.000272788899954339	NA	NA
AAATT	3039	9898	9832	877	3019	2024	6543477	0.260002635161843	-196.869532987475	-130.771015450358	-29.9190461188555	NA	NA	201.703938663006	1.58688783272645e-44	NA	NA
AACAA	14626	4848	11460	2747	1450	3228	4498272	0.240027154587186	-396.553560741246	-192.544628173113	-30.8598778545856	NA	NA	323.369500637054	6.04233957650104e-71	NA	NA
AACAC	2309	1365	7298	626	310	2201	2380315	0.285909588042289	-44.3716572597623	-40.2453478127718	-27.3769370615482	NA	NA	25.7368215024471	2.57822146544479e-06	NA	NA
AACAG	2785	5032	10546	854	1505	2728	3053656	0.277024451342373	-62.2299032360315	-44.4806933104992	-29.3584847152233	NA	NA	30.2444171905518	2.70712464682076e-07	NA	NA
AACAT	3783	1980	14116	853	504	4150	3796081	0.277026007344434	-76.4989831671119	-57.2826783955097	-28.8538459390402	NA	NA	56.8576649129391	4.50313469184909e-13	NA	NA
AACCA	5848	2363	7042	1897	866	2108	2602481	0.319347013702223	-50.2215358018875	-41.7230516672134	-29.1433200836182	NA	NA	25.1594631671906	3.44105797292048e-06	NA	NA
AACCC	5701	1450	6249	2163	463	1958	1870061	0.342089552238806	-84.8441371545196	-48.6455831825733	-28.5414671450853	NA	NA	40.208232074976	1.85734825188272e-09	NA	NA
AACCG	370	186	614	130	65	195	226369	0.333333333333333	-23.9111019200645	-21.9308617436327	-21.4504396533594	NA	NA	0.960844180546701	0.61852226446868	NA	NA
AACCT	6545	2265	8120	2694	708	2398	2357653	0.342587123449498	-149.79130987823	-102.970923043787	-29.3878214657307	NA	NA	147.166203156114	1.10475257707978e-32	NA	NA
AACGA	1227	1047	17845	212	162	4860	305524	0.260152095034544	-135.554708843585	-78.5395903787576	-26.8690821542405	NA	NA	103.341016449034	3.62897019193379e-23	NA	NA
AACGC	619	521	12838	138	77	3556	199190	0.269781084561454	-69.1735916645266	-46.3886348851956	-25.2686987197958	NA	NA	42.2398723307997	6.72555711570459e-10	NA	NA
AACGG	831	815	15956	179	105	4397	237871	0.265935689126236	-105.173340857495	-68.799558442086	-26.1370605281554	NA	NA	85.3249958278611	2.96423459661209e-19	NA	NA
AACGT	1526	961	17085	327	132	4987	405242	0.278254649499285	-103.8746487014	-87.082624736242	-27.0505714891478	NA	NA	120.064106494188	8.48028674706994e-27	NA	NA
AACTA	2526	3013	5678	647	955	1587	2418866	0.284300615137737	-42.6191044561565	-37.4326629713178	-28.107554346323	NA	NA	18.6502172499895	8.91572739258029e-05	NA	NA
AACTC	1575	2076	6762	514	614	2323	2344004	0.331412657255354	-48.9391703307629	-33.3021165318787	-27.6271795295179	NA	NA	11.3498740047216	0.00343088510715184	NA	NA
AACTG	2462	2946	9368	792	894	1779	2595021	0.234501894964808	-250.836755603552	-134.004285052419	-28.4584760069847	NA	NA	211.091618090868	1.45223715403654e-46	NA	NA
AACTT	3326	3344	9608	1069	967	2716	3090439	0.291927755252488	-37.5083591341972	-35.343180000782	-29.0856902077794	NA	NA	12.5149795860052	0.00191604944575954	NA	NA
TTCTT	17281	4942	9403	3328	1525	3769	6039379	0.272623790552077	-559.136754453182	-515.992098852992	-31.0534993708134	NA	NA	969.877198964357	2.47652195803114e-211	NA	NA
GTCTT	4684	2069	1894	1448	814	745	2546804	0.34775066497051	-79.5129695907235	-49.4405891150236	-27.6249512210488	NA	NA	43.6312757879496	3.35419914149358e-10	NA	NA
CTCTT	9094	5117	2188	2742	1628	802	3494687	0.315385084456369	-46.3541896119714	-40.6838588491082	-29.1833514124155	NA	NA	23.0010148733854	1.01249545214266e-05	NA	NA
ATCTT	6340	2732	4292	1775	1050	1678	3287086	0.336950014965579	-115.590188905597	-87.7512980028987	-28.958855047822	NA	NA	117.584885910153	2.92931750593687e-26	NA	NA
TGCTT	12675	2081	1856	4140	621	671	3255614	0.326992535516494	-52.7403430715203	-34.404625788331	-28.4519875273108	NA	NA	11.9052765220404	0.00259897469184768	NA	NA
GGCTT	6057	1309	1454	2505	386	505	1980943	0.385034013605442	-146.423803113401	-51.1703354902565	-27.0983572639525	NA	NA	48.1439564526081	3.51295581849499e-11	NA	NA
CGCTT	1028	213	198	396	50	59	343717	0.350938151494093	-34.1261748755351	-28.4381386782043	-21.2929460839368	NA	NA	14.2903851885349	0.000788646325501587	NA	NA
AGCTT	7012	2284	2155	2304	727	812	2465798	0.335603877390621	-57.0879866331816	-34.9525675997138	-28.1585983410478	NA	NA	13.5879385173321	0.00112051233235502	NA	NA
TCCTT	12013	1948	2646	3626	804	826	3693837	0.316493045101463	-65.5834242925048	-58.940790116787	-28.7365827336907	NA	NA	60.4084147661924	7.62920708219184e-14	NA	NA
GCCTT	5530	1063	1289	1962	430	415	2037360	0.356127886323268	-70.0198295637965	-32.2670492045581	-26.7227094247937	NA	NA	11.0886795595288	0.00390952349864929	NA	NA
CCCTT	7477	2028	1664	2510	878	552	2266488	0.352762109409974	-96.6905476227403	-49.3664106577635	-27.9459928125143	NA	NA	42.8408356904984	4.9800159044259e-10	NA	NA
ACCTT	7072	1934	2850	2373	781	1025	2134475	0.35247975708502	-88.1148165054619	-38.4204040840268	-28.3858221955597	NA	NA	20.0691637769341	4.38567512569415e-05	NA	NA
TACTT	10601	2703	2214	2631	832	698	2744434	0.268140224255703	-81.4182453453541	-52.83615668118	-28.5206603482366	NA	NA	48.6309926658869	2.75368410590989e-11	NA	NA
GACTT	5765	1894	1541	1626	594	556	2089324	0.301739130434783	-39.951099190861	-39.9386608190835	-27.3350870609283	NA	NA	25.2071475163102	3.35998597483169e-06	NA	NA
CACTT	9882	3215	2036	2996	1088	725	3041406	0.317782330007269	-45.8281995430589	-38.7480290532112	-28.7487064376473	NA	NA	19.9986452311277	4.54306933865311e-05	NA	NA
TTATT	9671	11880	5049	1879	3753	831	6388351	0.24296992481203	-430.135456338525	-271.756622314453	-30.3001889139414	NA	NA	482.912866801023	1.37026117980432e-105	NA	NA
GTATT	1524	7545	850	448	2458	152	2753014	0.308297207379776	-58.8410425037146	-57.9318134859204	-26.4815855398774	NA	NA	62.900455892086	2.19452002650032e-14	NA	NA
CTATT	1600	15050	1964	461	5355	589	2869884	0.344095841839476	-100.054206572473	-44.8618172779679	-28.3483495041728	NA	NA	33.0269355475903	6.73429394159835e-08	NA	NA
ATATT	4616	13030	1886	787	3994	310	5396944	0.260649191071063	-253.973125442863	-199.098527520895	-28.5877473950386	NA	NA	341.021560251713	8.87378876351368e-75	NA	NA
TGATT	2788	4971	1335	1050	1374	376	3393221	0.307895315592699	-57.9135336503386	-57.1667798906565	-27.3887317255139	NA	NA	59.5560963302851	1.16830974721323e-13	NA	NA
GGATT	2074	4016	872	811	1032	200	2408417	0.293450158000575	-73.5193533860147	-72.8834316469729	-26.3334742896259	NA	NA	93.099914714694	6.07589677446377e-21	NA	NA
CGATT	197	454	111	74	120	30	323252	0.293963254593176	-22.7445138962939	-22.6842712275684	-19.8198566194624	NA	NA	5.72882921621203	0.0570164983605922	NA	NA
AGATT	3259	5926	1288	1235	1624	299	3135723	0.30153728635539	-76.3596149682999	-76.3510736376047	-27.5864860713482	NA	NA	97.529175132513	6.63450777973953e-22	NA	NA
TCATT	3280	11997	2644	1102	3520	789	4125786	0.301936275877462	-36.7352684736252	-36.6993116289377	-29.1160420551896	NA	NA	15.1665391474962	0.000508894631449535	NA	NA
GCATT	1654	8170	1387	582	2195	526	2403606	0.294621354027295	-61.9470319598913	-61.2233469858766	-27.5009730309248	NA	NA	67.4447479099035	2.2623462533419e-15	NA	NA
CCATT	2259	11984	1657	745	3637	498	3018743	0.306918238993711	-31.4753258228302	-30.505832657218	-28.2854313924909	NA	NA	4.44080252945423	0.108565536563134	NA	NA
ACATT	3724	14497	2564	1330	4507	762	3868061	0.317488573490498	-50.4114529341459	-41.0193211361766	-29.4582761824131	NA	NA	23.122089907527	9.53019905075422e-06	NA	NA
TAATT	3457	6191	2209	931	2089	666	4759186	0.310871215315847	-47.4634516090155	-45.5021263062954	-28.2929773628712	NA	NA	34.4182978868484	3.3586254584503e-08	NA	NA
GAATT	1756	5091	1263	610	1442	327	3165945	0.293341553637485	-39.3896826207638	-38.6267874538898	-26.8247933983803	NA	NA	23.6039881110191	7.48960832013414e-06	NA	NA
CAATT	1952	17362	1382	572	6386	336	2970522	0.352435253189022	-157.250377908349	-70.6869981139898	-28.2584812566638	NA	NA	84.8570337146521	3.74566776528278e-19	NA	NA
ACAAA	4216	8619	1737	1196	2696	594	5427798	0.307850672522646	-37.4331944584846	-36.2516456246376	-28.6329084485769	NA	NA	15.2374743521214	0.000491161690384708	NA	NA
ACAAC	1617	2602	783	423	609	239	1883363	0.254098360655738	-50.6796927191317	-31.5128575265408	-25.4384162053466	NA	NA	12.1488826423883	0.00230093130866196	NA	NA
ACAAG	1645	5062	735	415	1145	217	2361752	0.238779897876915	-84.1389963775873	-32.8901946209371	-26.0056308284402	NA	NA	13.7691275849938	0.00102346250002161	NA	NA
ACAAT	2441	5641	1590	720	1592	565	3066002	0.297456575682382	-38.437138967216	-38.2530163154006	-27.5611519515514	NA	NA	21.3837287276983	2.2729103461259e-05	NA	NA
ACACA	2994	9271	2204	813	2320	672	4258351	0.262976017692999	-74.7111703753471	-38.7315961495042	-28.4105037748814	NA	NA	20.6421847492456	3.29311225024994e-05	NA	NA
ACACC	2439	5971	1139	373	952	335	1796234	0.173840192690334	-374.483965232968	-72.5988191142678	-26.5742982700467	NA	NA	92.0490416884422	1.02755378925689e-20	NA	NA
ACACG	319	1476	241	84	259	74	449777	0.204813359528487	-68.0999014526606	-32.9623265303671	-21.9334096005186	NA	NA	22.057833859697	1.62256549438718e-05	NA	NA
ACACT	2394	6834	1902	731	2140	684	2332343	0.319407008086253	-40.0297526605427	-33.7865482084453	-27.9868485592306	NA	NA	11.5993992984295	0.00302846421039342	NA	NA
ACAGA	1442	8269	1399	629	2172	377	3910649	0.286048604860486	-89.1053129956126	-85.0030954778194	-27.3110011965036	NA	NA	115.384188562632	8.80322504321406e-26	NA	NA
ACAGC	861	4208	1096	283	1040	265	2089827	0.257583130575831	-55.001490958035	-34.8580968789756	-25.6498675942421	NA	NA	18.4164585694671	0.000100211331715623	NA	NA
ACAGG	1372	7474	1341	510	1812	401	2856356	0.267301462648474	-83.0894015356898	-63.3196067884564	-27.0493976175785	NA	NA	72.5404183417559	1.77030583009912e-16	NA	NA
ACAGT	1823	7370	2081	690	2077	634	2520622	0.301667553663296	-49.3064754903316	-49.293553031981	-27.851836040616	NA	NA	42.8834339827299	4.87506744182924e-10	NA	NA
ACATA	2420	17897	2651	845	5838	1046	3300956	0.33651166840822	-92.0937791243196	-45.4235975518823	-29.4246721714735	NA	NA	31.9978507608175	1.12656172224216e-07	NA	NA
ACATC	1547	7399	2020	430	2007	744	1959924	0.290078424220317	-54.3520298227668	-52.220692243427	-27.5826129838824	NA	NA	49.2761585190892	1.99442694485046e-11	NA	NA
ACATG	2551	16881	2611	860	5254	1036	3058557	0.324366011885859	-73.9658381193876	-54.2346973121166	-29.3653807416558	NA	NA	49.7386331409216	1.58267974650224e-11	NA	NA
ACCAA	4439	2285	4531	1445	966	1513	2438779	0.348645046645935	-90.8728314936161	-50.275796443224	-28.5217423811555	NA	NA	43.5081081241369	3.56725669588952e-10	NA	NA
ACCAC	2044	1320	5117	670	522	1753	2160835	0.347246786935503	-61.6999156884849	-32.8251661546528	-27.3026479072869	NA	NA	11.0450364947319	0.00399577291708872	NA	NA
ACCAG	2477	1813	4764	918	770	1596	2184469	0.362712613209631	-96.2665070407093	-42.3115108683705	-27.8262775540352	NA	NA	28.9704666286707	5.11850465397411e-07	NA	NA
ACCAT	2713	1562	6497	940	589	2062	2587578	0.333364277757148	-53.7458456605673	-35.4742825701833	-27.9584140256047	NA	NA	15.0317370891571	0.000544376995562076	NA	NA
ACCCA	3379	2228	6480	1214	914	1996	2469386	0.341193017291305	-86.8763218894601	-55.5778864324093	-28.5751747786999	NA	NA	54.0054233074188	1.87443908915959e-12	NA	NA
ACCCC	2673	1365	5462	1018	531	1847	1548323	0.357473684210526	-82.1241970993578	-34.4771734550595	-27.7284313030541	NA	NA	13.4974843040109	0.00117235333603464	NA	NA
ACCCG	430	310	907	165	102	292	363848	0.339404978749241	-28.0822303686291	-24.1794106895104	-22.5218568127602	NA	NA	3.31510775350034	0.190604652795651	NA	NA
ACCCT	3062	2659	6096	1180	1154	1999	1826393	0.366675129051367	-137.944090027362	-58.5815190523863	-28.6857753805816	NA	NA	59.7914873436093	1.03858845570303e-13	NA	NA
ACCGA	837	480	8678	155	132	2638	206485	0.292646323161581	-47.6411388479173	-46.5319269630127	-25.3728487072513	NA	NA	42.3181565115228	6.46739030631594e-10	NA	NA
ACCGC	656	472	11635	166	128	3564	248209	0.302280028206534	-29.4800286362879	-29.4365177024156	-25.5564947556704	NA	NA	7.76004589349031	0.0206503513179267	NA	NA
ACCGG	685	493	9167	155	131	2670	183054	0.285741904301595	-34.6407990013249	-30.718277212698	-25.3109392384067	NA	NA	10.8146759485826	0.00448355969049215	NA	NA
ACCGT	1099	619	10477	193	182	3338	293716	0.304469044690447	-65.2897863122635	-65.0265264087357	-26.1219029985368	NA	NA	77.8092468203977	1.27038902276139e-17	NA	NA
ACCTA	1855	1790	4421	513	711	1540	1639682	0.342672948177535	-69.9709812328219	-47.558672092855	-27.2888926938176	NA	NA	40.5395587980747	1.57378955124647e-09	NA	NA
ACCTC	1684	1789	7627	603	774	2786	2331194	0.375045045045045	-131.099424663931	-37.1030161119998	-27.9325711689889	NA	NA	18.3408898860216	0.000104070194122337	NA	NA
ACCTG	2304	2405	5914	687	989	1924	2430716	0.338887319966111	-77.5010932646692	-52.9852753095329	-28.113035403192	NA	NA	49.7444798126817	1.57805979813323e-11	NA	NA
TTCGT	11258	931	781	3379	142	167	325823	0.284348496530455	-78.5113122509792	-72.6079477220774	-26.0024267188273	NA	NA	93.2110420065001	5.74750558639872e-21	NA	NA
GTCGT	4198	573	409	1442	94	91	163195	0.314092664092664	-62.1038930702489	-60.6265514539555	-24.0128806030843	NA	NA	73.2273417017423	1.25569679925092e-16	NA	NA
CTCGT	8399	1011	563	2986	199	139	330893	0.333299909756342	-88.6523165795952	-71.9323934637941	-25.7538741324097	NA	NA	92.3570386627689	8.80894446262642e-21	NA	NA
ATCGT	7874	813	810	2537	187	224	293865	0.310413814888912	-39.9415955496952	-38.5223097037524	-25.9192486163229	NA	NA	25.206122174859	3.36170898290952e-06	NA	NA
TGCGT	12765	983	1100	3679	123	305	292795	0.276602909482759	-95.6167371915653	-80.9265191592276	-26.5289218649268	NA	NA	108.795194588602	2.37368817509049e-24	NA	NA
GGCGT	13018	846	1228	4539	128	335	434574	0.331433872250199	-113.728532025591	-91.2375895418227	-26.6993077900261	NA	NA	129.076563503593	9.36225279756794e-29	NA	NA
CGCGT	2076	128	129	567	26	31	55678	0.26746678096871	-26.5102022700012	-22.075019617565	-20.6863771046046	NA	NA	2.77728502592072	0.249413650727863	NA	NA
AGCGT	9016	1079	1009	2863	150	248	268584	0.29367795389049	-94.563067341689	-93.6209931639023	-26.234144678805	NA	NA	134.773696970195	5.42329901546306e-30	NA	NA
TCCGT	13190	407	824	4248	132	127	334530	0.312530337701962	-71.5616717315279	-68.3658407763578	-25.6334267235361	NA	NA	85.4648281056434	2.76406580653691e-19	NA	NA
GCCGT	6994	417	732	2425	122	122	215155	0.32776617954071	-74.3577833632007	-64.9295250419527	-24.9324939348735	NA	NA	79.9940622141585	4.26098590589575e-18	NA	NA
CCCGT	11869	701	904	3750	208	174	343789	0.306664687546386	-50.9168112231418	-50.169441178441	-26.2233428508043	NA	NA	47.8921966552734	3.9842046058663e-11	NA	NA
TACGT	18271	878	1077	4619	158	243	330933	0.248195392069613	-135.324700969271	-37.7951427940279	-26.7610585512593	NA	NA	22.0681684855372	1.61420281564104e-05	NA	NA
GACGT	11232	719	750	3423	87	161	245818	0.28903235965672	-86.1883461768739	-83.2507696161047	-25.5881473487243	NA	NA	115.325244534761	9.06653489115859e-26	NA	NA
CACGT	20382	1296	1472	6005	259	379	510050	0.28695464362851	-58.7827843409032	-51.3474376313388	-27.7751942230389	NA	NA	47.1444868166	5.79034928099202e-11	NA	NA
TTAGT	1465	3859	1340	394	1175	430	2375168	0.299969987995198	-29.972268499434	-29.963957760483	-26.4411069117486	NA	NA	7.04570169746876	0.0295151718236991	NA	NA
GTAGT	727	3483	601	204	845	218	1422007	0.26335481188942	-49.9212059937418	-38.2013771124184	-24.8052264042199	NA	NA	26.7923014163971	1.5209875833498e-06	NA	NA
CTAGT	641	3603	753	173	1078	259	1361654	0.302181308785271	-28.2937179170549	-28.2787292636931	-24.9971916675568	NA	NA	6.56307519227266	0.0375704442025014	NA	NA
ATAGT	1275	5035	1033	342	1360	319	2220224	0.27522810840256	-36.8505250513554	-28.6179225891829	-26.2274228706956	NA	NA	4.78099943697453	0.0915839062694004	NA	NA
TGAGT	1609	3554	1313	443	886	435	2534132	0.272390364422483	-46.7777804732323	-37.7868881002069	-26.3600703701377	NA	NA	22.8536354601383	1.08992374480691e-05	NA	NA
GGAGT	1221	3949	1361	393	814	374	2237081	0.242076251722554	-94.7941192165017	-54.6378487609327	-26.1148311756551	NA	NA	57.0460351705551	4.09836708998907e-13	NA	NA
CGAGT	188	538	199	52	119	52	310128	0.241081081081081	-27.243151252158	-21.3540534218773	-20.2663141912781	NA	NA	2.17547846119851	0.336977461530003	NA	NA
AGAGT	1693	4485	1436	489	1179	486	2538427	0.282899921197794	-41.6672464087605	-37.5163573846221	-26.793929733336	NA	NA	21.4448553025723	2.2044935802149e-05	NA	NA
TCAGT	1598	6207	1746	485	1711	634	2587164	0.296304051931735	-44.6400527134538	-44.3127088397741	-27.3397368714213	NA	NA	33.9459439367056	4.25335794468428e-08	NA	NA
GCAGT	1214	6553	1634	388	1458	688	2268774	0.269545793000745	-136.136908564717	-120.298026040196	-27.0454110167921	NA	NA	186.505230046809	3.16886598152274e-41	NA	NA
CCAGT	1314	5972	1502	409	1676	545	2165638	0.299271734182977	-40.3528877533972	-40.3171218112111	-26.9759848937392	NA	NA	26.6822738349438	1.60700731787204e-06	NA	NA
TAAGT	1463	2983	1427	292	779	565	2305111	0.278562915034905	-82.1048815436661	-77.1419694498181	-26.1246129088104	NA	NA	102.034713082016	6.97338387154119e-23	NA	NA
GAAGT	1258	4279	1344	360	973	514	2343097	0.268420287748874	-82.4362942613661	-69.9730596169829	-26.3678341172636	NA	NA	87.2104509994388	1.15475854153132e-19	NA	NA
CAAGT	1419	4989	1491	306	1422	499	2307433	0.281934422078744	-50.5006154179573	-45.7135186381638	-26.6500268243253	NA	NA	38.126983627677	5.25812249600254e-09	NA	NA
AGAAA	3726	12269	1913	901	3347	700	7360579	0.276301094482913	-81.1105813533068	-62.6988373100758	-28.8447675853968	NA	NA	67.708139449358	1.98319002154012e-15	NA	NA
AGAAC	1058	2866	827	233	738	314	2460932	0.270469374868449	-55.1349512040615	-47.5994668379426	-25.2368449941278	NA	NA	44.7252436876297	1.94105004338819e-10	NA	NA
AGAAG	2167	6034	1110	553	1344	398	3861360	0.246482654924283	-107.912702150643	-59.1944963857532	-26.9644776508212	NA	NA	64.4600374698639	1.00619165653324e-14	NA	NA
AGAAT	2061	4191	1564	557	1240	564	4210825	0.302072671443193	-39.2846485674381	-39.2648250237107	-27.0664670467377	NA	NA	24.3967159539461	5.0387225164246e-06	NA	NA
AGACA	1840	7958	2198	363	2177	862	3451783	0.283594531510504	-103.092292062938	-97.0548940002918	-27.7789229899645	NA	NA	138.551942020655	8.20026829377555e-31	NA	NA
AGACC	1251	3690	1240	232	813	491	1842846	0.248503478401553	-118.815938491374	-88.9192500300705	-25.9182593822479	NA	NA	126.001981295645	4.35529330042663e-28	NA	NA
AGACG	184	1146	269	29	254	102	482266	0.240775484677924	-44.497179845348	-34.2095258533955	-21.2080738637596	NA	NA	26.0029039792717	2.25704981365252e-06	NA	NA
AGACT	2204	5149	2037	373	1247	794	2495927	0.257082002129925	-158.790229029953	-127.382376387715	-27.3072513267398	NA	NA	200.150250121951	3.45084466241355e-44	NA	NA
AGAGA	1821	7111	1795	589	1937	416	4792284	0.274261210030763	-54.2872151583433	-41.3165293633938	-27.4363491386175	NA	NA	27.7603604495525	9.37377058991996e-07	NA	NA
AGAGC	795	3155	862	252	809	265	2158761	0.275561097256858	-36.4555611051619	-31.2003932148218	-25.1628371328115	NA	NA	12.0751121640205	0.0023873863662972	NA	NA
AGAGG	1215	4524	1282	417	1127	485	2986132	0.288990172340122	-63.1304908394814	-61.4722170159221	-26.4729044958949	NA	NA	69.9986250400543	6.30945289197712e-16	NA	NA
AGATA	1666	7901	2866	411	2587	1260	2953952	0.342475669588997	-126.045208662748	-91.8092921674252	-28.1958609223366	NA	NA	127.226862490177	2.36068388477846e-28	NA	NA
AGATC	1093	3962	2146	286	1107	979	1948057	0.329398694625746	-106.980232365429	-97.5222010314465	-26.7640075497329	NA	NA	141.516386963427	1.86254605987847e-31	NA	NA
AGATG	1299	7447	3128	333	2161	1361	3080894	0.324658918645781	-116.083277478814	-105.180584445596	-27.9292918071151	NA	NA	154.502585276961	2.81961548641161e-34	NA	NA
AGCAA	5554	2860	5481	1770	1032	1752	3258788	0.327743792731198	-51.1503921076655	-34.9285619929433	-29.0492409989238	NA	NA	11.758641988039	0.00279668359536528	NA	NA
AGCAC	1934	1023	4100	775	330	1402	2020246	0.355250106277455	-67.5604276545346	-34.7915139719844	-26.768930837512	NA	NA	16.0451662689447	0.000327971732573475	NA	NA
AGCAG	3269	2469	6158	1122	771	1973	2846150	0.324983187626093	-42.1373097896576	-30.9199850335717	-28.4547582939267	NA	NA	4.93045347929001	0.0849895696819819	NA	NA
AGCAT	2270	1512	5958	819	449	1895	2541426	0.324743326488706	-43.2154678553343	-34.2094658762217	-27.5631836727262	NA	NA	13.292564406991	0.00129884197041313	NA	NA
AGCCA	3545	2563	6639	1561	899	2374	3191161	0.379226484663058	-172.46453423053	-52.4628253951669	-28.8859540447593	NA	NA	47.1537427008152	5.76361379260098e-11	NA	NA
AGCCC	2415	1659	5155	1079	517	1897	1756747	0.378480875501138	-138.287534721196	-53.0238452963531	-27.7759111337364	NA	NA	50.4958683252335	1.08383086291019e-11	NA	NA
AGCCG	439	362	873	167	96	334	450003	0.35663082437276	-36.6019954625517	-28.4411102775484	-22.6340273562819	NA	NA	11.6141658425331	0.00300618657734273	NA	NA
AGCCT	4491	5431	7675	1861	1639	2601	3127861	0.346706825026993	-133.530586138368	-75.0043461769819	-29.8849271461368	NA	NA	90.2388380616903	2.54030163784256e-20	NA	NA
AGCGA	1472	1008	14824	393	196	4556	381181	0.297330097087379	-52.8808136088774	-52.5304606659338	-27.2309335349128	NA	NA	50.599054262042	1.02933080984245e-11	NA	NA
AGCGC	713	459	8596	176	72	2593	199454	0.290847665847666	-47.8844368681312	-46.2689019977115	-25.0176048818976	NA	NA	42.5025942316279	5.89764910145846e-10	NA	NA
AGCGG	977	1030	11220	263	79	3495	254814	0.290088455432071	-152.744615872856	-150.211564491969	-26.1067628366873	NA	NA	248.209603310563	1.26464742307904e-54	NA	NA
AGCTA	1905	2121	4138	647	771	1427	2191852	0.348481136697697	-57.7040398903191	-28.4449062757194	-27.4731307849288	NA	NA	1.94355098158121	0.378410576811441	NA	NA
AGCTC	1280	1585	5664	463	558	1966	2045727	0.350216907023098	-60.215335637331	-27.441982679069	-27.1166700534523	NA	NA	0.650625251233578	0.722301508386838	NA	NA
AGCTG	1939	2971	6310	745	1094	1962	3031182	0.338770053475936	-70.7929358333349	-45.0502768456936	-28.2660604715347	NA	NA	33.5684327483177	5.13697492281133e-08	NA	NA
TTCCT	13755	2587	2337	3683	871	944	4381008	0.294341238824348	-97.5448480173945	-96.2273809611797	-28.9988031163812	NA	NA	134.457155689597	6.35330369805586e-30	NA	NA
GTCCT	4516	1193	1294	1496	387	545	1680791	0.346708553477081	-62.0627161748707	-38.7589576914907	-26.6288413964212	NA	NA	24.2602325901389	5.39457739482934e-06	NA	NA
CTCCT	10529	2965	2210	3650	1032	836	3628625	0.351375445746307	-94.6584150716662	-31.5262131541967	-28.9248093366623	NA	NA	5.20280763506889	0.0741693848142627	NA	NA
ATCCT	6315	1842	2794	1969	649	1194	2477604	0.348096064286367	-102.72947461158	-64.1072580888867	-28.1861384809017	NA	NA	71.84223921597	2.50989741030441e-16	NA	NA
TGCCT	12464	2293	3612	4251	712	1437	3417967	0.34841308726659	-112.88897690177	-47.2732428535819	-29.2870482876897	NA	NA	35.9723891317844	1.54416942694561e-08	NA	NA
GGCCT	6488	1630	2558	2741	488	1119	1960292	0.407268639940052	-238.807783685625	-58.3673055246472	-28.083990957588	NA	NA	60.5666291341186	7.04893636237783e-14	NA	NA
CGCCT	1943	314	413	648	119	181	661554	0.355056179775281	-41.009825989604	-28.6997365588322	-23.4108736440539	NA	NA	10.5777258295566	0.00504749643141366	NA	NA
TCCCT	9474	1486	1915	3013	624	597	2923209	0.328854368932039	-64.0040263161063	-47.7262571305037	-27.9393133223057	NA	NA	39.573887616396	2.5505831740987e-09	NA	NA
GCCCT	4754	913	1496	1699	349	431	1630572	0.346084042998744	-59.9385362118483	-36.7339694239199	-26.4878303706646	NA	NA	20.4922781065106	3.54942781532489e-05	NA	NA
CCCCT	6680	3228	2283	2344	1380	865	1875233	0.376425231728324	-152.255868859589	-45.3456747196615	-28.6954037435353	NA	NA	33.3005419522524	5.87325954115613e-08	NA	NA
TACCT	7682	1533	2908	2151	431	1198	1897701	0.311804008908686	-88.1861421987414	-85.7959146536887	-28.0523755662143	NA	NA	115.487078174949	8.36179678443309e-26	NA	NA
GACCT	5437	1285	3169	1665	362	1262	1623495	0.332524517237893	-73.9796250611544	-58.0530859269202	-27.6452140659094	NA	NA	60.8157437220216	6.2234190417967e-14	NA	NA
CACCT	10440	2331	3683	3312	692	1517	2639817	0.335541509663304	-101.306864894927	-69.627863958478	-29.103912524879	NA	NA	81.047902867198	2.51577332227419e-18	NA	NA
TTACT	1600	4511	1587	488	1408	406	2667540	0.299038711353598	-33.437574096024	-33.3961908444762	-26.8164325281978	NA	NA	13.1595166325569	0.00138818475595456	NA	NA
GTACT	678	2989	700	206	847	137	1210373	0.272498282573849	-40.7807233519852	-34.7663561813533	-24.5439616907388	NA	NA	20.4447889812291	3.63471598444688e-05	NA	NA
CTACT	1104	6442	1498	372	2224	416	2189389	0.333038478549314	-50.6739478483796	-35.6339697241783	-26.8844000697136	NA	NA	17.4991393089294	0.000158529532914937	NA	NA
ATACT	1206	5425	1403	368	1697	263	2247990	0.289768483943241	-62.419622041285	-60.7653072439134	-26.4405979737639	NA	NA	68.6494185402989	1.23870579983391e-15	NA	NA
TGACT	1883	3811	1710	660	941	304	2358852	0.257293354943274	-104.103257041425	-79.5789297446609	-26.6556295529008	NA	NA	105.84660038352	1.03681855939115e-23	NA	NA
GGACT	1184	3125	1144	414	760	206	1595953	0.253071703649367	-80.9321983717382	-59.0860255807638	-25.5889754667878	NA	NA	66.994100227952	2.83410525576857e-15	NA	NA
CGACT	156	419	205	44	82	31	189117	0.201282051282051	-37.7553459955379	-23.2108046812937	-19.535714329686	NA	NA	7.3501807032153	0.0253471152666487	NA	NA
TCACT	1838	7654	2470	630	1744	666	3239367	0.254138103995987	-111.100172623992	-65.3573582470417	-27.8528843596578	NA	NA	75.0089477747679	5.15245187449575e-17	NA	NA
GCACT	1121	4996	2448	430	1311	764	1984405	0.292469352014011	-52.1758519522846	-51.1712465062737	-27.1224884055555	NA	NA	48.0975162014365	3.59548151434456e-11	NA	NA
CCACT	1545	7031	2209	660	1931	558	2538714	0.291979601298099	-81.1727677211165	-79.7545334622264	-27.6530920192599	NA	NA	104.202882885933	2.35847611359714e-23	NA	NA
TAACT	1600	2961	1521	406	829	315	2254543	0.254850378165077	-59.4705080650747	-36.9304912984371	-26.1013020575047	NA	NA	21.6583784818649	1.98126637588015e-05	NA	NA
GAACT	1525	4218	1715	486	1212	321	2238115	0.270716009654063	-71.2879152931273	-59.6583915390074	-26.6029969714582	NA	NA	66.1107891350985	4.4078270136862e-15	NA	NA
CAACT	1783	7383	1987	419	2540	435	1980292	0.304312740966556	-87.7541272975504	-87.5313172265887	-27.4807476662099	NA	NA	120.101139120758	8.32470791911844e-27	NA	NA
ATAAA	2814	10339	4755	710	3582	1160	6661922	0.304444940808577	-102.333251357079	-101.947483718395	-29.2412034273148	NA	NA	145.412560582161	2.6549947697483e-32	NA	NA
ATAAC	814	2599	724	194	690	226	1995324	0.268310369833212	-36.166666559875	-28.619739510119	-24.7008459717035	NA	NA	7.83778707683086	0.0198630603032833	NA	NA
ATAAG	992	5042	832	300	1208	229	2466374	0.252985726769589	-60.4376267045736	-32.8235973343253	-25.7044712901115	NA	NA	14.2382520884275	0.000809473886463467	NA	NA
ATAAT	2837	5703	2053	705	1755	522	4535403	0.281506655338431	-49.7636259198189	-43.0445371419191	-27.7687452808022	NA	NA	30.5515837222338	2.32170955121263e-07	NA	NA
ATACA	1609	8586	1338	337	2719	438	3529797	0.302956732853551	-57.2963528260589	-57.2104430571198	-27.2373535484076	NA	NA	59.9461790174246	9.61286007535035e-14	NA	NA
ATACC	993	3786	667	112	996	193	1515689	0.238890929122292	-111.114503122866	-73.7550282105803	-24.7766619585454	NA	NA	97.9567325040698	5.3575447110341e-22	NA	NA
ATACG	124	657	116	32	182	42	306280	0.285395763656633	-21.4636311773211	-21.1022750935517	-19.7527997782454	NA	NA	2.69895063061267	0.259376315732523	NA	NA
ATAGA	867	6044	993	250	1676	305	2846634	0.282262145748988	-32.0371379703283	-27.4125557690859	-26.0319687649608	NA	NA	2.76117400825024	0.251430918746534	NA	NA
ATAGC	547	2820	625	130	725	165	1612005	0.255511022044088	-38.9486754834652	-24.5870992951095	-24.1368273682892	NA	NA	0.900543853640556	0.637454786998297	NA	NA
ATAGG	506	3635	651	160	850	211	1676510	0.254799666110184	-54.6954279504716	-36.8966804407537	-24.551010042429	NA	NA	24.6913407966495	4.34854001330631e-06	NA	NA
ATATA	2872	22020	3155	447	6706	763	5502780	0.282240524833316	-171.770866975188	-155.333238407969	-29.2956357300282	NA	NA	252.075205355883	1.83047855243728e-55	NA	NA
ATATC	1373	6395	1202	221	2023	350	2304249	0.289186176142698	-83.0186035446823	-80.9709167852998	-26.4860275797546	NA	NA	108.96977841109	2.1752705036723e-24	NA	NA
ATATG	1217	13058	1635	258	3344	453	3167114	0.254871150219987	-92.4942753389478	-33.6249639838934	-27.3933834284544	NA	NA	12.463161110878	0.00196634152743563	NA	NA
ATCAA	3700	2915	4140	1169	993	1317	2871043	0.323477452347745	-39.095856398344	-30.1644193381071	-28.3464034497738	NA	NA	3.63603177666664	0.162347547250957	NA	NA
ATCAC	1401	1134	4243	481	469	1350	2359944	0.339333136618472	-54.1034692712128	-38.0923300869763	-26.5951787009835	NA	NA	22.9943027719855	1.01589914650427e-05	NA	NA
ATCAG	1469	1979	4098	490	687	1244	2336843	0.320832228995494	-36.3263233155012	-31.4240192100406	-27.0388633869588	NA	NA	8.77031164616346	0.0124609462799931	NA	NA
ATCAT	3794	2167	6047	1257	695	1824	3015407	0.314457028647568	-35.4848579317331	-31.8412089571357	-28.4207143560052	NA	NA	6.84098920226097	0.0326962593322845	NA	NA
ATCCA	2777	2026	4915	1079	767	1560	2519652	0.350483638608767	-81.4585094973445	-43.7182099744678	-28.0222160592675	NA	NA	31.3919878304005	1.52516368047394e-07	NA	NA
ATCCC	2372	1509	5618	1071	571	1808	2029139	0.36319612590799	-123.116229448467	-65.6582050211728	-27.7848936356604	NA	NA	75.7466227710247	3.56311511798124e-17	NA	NA
ATCCG	235	170	466	104	61	144	243595	0.354764638346728	-28.5283904280514	-24.5539697469212	-20.747308541555	NA	NA	7.61332241073251	0.0222222507645531	NA	NA
ATCGA	753	839	7350	231	211	2345	250597	0.311675240438381	-33.4944765092805	-31.7869265745394	-25.898296834901	NA	NA	11.7772594792768	0.00277077077424729	NA	NA
ATCGC	670	661	9502	215	175	3227	305916	0.333887196529124	-50.3958715018816	-31.611290840432	-25.8792139366269	NA	NA	11.4641538076103	0.00324034036488432	NA	NA
ATCGG	461	543	6264	141	82	2077	169401	0.316455696202532	-58.9141080798581	-56.0527750246692	-24.5717744766735	NA	NA	62.9620010959916	2.12801741230664e-14	NA	NA
ATCTA	2669	2866	3896	848	1048	1146	2297180	0.322553281730463	-48.1851590722799	-40.9732932373881	-27.9409507885575	NA	NA	26.0646848976612	2.18839436690401e-06	NA	NA
ATCTC	2562	2496	5501	977	872	1855	2871730	0.35079079458282	-74.534599930048	-33.0296869874001	-28.2437555640936	NA	NA	9.57186284661293	0.00834634614506155	NA	NA
ATCTG	2172	2664	5141	852	1012	1320	2660647	0.319134008218903	-98.4951026961207	-93.0587170422077	-27.9958171620965	NA	NA	130.125799760222	5.54040618529106e-29	NA	NA
TTCAT	8567	2011	3738	2356	555	1250	4137916	0.290653813914501	-47.2201752364635	-44.7274827584624	-28.5632060468197	NA	NA	32.3285534232855	9.54869057293e-08	NA	NA
GTCAT	3447	954	1454	1173	284	495	1867764	0.333390264730999	-38.3111112192273	-28.3610409498215	-26.1166716590524	NA	NA	4.4887385815382	0.105994370924173	NA	NA
CTCAT	8857	1707	1769	3190	516	591	2845671	0.348414822022217	-79.6598995476961	-35.5878311619163	-27.8638140708208	NA	NA	15.4480341821909	0.000442081151926581	NA	NA
TGCAT	8684	1422	2531	2634	305	842	2770671	0.299200759673973	-51.5717611685395	-51.5155618339777	-27.7600708678365	NA	NA	47.5109819322824	4.82082491106329e-11	NA	NA
GGCAT	5244	993	1559	1932	220	529	2027491	0.343894304771678	-78.7463489063084	-55.8217925056815	-26.5359355174005	NA	NA	58.571713976562	1.91123421768979e-13	NA	NA
CGCAT	849	94	160	235	25	51	248761	0.28195829555757	-21.1228345846757	-20.4562768782489	-20.0040317806415	NA	NA	0.904490195214748	0.636198219952884	NA	NA
TCCAT	7578	817	1712	2431	265	509	3005009	0.317106955575344	-32.5324394926429	-28.167866550386	-26.8582437857985	NA	NA	2.6192455291748	0.26992186126598	NA	NA
GCCAT	4062	655	1152	1423	185	339	2018999	0.331743056738797	-41.7316623441875	-32.7255991995335	-25.5877739116549	NA	NA	14.275650575757	0.000794477980029746	NA	NA
CCCAT	5960	968	1604	2086	385	565	2273963	0.355836849507736	-70.0169334188104	-29.566748291254	-26.9523431546986	NA	NA	5.22881027311087	0.0732113264870336	NA	NA
TACAT	16022	1752	3226	3785	352	761	3079941	0.233238095238095	-205.633565813303	-32.9688767194748	-28.4930389821529	NA	NA	8.95167547464371	0.0113806841060703	NA	NA
GACAT	7402	1291	1502	2370	239	394	2101911	0.29455615497793	-68.5384380370378	-67.866444285959	-26.8165733367205	NA	NA	82.0997418984771	1.48685139244736e-18	NA	NA
CACAT	13365	1735	2295	3844	409	654	3224330	0.282092555331992	-46.3491523191333	-35.9906225576997	-28.2349964976311	NA	NA	15.5112521201372	0.000428325961452197	NA	NA
TTAAT	3045	3881	3205	601	1201	922	4239302	0.268877702102458	-90.9897280409932	-73.1610651537776	-27.8493014276028	NA	NA	90.6235274523497	2.09580585074274e-20	NA	NA
GTAAT	821	3292	1306	289	960	333	2441078	0.291935781509504	-34.3482536375523	-33.6281153783202	-25.6760155111551	NA	NA	15.9041997343302	0.000351922397906138	NA	NA
CTAAT	826	4226	1589	269	1349	476	2514880	0.315313958741153	-29.3664109557867	-27.0909411907196	-26.214474350214	NA	NA	1.7529336810112	0.416250997828155	NA	NA
TGAAT	1388	3158	2006	481	866	621	3689521	0.3003663003663	-35.3230468332767	-35.3206427395344	-26.6471568271518	NA	NA	17.3469718247652	0.000171061757381798	NA	NA
GGAAT	1014	2928	1124	366	692	358	2477507	0.279510461902882	-53.7976305782795	-49.8769138976932	-25.6386575773358	NA	NA	48.4765126407146	2.97480860530616e-11	NA	NA
CGAAT	119	261	145	26	64	54	267222	0.274285714285714	-22.9471299126744	-22.3134576939046	-18.8831961620599	NA	NA	6.86052306368947	0.0323784716640605	NA	NA
TCAAT	1187	4858	1950	382	1276	691	2779884	0.293808630393996	-48.8277707770467	-48.1669235005975	-26.9014068245888	NA	NA	42.5310333520174	5.81438054919022e-10	NA	NA
GCAAT	748	4608	1403	252	872	520	2128486	0.243231247225921	-148.050405375659	-108.171675819904	-25.9391203448176	NA	NA	164.465110950172	1.93577521217547e-36	NA	NA
CCAAT	783	3871	1316	279	1041	459	1970398	0.297989949748744	-41.278621789068	-41.1980597749352	-25.9198962822556	NA	NA	30.5563269853592	2.3162098357887e-07	NA	NA
TAAAT	2362	3376	4588	661	999	1557	5413217	0.311543676157273	-40.8208054900169	-38.877213537693	-28.0496905297041	NA	NA	21.6550460159779	1.9845703790406e-05	NA	NA
GAAAT	1448	3601	2106	559	900	721	4413812	0.304682040531097	-65.1934542581439	-65.0183950141072	-26.9273696094751	NA	NA	76.1820508092642	2.86601102512399e-17	NA	NA
CAAAT	2024	6759	2728	700	2467	916	4130525	0.354704195986448	-83.3259039372206	-30.9020458608866	-28.2743950039148	NA	NA	5.25530171394348	0.0722479838931698	NA	NA
CAAAA	4014	9559	1618	960	3317	387	6071226	0.307023895727734	-98.9688950777054	-98.0094863921404	-28.4043579548597	NA	NA	139.210256874561	5.9003368678928e-31	NA	NA
CAAAC	1775	3697	909	421	1268	256	2622963	0.304811158125686	-50.0389140024781	-49.8721974119544	-26.1338890120387	NA	NA	47.4766167998314	4.90437479950526e-11	NA	NA
CAAAG	1805	5742	931	517	1809	320	3688594	0.312101910828025	-32.014591999352	-30.2493862360716	-26.766259111464	NA	NA	6.96625424921513	0.0307112228941474	NA	NA
CAACA	2228	8787	1473	432	2984	470	3045410	0.311178731582319	-98.0210511684418	-95.8286028057337	-27.6650131419301	NA	NA	136.327179327607	2.4941877522941e-30	NA	NA
CAACC	1897	5352	1273	272	1636	314	1629526	0.260736916216851	-130.445928037167	-106.621486246586	-26.5298883914948	NA	NA	160.183195710182	1.64687639482617e-35	NA	NA
CAACG	180	1095	157	38	364	53	267777	0.317737430167598	-25.6759203826077	-25.0095292618498	-20.8915562517941	NA	NA	8.23594602011144	0.0162774753037556	NA	NA
CAAGA	1162	6403	1188	375	1950	250	3090847	0.29418485090826	-45.5735263973475	-44.9256827831268	-26.4757641777396	NA	NA	36.8998372107744	9.71185429430786e-09	NA	NA
CAAGC	960	3756	875	240	973	183	1798833	0.249686996959399	-54.7332080192864	-28.9361910074949	-25.234173424542	NA	NA	7.40403516590595	0.0246736949912706	NA	NA
CAAGG	1185	4575	1010	345	1264	239	2322210	0.272968980797637	-38.3205781839788	-29.3071116432548	-25.9554113559425	NA	NA	6.70340057462454	0.035024751304007	NA	NA
CAATA	997	14567	1248	286	5259	379	2772701	0.352367356650012	-109.985416539013	-39.827659599483	-27.4011243656278	NA	NA	24.8530704677105	4.01073823993665e-06	NA	NA
CAATC	788	10776	886	166	3918	290	1694972	0.351325301204819	-105.278546527028	-55.3717855326831	-26.4079594612122	NA	NA	57.927652142942	2.63736453791667e-13	NA	NA
CAATG	1089	21382	1510	267	7238	446	2446043	0.331554147033068	-82.3452323526144	-46.0641429647803	-27.9367185384035	NA	NA	36.2548488527536	1.34078641351432e-08	NA	NA
CACAA	4732	2779	7191	1382	896	2257	2880737	0.308461433818528	-33.7343902364373	-32.3276316821575	-29.0223300009966	NA	NA	6.61060336232185	0.0366881420454123	NA	NA
CACAC	2364	2030	10561	771	447	3037	3164547	0.284520227348713	-58.0098742246628	-51.279411919415	-28.2198598980904	NA	NA	46.1191040426493	9.66860464372177e-11	NA	NA
CACAG	2104	4589	10723	728	1200	2883	3172138	0.276240238860818	-67.0486372262239	-49.0684544220567	-29.0154802054167	NA	NA	40.10594843328	1.95480729902679e-09	NA	NA
CACCA	3492	2829	9020	1338	956	3003	3048511	0.345283879799231	-86.3811150640249	-38.3968131095171	-29.1515795886517	NA	NA	18.4904670417309	9.65708597781265e-05	NA	NA
CACCC	3908	1859	7547	1748	569	2549	1979091	0.365479945921586	-166.019254345447	-79.7265753373504	-28.6998855695128	NA	NA	102.053379535675	6.90860247807038e-23	NA	NA
CACCG	398	307	1172	165	121	400	425767	0.365476824720298	-37.5748669253662	-25.4015521677211	-22.8490680195391	NA	NA	5.10496829636395	0.077887940293816	NA	NA
CACGA	900	1084	16574	230	241	5147	372156	0.302726586916694	-44.9942997982726	-44.88585553132	-26.9707824233919	NA	NA	35.8301462158561	1.65799267051421e-08	NA	NA
CACGC	1255	1209	26129	415	238	7931	521165	0.300213338929109	-54.8122451063246	-54.7940818239003	-27.9210408823565	NA	NA	53.7460818830878	2.13396163423678e-12	NA	NA
CACGG	973	1027	20851	275	176	6159	399078	0.289265240033259	-62.5377450929955	-57.4679180737585	-27.115411250852	NA	NA	60.7050136458129	6.57769565115966e-14	NA	NA
CACTA	1017	2291	4657	354	728	1346	1647666	0.304833647206529	-32.6515948623419	-32.4412882439792	-26.8970218971372	NA	NA	11.0885326936841	0.00390981059692595	NA	NA
CACTC	1035	2310	7115	408	735	2411	2174591	0.339770554493308	-58.6529861278832	-33.405963614583	-27.4889270961285	NA	NA	11.8340730369091	0.00269316952079338	NA	NA
CACTG	1827	3331	11856	703	1045	2564	3220237	0.253438344892441	-205.541294723749	-138.48693716526	-28.6898896172643	NA	NA	219.594095095992	2.06894106941863e-48	NA	NA
TTCTG	8273	3088	2399	2099	1020	876	4194491	0.290334302325581	-80.6140700429678	-78.0644088238478	-28.6072970107198	NA	NA	98.914223626256	3.31932096282883e-22	NA	NA
GTCTG	3444	2121	905	938	639	366	1912406	0.300309119010819	-45.7696860022843	-45.7667002528906	-26.4211661927402	NA	NA	38.6910681203008	3.96589588077268e-09	NA	NA
CTCTG	6524	5294	1347	2075	1666	460	3667551	0.319103684010634	-36.7449536547065	-29.5946299806237	-28.3867966160178	NA	NA	2.41566672921181	0.29884406463076	NA	NA
TGCTG	9190	2215	1853	3080	626	635	3283792	0.327424950972997	-51.873506449163	-36.7538902759552	-28.1508919298649	NA	NA	17.2059966921806	0.000183554607517285	NA	NA
GGCTG	6400	2119	2040	2620	663	740	3174243	0.381001988824699	-153.081889159977	-49.2765730395913	-28.0206091925502	NA	NA	42.5119276940823	5.87019047906864e-10	NA	NA
CGCTG	960	265	200	249	85	56	358693	0.273684210526316	-24.5749240908772	-22.775911828503	-21.3799467971548	NA	NA	2.79193006269634	0.247593985082566	NA	NA
TCCTG	8011	1710	1619	2887	660	490	3649565	0.355996472663139	-90.9619975611567	-36.8841031268239	-27.750465683639	NA	NA	18.2672748863697	0.000107972127464039	NA	NA
GCCTG	5965	1846	1627	2249	685	429	3052047	0.356325492689129	-98.638521425426	-53.1069261729717	-27.471027046442	NA	NA	51.2717982530594	7.35309997342624e-12	NA	NA
CCCTG	6090	2151	1411	2175	855	442	2533848	0.359718193120597	-88.4495181590319	-36.2045150697231	-27.5951543077826	NA	NA	17.218721523881	0.000182390464082441	NA	NA
TACTG	8465	2008	1332	1822	575	450	1986266	0.241168996188056	-145.462768539786	-70.5960949584842	-27.4176133312285	NA	NA	86.3569632545114	1.76939050465369e-19	NA	NA
GACTG	5808	1655	1252	1116	459	430	1726149	0.230063109581182	-162.742056109011	-83.8297362029552	-26.7218103893101	NA	NA	114.21585162729	1.57885754262408e-25	NA	NA
TTATG	2197	6666	1591	753	2314	355	2779240	0.327338817677444	-73.8572624102235	-62.010412171483	-27.5689539164305	NA	NA	68.8829165101051	1.10221097509113e-15	NA	NA
GTATG	1096	8221	593	351	1998	111	1540331	0.248234106962664	-89.9992119967937	-41.5963965542614	-25.7955296337605	NA	NA	31.601733841002	1.3733166553505e-07	NA	NA
CTATG	1077	14044	1418	381	4708	408	1876257	0.33236592296995	-59.3097177669406	-32.9620449393988	-27.6083623059094	NA	NA	10.7073652669787	0.00473069745675391	NA	NA
TGATG	2254	5765	1288	991	1513	283	2705212	0.299452025357258	-120.646912448108	-120.617262147367	-27.2153902128339	NA	NA	186.803743869066	2.72949573101915e-41	NA	NA
GGATG	2288	4856	1216	1011	1200	270	1953627	0.29677033492823	-131.602036841214	-131.371597781777	-26.9784067980945	NA	NA	208.786381967366	4.5984684115525e-46	NA	NA
CGATG	160	644	106	62	163	38	263877	0.289010989010989	-25.0083444523625	-24.7942427434027	-20.0492893368937	NA	NA	9.48990681301802	0.0086954671485271	NA	NA
TCATG	2078	11101	2132	822	3016	690	2818332	0.295735092417216	-74.6307869553566	-73.9659215882421	-28.4499034509063	NA	NA	91.0320362746716	1.70861606229905e-20	NA	NA
GCATG	1512	14284	1966	587	3035	750	2165260	0.246143452313929	-271.929278045893	-177.940493095666	-28.2513823024929	NA	NA	299.378221586347	9.79140876380526e-66	NA	NA
CCATG	1671	14867	1538	642	4239	521	2662269	0.298849302943129	-55.6946439892054	-55.5760241374373	-28.2290281802416	NA	NA	54.6939919143915	1.32846635286236e-12	NA	NA
TAATG	1128	4594	1144	352	1599	331	2708429	0.332362365278182	-42.9672652184963	-32.010608702898	-26.2855893522501	NA	NA	11.4500387012959	0.00326329012858682	NA	NA
GAATG	1017	5624	1203	360	1538	341	2754764	0.285441101478837	-38.7176180407405	-35.5762843936682	-26.3666051104665	NA	NA	18.4193585664034	0.000100066130734183	NA	NA
CCAAA	3577	6969	903	844	1923	343	3684609	0.271639444492969	-70.5657620579004	-53.8081308752298	-27.4995490089059	NA	NA	52.6171637326479	3.75256366199941e-12	NA	NA
CCAAC	1308	2821	537	283	620	167	1740603	0.229318474067724	-76.1015258207917	-32.8877040781081	-24.8132922686636	NA	NA	16.1488236188889	0.000311406380377316	NA	NA
CCAAG	1666	7392	653	460	1233	198	2496145	0.194727628462568	-291.328698694706	-83.6372830048203	-26.1844764202833	NA	NA	114.905613169074	1.11831237435108e-25	NA	NA
CCACA	2407	7688	1184	491	1882	411	2824164	0.246830392765316	-116.48289744556	-58.2715899124742	-27.2943471521139	NA	NA	61.9544855207205	3.52171660128345e-14	NA	NA
CCACC	3187	8930	1251	507	1368	404	2707950	0.170481747456613	-551.79198435694	-104.101090162992	-27.3846523165703	NA	NA	153.432875692844	4.81364847536872e-34	NA	NA
CCACG	305	1772	194	63	306	60	529005	0.1889035667107	-83.9834816716611	-29.4715051408857	-21.7293687108904	NA	NA	15.4842728599906	0.000434143067314719	NA	NA
CCAGA	1055	6666	848	381	1761	248	2736054	0.278912358501575	-47.8477444946766	-40.8360901549459	-26.2318329140544	NA	NA	29.2085144817829	4.54413963312193e-07	NA	NA
CCAGC	1399	7385	1194	464	1495	381	3300987	0.234515935057126	-164.000102385879	-85.0818475261331	-26.8265380188823	NA	NA	116.510619014502	5.01234019383058e-26	NA	NA
CCAGG	1850	12128	1334	564	2570	450	3523908	0.234064785788924	-208.420884698629	-85.6338890492916	-27.7204936295748	NA	NA	115.826790839434	7.05556733528054e-26	NA	NA
CCATA	937	11003	1045	340	3474	443	1848509	0.327839815171352	-59.9911960996687	-44.7377785257995	-27.0976005196571	NA	NA	35.2803560122848	2.18256924981215e-08	NA	NA
CCATC	1336	12057	1571	396	2878	512	2322465	0.253007217321572	-112.437984962016	-52.3725550286472	-27.5795819349587	NA	NA	49.585946187377	1.7082388529659e-11	NA	NA
CCCAA	3030	1854	4587	832	694	1679	2630721	0.338401435962412	-77.1175092980266	-55.7992173656821	-27.8439173474908	NA	NA	55.9106000363827	7.23048554377607e-13	NA	NA
CCCAC	2299	1674	6008	828	772	2150	2258519	0.375713856327021	-132.470264881849	-46.4648603275418	-27.9635822288692	NA	NA	37.0025561973453	9.22565083146012e-09	NA	NA
CCCAG	2561	2310	8357	959	908	3163	3990999	0.380254006652555	-157.05305954814	-29.3334480449557	-28.6918438076973	NA	NA	1.28320847451687	0.526447200041497	NA	NA
CCCCA	2612	3247	6797	880	1416	2195	2611516	0.354851453855879	-126.065024167299	-68.1571114808321	-28.7641430050135	NA	NA	78.7859369516373	7.7956290473052e-18	NA	NA
CCCCC	2386	2435	5338	683	867	1775	1347895	0.327295993700167	-49.063501175493	-37.6008453778923	-27.9743897728622	NA	NA	19.2529112100601	6.59604257891904e-05	NA	NA
CCCCG	374	422	1185	140	154	354	458645	0.327107521453811	-28.7750474680215	-26.5689625097439	-22.9599612625316	NA	NA	7.21800249442458	0.0270788784705189	NA	NA
CCCGA	752	884	12391	184	292	3981	333943	0.317744350181792	-40.2838247716427	-33.8201567744836	-26.4941141214222	NA	NA	14.6520853061229	0.000658173059368023	NA	NA
CCCGC	969	880	15633	216	259	4980	400295	0.312035236242993	-45.6409503109753	-42.0865029944107	-26.865990916267	NA	NA	30.4410241562873	2.4536668345127e-07	NA	NA
CCCGG	1337	1299	24428	300	323	7574	573470	0.302874667454922	-51.8459769990295	-51.6619784524664	-27.926937607117	NA	NA	47.4700816906989	4.92042632210732e-11	NA	NA
CCCTA	837	1433	3929	274	569	1543	1360681	0.384900790450073	-97.415952950716	-30.6741116531193	-26.2971610203385	NA	NA	8.75390126556158	0.0125636113327033	NA	NA
CCCTC	1382	2209	7510	427	969	2658	2102068	0.365192325015764	-122.170532997698	-50.8072016015649	-27.8474363870919	NA	NA	45.919530428946	1.06831828464271e-10	NA	NA
TTCGG	10847	681	495	3281	79	133	235500	0.290526490892456	-76.6602013390511	-74.5421667685732	-25.1714657521807	NA	NA	98.7414020327851	3.61890331932585e-22	NA	NA
GTCGG	5482	682	328	1860	88	117	164527	0.318083795440542	-81.5191842496861	-78.4052641338203	-24.3379310593009	NA	NA	108.134666149039	3.30259709467412e-24	NA	NA
CTCGG	17279	1296	753	5985	273	242	551763	0.336299668874172	-103.62319576554	-65.1295017106459	-27.1634865310043	NA	NA	75.9320303592831	3.24764916660397e-17	NA	NA
TGCGG	14344	1135	1192	4183	89	386	285520	0.279407354087937	-162.357426325791	-149.528639668599	-26.7149909050204	NA	NA	245.627297527157	4.5994938190351e-54	NA	NA
GGCGG	20451	1189	1549	6378	164	442	530974	0.30117728233214	-98.1589396269992	-98.1545123970136	-27.6387369539589	NA	NA	141.031550886109	2.37349235912585e-31	NA	NA
CGCGG	3904	192	268	1152	37	53	109254	0.284601283226398	-32.233493359061	-30.3082730292808	-22.3676271077711	NA	NA	15.8812918430194	0.000355976471172071	NA	NA
TCCGG	11702	448	608	3577	73	108	230853	0.294560275905314	-60.4630958414637	-59.6350158071145	-25.000024644658	NA	NA	69.2699823249131	9.08268928431445e-16	NA	NA
GCCGG	15250	785	983	4868	170	188	378205	0.307086614173228	-67.7284777909517	-66.6451599067077	-26.5118564022705	NA	NA	80.2666070088744	3.71815720094457e-18	NA	NA
TACGG	12742	555	528	3187	60	111	176181	0.242893309222423	-134.715745306108	-53.7328491625376	-24.9252969482914	NA	NA	57.6151044284925	3.08346509259386e-13	NA	NA
GACGG	20951	939	781	5670	95	144	339781	0.260641347977593	-162.462523650378	-99.8028335673735	-26.2859035981819	NA	NA	147.033859938383	1.18032875619397e-32	NA	NA
TTAGG	812	2979	751	217	811	279	1881819	0.287758696609423	-36.5897962786257	-35.2805818617344	-25.0279196165502	NA	NA	20.5053244903684	3.52634957019453e-05	NA	NA
GTAGG	484	3322	355	133	677	120	1214015	0.223503965392934	-83.7087359149009	-38.3090048991144	-23.6924334913492	NA	NA	29.2331428155303	4.48852546323651e-07	NA	NA
CTAGG	548	4797	733	135	1065	202	1550318	0.230667982889108	-82.9554222971201	-28.8837716802955	-24.7943355664611	NA	NA	8.17887222766876	0.0167486752425747	NA	NA
TGAGG	1046	3864	1222	396	842	369	3116095	0.262067840834964	-84.5814244896173	-68.5686984807253	-25.9873065575957	NA	NA	85.1627838462591	3.21467043460055e-19	NA	NA
GGAGG	1479	4633	1541	550	1060	471	3502545	0.271919508689403	-81.9523595497012	-70.9654290154576	-26.7683134004474	NA	NA	88.3942312300205	6.38905419971699e-20	NA	NA
CGAGG	196	654	221	64	118	79	482596	0.243697478991597	-40.4823842262849	-34.267290356569	-20.7454459965229	NA	NA	27.0436887200922	1.34133608815162e-06	NA	NA
TCAGG	1036	7468	1192	343	1828	461	2835357	0.271452145214521	-83.3188319206238	-68.9424593895674	-26.7255922555923	NA	NA	84.4337342679501	4.6285777195859e-19	NA	NA
GCAGG	1072	7459	1339	332	1360	506	2449912	0.222695035460993	-241.832800835371	-131.776678986847	-26.6823263913393	NA	NA	210.188705191016	2.28088079558173e-46	NA	NA
TAAGG	703	2332	877	147	528	310	1761164	0.25178936605317	-62.8799392953515	-46.3226155936718	-24.5547089874744	NA	NA	43.5358132123947	3.51818180588836e-10	NA	NA
GAAGG	994	4486	1267	254	975	464	2636400	0.25092633763154	-95.5748772025108	-65.975732460618	-26.0200531184673	NA	NA	79.9113586843014	4.44087900852245e-18	NA	NA
CGAAA	180	506	99	53	167	30	347708	0.318471337579618	-20.47841985384	-20.0806388673373	-19.7705117175356	NA	NA	0.620254299603403	0.733353704517841	NA	NA
CGAAC	85	203	68	26	65	17	221684	0.303370786516854	-18.0826137783006	-18.0788250789046	-17.6451215902343	NA	NA	0.867406977340579	0.648104397294464	NA	NA
CGAAG	163	359	69	36	66	18	283518	0.203045685279188	-30.0533173386939	-19.4411961701699	-18.4598987670615	NA	NA	1.96259480621666	0.374824484800709	NA	NA
CGACA	141	560	110	24	139	43	265708	0.254007398273736	-28.2878039563075	-25.1680763964541	-19.4446804472245	NA	NA	11.4467918984592	0.00326859206082774	NA	NA
CGACC	218	431	105	20	67	47	166223	0.177718832891247	-62.591878363397	-40.319840193959	-19.0970875739586	NA	NA	42.4455052400008	6.06842021416695e-10	NA	NA
CGACG	30	88	14	8	15	5	40614	0.212121212121212	-17.0917670667404	-15.1664971451974	-14.0112126040622	NA	NA	2.31056908227038	0.314967902827109	NA	NA
CGAGA	195	659	168	80	156	44	575311	0.273972602739726	-29.3526179362088	-28.0892677446827	-20.5689001819119	NA	NA	15.0407351255417	0.000541933334714758	NA	NA
CGAGC	114	407	78	21	61	18	214224	0.1669449081803	-40.7090008659288	-19.4132931279019	-18.0977139747702	NA	NA	2.63115830626339	0.26831888051107	NA	NA
CGATA	81	451	119	33	174	53	198048	0.399385560675883	-29.3966913195327	-19.8887157812715	-19.4732741736807	NA	NA	0.83088321518153	0.660048733803936	NA	NA
CGATC	127	407	132	32	112	51	278853	0.292792792792793	-21.9078437425196	-21.8356353687122	-19.4444953775965	NA	NA	4.78227998223156	0.0915252863693649	NA	NA
CGCAA	205	159	524	52	43	168	236937	0.296171171171171	-21.6487731807865	-21.6165234232321	-20.2612411747687	NA	NA	2.71056449692696	0.257874499497923	NA	NA
CGCAC	128	101	793	44	42	293	267925	0.370841487279843	-28.3215784127824	-20.5863494602963	-20.1892700237222	NA	NA	0.794158873148263	0.672280619842204	NA	NA
CGCAG	234	238	787	77	47	262	343079	0.30659253375695	-27.6100388700143	-27.5412164381705	-21.1942837922834	NA	NA	12.6938652917743	0.00175211325395792	NA	NA
CGCCA	289	244	1196	118	80	394	462228	0.342394447657606	-29.0464395172894	-24.3028802415356	-22.2034832620993	NA	NA	4.19879395887256	0.122530294266503	NA	NA
CGCCC	436	282	1537	195	83	542	492607	0.363636363636364	-43.0172233991325	-29.1892907200381	-23.0347673352808	NA	NA	12.3090467695147	0.00212385300484177	NA	NA
CGCCG	51	55	202	19	11	69	83957	0.321428571428571	-18.9336470956914	-18.7216030278942	-16.9398754346184	NA	NA	3.56345518655144	0.168347060651384	NA	NA
CGCGA	134	192	2540	23	44	769	63302	0.291695743196092	-27.4752307042945	-27.0782890727278	-21.2719422082882	NA	NA	11.6126937288791	0.00300840011604145	NA	NA
CGCGC	199	147	5798	50	30	1606	131833	0.2744140625	-31.2906952283811	-24.0376254415605	-22.3121432655025	NA	NA	3.45096435211599	0.178087161701886	NA	NA
CGCTA	114	118	536	27	36	192	165398	0.33203125	-23.0832988538314	-21.8837131506298	-19.4819101304747	NA	NA	4.80360604031011	0.0905545343592898	NA	NA
CGCTC	174	193	963	50	72	382	296104	0.378947368421053	-36.1659324457869	-23.7328674630262	-21.2275376184843	NA	NA	5.0106596890837	0.0816486621776546	NA	NA
TTCCG	702	168	187	192	88	77	282080	0.337748344370861	-36.6726181544363	-34.3739886828698	-21.0084764948115	NA	NA	26.7310243761167	1.56830962899586e-06	NA	NA
GTCCG	322	138	102	99	48	51	160799	0.352313167259786	-25.4777031471021	-23.1353490760084	-19.379627292743	NA	NA	7.51144356653094	0.0233835666495696	NA	NA
CTCCG	803	371	259	261	146	87	448482	0.344731332868109	-28.1933995308354	-23.81698790472	-22.1016954928637	NA	NA	3.43058482371271	0.179911104880584	NA	NA
TGCCG	838	163	277	289	42	120	284452	0.352895148669797	-31.5266051171347	-26.0837895586155	-21.3346665669233	NA	NA	9.49824598338455	0.00865928613986043	NA	NA
GGCCG	1053	281	365	436	85	126	437350	0.380812242495586	-43.613665189594	-26.9898278024048	-22.4405061807483	NA	NA	9.09864324331284	0.0105743753785076	NA	NA
TCCCG	1133	309	301	352	79	94	485822	0.301204819277108	-23.4889276633039	-23.4885345362127	-22.1388254528865	NA	NA	2.69941816665232	0.259315688931385	NA	NA
GCCCG	860	247	312	248	78	96	428539	0.29739252995067	-22.0760260615498	-22.0479787932709	-21.7363664628938	NA	NA	0.623224660754204	0.732265350242361	NA	NA
TACCG	524	144	194	174	37	87	163939	0.345707656612529	-27.780473650666	-25.0339820976369	-20.3824842590839	NA	NA	9.30299567710608	0.00954729091501409	NA	NA
GACCG	493	142	209	139	50	79	167762	0.317535545023697	-23.1688961735927	-22.7853422965854	-20.3721111775376	NA	NA	4.8264622380957	0.0895255590003027	NA	NA
TTACG	115	380	114	33	97	28	262836	0.25944170771757	-20.9690388906747	-19.150355452206	-18.9325719489716	NA	NA	0.435567006468773	0.804299551070209	NA	NA
GTACG	71	404	48	21	84	9	138868	0.217973231357553	-25.121454647975	-18.5209352367092	-17.4326042239554	NA	NA	2.17666202550754	0.336778103275942	NA	NA
CTACG	95	635	120	20	209	24	206718	0.297647058823529	-23.7387561122887	-23.7243547379039	-19.1762673337944	NA	NA	9.09617480821908	0.0105874345153973	NA	NA
TGACG	127	594	120	40	120	31	267678	0.227110582639715	-30.8089171033353	-22.5084493327886	-19.4831222058274	NA	NA	6.0506542539224	0.048541939295348	NA	NA
GGACG	134	749	174	60	118	16	235191	0.183538315988647	-72.1946124359965	-44.1069000619464	-19.6761195249856	NA	NA	48.8615610739216	2.45384329179069e-11	NA	NA
TCACG	242	1169	353	94	199	76	563198	0.209183673469388	-68.7434060266241	-41.1688291896135	-21.8081159507856	NA	NA	38.7214264776558	3.9061514216187e-09	NA	NA
GCACG	148	2114	263	48	229	65	370919	0.135445544554455	-195.66933591757	-51.2058139052242	-21.3665895797312	NA	NA	59.678448650986	1.09897934779499e-13	NA	NA
TAACG	101	346	97	24	75	17	240344	0.213235294117647	-26.4279631855898	-18.701472973451	-18.2061823820695	NA	NA	0.99058118276298	0.609393796978854	NA	NA
GAACG	115	501	150	26	116	30	255153	0.224543080939948	-27.6001876508817	-19.4760477379896	-19.2124728341587	NA	NA	0.527149807661772	0.768300071665231	NA	NA
CTAAA	1373	7385	1122	365	2677	313	3168440	0.339574898785425	-74.4224169328809	-50.7972614616156	-26.85890904814	NA	NA	47.876704826951	4.01518574646843e-11	NA	NA
CTAAC	759	2152	418	199	629	132	1324104	0.28837488735356	-26.3812974505126	-25.5106608085334	-23.9944817349315	NA	NA	3.03235814720392	0.219549167549749	NA	NA
CTAAG	881	4001	431	238	1018	151	1732560	0.264822134387352	-42.9914386160672	-31.0623368956149	-24.7912937812507	NA	NA	12.5420862287283	0.0018902558014919	NA	NA
CTACA	1192	7469	689	257	2439	250	2136495	0.315080213903743	-54.3071837313473	-51.2069674506783	-26.2151685655117	NA	NA	49.9835977703333	1.40023088064102e-11	NA	NA
CTACC	1114	3499	667	211	957	156	1280034	0.250757575757576	-61.3334460034966	-38.0184896886349	-24.984424225986	NA	NA	26.0681309252977	2.18462697973214e-06	NA	NA
CTAGA	545	5545	536	172	1597	135	1971219	0.287352852399638	-28.8237988464534	-26.7931203842163	-24.8300612308085	NA	NA	3.92611830681562	0.140428171837178	NA	NA
CTAGC	410	2575	395	107	631	115	1144821	0.252366863905325	-38.784461569041	-24.8266275878996	-23.3707252293825	NA	NA	2.9118047170341	0.233189848089555	NA	NA
CTATA	2615	15693	938	473	5438	312	2112649	0.323339914787488	-154.359763722867	-138.594016756862	-27.9467264041305	NA	NA	221.294580705464	8.84081621124713e-49	NA	NA
CTATC	1686	9565	779	503	3086	237	1438668	0.318038237738986	-34.3930668309331	-28.600911103189	-26.9974963106215	NA	NA	3.20682958513498	0.201208259065148	NA	NA
CTCAA	1922	3226	5118	540	1153	1793	3036607	0.339567504383401	-65.2410341501236	-40.704060703516	-28.0187184810638	NA	NA	25.3706844449043	3.09617765291001e-06	NA	NA
CTCAC	1123	1544	6780	412	538	2611	2649595	0.37694506192442	-113.674920357764	-29.6474780887365	-27.19370880723	NA	NA	4.90753856301308	0.0859689339175066	NA	NA
CTCAG	1205	2791	6723	411	855	2537	3536654	0.354790558820786	-91.4377546831965	-42.4721751436591	-27.7370828613639	NA	NA	29.4701845645905	3.9868576676927e-07	NA	NA
CTCCA	1868	3239	6172	746	1243	2117	3221439	0.36403936519195	-107.061313316226	-37.0101471617818	-28.3821437880397	NA	NA	17.2560067474842	0.000179021728048904	NA	NA
CTCCC	2134	2663	8832	815	973	3013	3138395	0.352263555653386	-90.1091201007366	-33.42670327425	-28.6276801750064	NA	NA	9.59804619848728	0.00823779062338411	NA	NA
CTCGA	503	1009	9284	135	255	3198	348638	0.332345313078918	-58.7951199831441	-41.7312973607332	-25.8897300213575	NA	NA	31.6831346787512	1.31854428226482e-07	NA	NA
CTCGC	426	663	8563	106	154	2928	289080	0.330294239535847	-55.6805026847869	-42.3269710280001	-25.1380320829339	NA	NA	34.3778778901324	3.42719382287131e-08	NA	NA
CTCTA	2167	4830	4226	345	1617	1498	2282715	0.308295464670765	-143.426879256964	-142.399002753198	-28.0390847027302	NA	NA	228.719836100936	2.15833393835056e-50	NA	NA
CTCTC	2136	6397	7929	433	1946	2581	2994295	0.301299963552424	-75.5532565638423	-75.5473837628961	-28.9647759124637	NA	NA	93.1652157008648	5.8807194063337e-21	NA	NA
TTCAG	6315	2207	1480	1815	595	476	3329063	0.288542291541692	-34.0838064402342	-31.5386373028159	-27.4160124659538	NA	NA	8.24524967372417	0.0162019311531781	NA	NA
GTCAG	3000	1518	787	1011	428	309	1902377	0.329500471253534	-43.1011081598699	-36.0823845118284	-25.8679685071111	NA	NA	20.4288320094347	3.66383150912199e-05	NA	NA
TGCAG	8313	1933	3331	2691	434	1227	3305978	0.320542093245931	-79.5157377719879	-70.9491125866771	-28.4045321121812	NA	NA	85.0891609489918	3.33521215618089e-19	NA	NA
GGCAG	5592	2071	3426	2116	563	1182	2801096	0.348182883939039	-93.4341988041997	-54.1792151555419	-28.2460837885737	NA	NA	51.8662627339363	5.46240816816448e-12	NA	NA
TCCAG	7097	1008	1316	2313	332	400	3151051	0.323214096168135	-35.3222829177976	-27.6757089346647	-26.7665117159486	NA	NA	1.81839443743229	0.40284749268664	NA	NA
GCCAG	4221	994	1224	1563	365	351	2401949	0.353936946730859	-64.9312701523304	-36.4132425002754	-26.2497553750873	NA	NA	20.3269742503762	3.85525957655501e-05	NA	NA
TACAG	12433	3511	1993	3392	900	662	2753439	0.276188883313821	-60.8418132141232	-42.2507142350078	-28.8178055286407	NA	NA	26.865817412734	1.46609419078844e-06	NA	NA
GACAG	7437	4444	1844	2018	1120	530	2361927	0.267249544626594	-58.6482854634523	-31.9452990442514	-28.3788350895047	NA	NA	7.13292790949345	0.028255590285711	NA	NA
TTAAG	851	3178	1644	264	834	515	2639279	0.284329279041072	-34.5774908512831	-31.961713373661	-25.8938332498074	NA	NA	12.1357602477074	0.0023160778082944	NA	NA
GTAAG	495	3704	672	167	795	153	1512394	0.228905768835968	-82.8155357800424	-37.1627501025796	-24.3924987353384	NA	NA	25.5405027344823	2.84413560168903e-06	NA	NA
TGAAG	760	3152	1837	275	726	351	3139500	0.235171334145069	-100.70538610965	-56.1529245600104	-25.6483919024467	NA	NA	61.0090653151274	5.65001751047664e-14	NA	NA
GGAAG	816	4973	1756	304	959	322	3115638	0.210072895957588	-189.892681911588	-74.3501310572028	-26.0351828113198	NA	NA	96.629896491766	1.04012272083225e-21	NA	NA
TCAAG	681	5093	1636	246	1072	580	2748508	0.256140350877193	-114.72328300029	-88.8220274746418	-26.1651081889868	NA	NA	125.31383857131	6.14392210890699e-28	NA	NA
GCAAG	476	4003	1048	158	738	378	1913070	0.230504794644473	-136.457776296884	-87.0343888998032	-25.0211376100779	NA	NA	124.026502579451	1.1694648150363e-27	NA	NA
TAAAG	738	2939	2037	238	712	611	3304427	0.273188659432972	-44.3750994130969	-36.8864121586084	-25.8455410897732	NA	NA	22.0817421376705	1.60328459383977e-05	NA	NA
GAAAG	693	5582	1896	213	1035	597	3632246	0.225798555868315	-170.199954532087	-86.4913724511862	-26.218644849956	NA	NA	120.54545520246	6.66633283984636e-27	NA	NA
GAAAA	2686	7417	1596	799	2012	419	6219919	0.276091973672964	-43.0294525176287	-30.7904833257198	-27.7682268619537	NA	NA	6.0445129275322	0.0486912243264862	NA	NA
GAAAC	1122	2511	576	331	561	181	2730333	0.254929912093134	-52.4964946731925	-36.9481940940022	-24.7826519086957	NA	NA	24.3310843706131	5.20681514685085e-06	NA	NA
GAACA	1438	5686	1248	304	1560	400	2562307	0.270425226946966	-55.5220266655087	-42.2091360986233	-26.5657361373305	NA	NA	31.2867999225855	1.60752493659494e-07	NA	NA
GAACC	1195	3335	865	203	704	264	1429455	0.217052826691381	-115.544889923185	-45.8486374989152	-25.2157715596259	NA	NA	41.2657318785787	1.09461192893852e-09	NA	NA
GAAGA	1436	6174	1182	566	1480	236	3471464	0.259554140127389	-109.570196978748	-83.4618903100491	-26.6001901105046	NA	NA	113.723400399089	2.01965584938514e-25	NA	NA
GAAGC	713	3876	672	300	738	156	1942923	0.226953050750808	-136.153210047632	-83.9891300313175	-24.8631005883217	NA	NA	118.252058885992	2.09841642062944e-26	NA	NA
GAATA	1676	5941	1193	545	1873	366	2878052	0.316004540295119	-30.6792390346527	-27.36861910671	-26.980549864471	NA	NA	0.776138484477997	0.678365370100775	NA	NA
GAATC	1210	3305	844	378	900	289	1833067	0.292405299496175	-32.8865686766803	-32.2480313032866	-25.6842575594783	NA	NA	13.1275474876165	0.00141055258965889	NA	NA
GACAA	3835	2422	5213	1264	652	1432	2198876	0.291891891891892	-43.642872620374	-42.1048239283264	-28.2566435597837	NA	NA	27.6963607370853	9.67858083335179e-07	NA	NA
GACAC	1125	1248	4602	351	206	1460	1595032	0.289175627240143	-74.0925457365811	-72.4976021908224	-26.043646465987	NA	NA	92.9079114496708	6.68810936479008e-21	NA	NA
GACCA	2279	1517	4916	978	515	1575	1724084	0.352157943067034	-89.145944237709	-53.0660292878747	-27.5345946922898	NA	NA	51.0628691911697	8.1627940654089e-12	NA	NA
GACCC	2630	828	3704	1182	220	1209	1137594	0.364562971237085	-115.961810797453	-70.8034743778408	-26.6985573563725	NA	NA	88.2098340429366	7.0061255040673e-20	NA	NA
GACGA	709	716	12498	126	97	3529	202813	0.269482151835093	-94.3365011620335	-71.1849858309142	-25.5489476216026	NA	NA	91.2720764186233	1.51537608725868e-20	NA	NA
GACGC	428	581	10547	83	61	2980	164475	0.270335756317065	-89.1083555333316	-70.9508826076053	-24.5820608458016	NA	NA	92.7376435236074	7.2824343210294e-21	NA	NA
GACTA	1207	1386	3210	326	430	878	1336601	0.281578493882475	-32.2964743562043	-28.6454123705626	-26.0277692116797	NA	NA	5.23528631776571	0.07297464996597	NA	NA
GACTC	1091	1222	4371	303	392	1410	1477812	0.31493117893477	-31.3596876934171	-29.1893299929798	-26.222467135638	NA	NA	5.93372571468353	0.0514645088544456	NA	NA
TTCTC	9375	3246	3793	2750	1062	1507	4148835	0.324052637991958	-87.1023293361068	-72.7796624302864	-29.3497568294406	NA	NA	86.8598112016916	1.37604186754208e-19	NA	NA
GTCTC	4458	2268	1313	1553	853	574	2469149	0.370692872247792	-98.5428525060415	-37.936466448009	-27.3910761773586	NA	NA	21.0907805413008	2.63145044539578e-05	NA	NA
TGCTC	7793	1455	1235	2731	405	413	2081938	0.338548125536583	-60.864208612591	-37.0975131876767	-27.1620092540979	NA	NA	19.8710078671575	4.8424535853078e-05	NA	NA
GGCTC	5479	1126	1325	2329	381	512	1944238	0.406305170239596	-168.459904938936	-36.6722977496684	-26.8906361572444	NA	NA	19.5633231848478	5.64778748306142e-05	NA	NA
TCCTC	8923	1551	1385	3305	615	445	2757356	0.368074879838098	-116.702559493482	-33.690783791244	-27.6608622819185	NA	NA	12.059843018651	0.00240568279487445	NA	NA
GCCTC	7954	1541	1342	3084	626	460	2862996	0.384792839346683	-148.184265233576	-31.7657268941402	-27.5755316317081	NA	NA	8.3803905248642	0.015143327661351	NA	NA
TACTC	6111	1445	971	1886	453	342	1602772	0.314413040928814	-31.7157151885331	-29.1459255702794	-26.6932524070144	NA	NA	4.90534632652998	0.0860632176978258	NA	NA
TTATC	2040	5436	1864	770	1776	352	2374186	0.310278372591006	-96.5104144699872	-95.1423073038459	-27.383615527302	NA	NA	135.517383553088	3.73916009724685e-30	NA	NA
GTATC	689	4679	624	256	1481	93	1201127	0.305407209612817	-61.5189720541239	-61.3122423365712	-24.9121763352305	NA	NA	72.8001320026815	1.55472003335651e-16	NA	NA
TGATC	1694	3526	809	756	975	202	1966439	0.320617017747553	-85.1360594183207	-81.3020722344518	-26.0710512436926	NA	NA	110.462041981518	1.03150741400385e-24	NA	NA
GGATC	1295	2499	827	573	587	182	1263474	0.290413330447955	-92.4255869034678	-91.5823457874358	-25.3310376349837	NA	NA	132.502616304904	1.68819438135516e-29	NA	NA
TCATC	2080	7889	1582	780	2054	504	2327351	0.288979309150723	-68.6964204870164	-65.9652773588896	-27.7554625235498	NA	NA	76.4196296706796	2.54500278819283e-17	NA	NA
GCATC	1009	5489	1184	406	1313	382	1376161	0.273496485290289	-80.1906216964126	-70.3601822853088	-26.3786012753844	NA	NA	87.9631620198488	7.92578089025078e-20	NA	NA
TAATC	1098	3480	919	394	1123	266	2334176	0.324358741131526	-34.4702256396413	-29.5454636067152	-25.7943264506757	NA	NA	7.50227431207895	0.0234910177091911	NA	NA
GCAAA	1680	4770	748	640	1207	229	3045138	0.28841344818005	-61.9679458588362	-60.0970776975155	-26.2654209136963	NA	NA	67.6633135676384	2.02814100233681e-15	NA	NA
GCAAC	912	2323	452	292	437	142	1499014	0.236235421752102	-81.5517872385681	-53.9406000636518	-24.2097132019699	NA	NA	59.4617737233639	1.22472869652139e-13	NA	NA
GCACA	1668	6854	844	535	1288	332	2195620	0.230087550715353	-206.405045472085	-121.641236625612	-26.6308309473097	NA	NA	190.020811356604	5.4639295431544e-42	NA	NA
GCACC	1382	5749	620	347	715	220	1385424	0.165398013159592	-416.991231288761	-134.511629194021	-25.5778377391398	NA	NA	217.867582909763	4.9051859806005e-48	NA	NA
GCAGA	1294	7269	906	509	1420	233	2697284	0.228324004646742	-199.778219096363	-109.527438215911	-26.4161303788424	NA	NA	166.222615674138	8.03928865644915e-37	NA	NA
GCAGC	887	4068	767	313	759	208	1887914	0.223698007689619	-132.344828188419	-70.2358215488493	-25.2412707544863	NA	NA	89.989101588726	2.87815960982342e-20	NA	NA
GCATA	1296	8367	1022	489	2507	388	1623939	0.316705662143191	-48.4584896378219	-44.0714955702424	-27.0642999596894	NA	NA	34.0143912211061	4.11025525902915e-08	NA	NA
GCCAA	1485	956	3637	413	374	1276	2123736	0.339420862125699	-53.72302063182	-39.3011753670871	-26.2443899288774	NA	NA	26.1135708764195	2.13555191133684e-06	NA	NA
GCCAC	917	529	3891	308	176	1418	2064120	0.356379988757729	-52.3998072892427	-26.599254693836	-25.2710053101182	NA	NA	2.65649876743555	0.264940665002419	NA	NA
GCCCA	1452	1269	4904	508	491	1790	2188516	0.365770491803279	-78.1103028692305	-28.2074348963797	-26.9324702806771	NA	NA	2.54992923140526	0.279440855864814	NA	NA
GCCCC	1313	843	4193	513	321	1501	1330360	0.367774452669712	-72.0189114883542	-27.966632694006	-26.3029439821839	NA	NA	3.32737742364407	0.189438904180757	NA	NA
GCCGA	874	705	13022	227	227	4223	378755	0.32032052599137	-41.0922363800928	-32.1737808724865	-26.491719818674	NA	NA	11.364122107625	0.00340653016107348	NA	NA
GCCGC	537	302	8552	118	89	2632	225843	0.302310723032691	-31.7600228753872	-31.7265437352471	-24.5819605686702	NA	NA	14.2891663331538	0.000789127094892573	NA	NA
GCCTA	810	900	3250	163	359	1159	1237246	0.338911290322581	-69.3294288124889	-57.8672833554447	-25.3211033418775	NA	NA	65.0923600271344	7.3345523567655e-15	NA	NA
TTCGC	8830	404	384	2662	56	83	196570	0.291224786857975	-51.3810806442052	-49.908824365586	-24.1704523437656	NA	NA	51.4767440436408	6.63692725850937e-12	NA	NA
GTCGC	4700	307	324	1678	69	76	168123	0.341962108422435	-52.3883745011408	-38.1795052904636	-23.472248992417	NA	NA	29.4145125960931	4.09939479939734e-07	NA	NA
TGCGC	12456	550	905	3614	89	269	228135	0.285529437136079	-49.4849094697274	-44.0656666345894	-25.889281691052	NA	NA	36.3527698870748	1.27672192951626e-08	NA	NA
GGCGC	14579	628	949	4507	131	252	374690	0.302673929190394	-40.0003962535411	-39.9110054243356	-26.3391684992239	NA	NA	27.1436738502234	1.27592784159901e-06	NA	NA
TCCGC	15485	392	549	4818	63	103	307183	0.303421405089492	-56.729080545716	-56.5498826135881	-25.0749445850961	NA	NA	62.9498760569841	2.1409577452493e-14	NA	NA
TACGC	11047	387	413	2854	68	111	138673	0.256014180805267	-71.0499433407094	-30.2828509004321	-24.5537483505905	NA	NA	11.4582050996833	0.00324999263160466	NA	NA
TTAGC	722	2798	596	223	699	254	1837772	0.285714285714286	-51.4041492380202	-49.8139855898917	-24.7148408703506	NA	NA	50.1982894390821	1.25770836036524e-11	NA	NA
GTAGC	452	2546	288	152	584	98	1249035	0.253804017041996	-48.4811905454844	-35.7259436938912	-23.3128675743937	NA	NA	24.8261522389948	4.06508412794422e-06	NA	NA
TGAGC	674	2939	792	228	731	249	2448078	0.274233825198638	-40.7210841178894	-35.382887378335	-24.8709715530276	NA	NA	21.0238316506147	2.72102769954481e-05	NA	NA
GGAGC	612	2471	817	198	541	180	1568222	0.235641025641026	-65.0260142125189	-35.2570071481168	-24.36810323596	NA	NA	21.7778078243136	1.86641887143065e-05	NA	NA
TCAGC	980	6373	1044	295	1288	405	2580717	0.23675122067405	-155.105529554188	-93.2773054018617	-26.2373047024012	NA	NA	134.080001398921	7.6718063057712e-30	NA	NA
TAAGC	604	1960	550	132	452	227	1500860	0.26043673731535	-59.1131900139153	-50.26556192711	-23.8716532811522	NA	NA	52.7878172919154	3.44564966941617e-12	NA	NA
GGAAA	2236	8618	1159	549	2229	452	4085207	0.268875384999584	-80.3819880634546	-59.2415899708867	-27.492488399148	NA	NA	63.4982031434774	1.62757264520961e-14	NA	NA
GGAAC	653	2165	532	130	433	248	1539034	0.242089552238806	-98.9226618595421	-78.3303812481463	-23.9588220454752	NA	NA	108.743118405342	2.43630617410781e-24	NA	NA
GGACA	1020	4676	1110	174	1100	444	1920622	0.25242433147223	-112.543857689947	-84.511520486325	-25.8362424299121	NA	NA	117.350556112826	3.29344576418742e-26	NA	NA
GGACC	689	2324	643	118	459	254	968291	0.227297592997812	-102.484686078504	-66.5988282337785	-24.107571946457	NA	NA	84.9825125746429	3.5178868391937e-19	NA	NA
GGAGA	1156	4671	1062	327	1070	353	3154708	0.254028160836116	-71.9831889644265	-45.5004799440503	-26.0638014748693	NA	NA	38.8733569383621	3.62041032103102e-09	NA	NA
GGATA	943	3982	1721	287	1204	699	1651796	0.329521516701775	-55.0456142947078	-46.243318554014	-26.4575022533536	NA	NA	39.5716326013207	2.55346059770636e-09	NA	NA
GGCAA	3645	1479	4198	1287	437	1563	2113426	0.35260673675177	-76.5265459530056	-37.2518837042153	-27.7295454740524	NA	NA	19.0446764603257	7.31983095997781e-05	NA	NA
GGCAC	1243	744	3800	456	209	1445	1558865	0.364610333506134	-71.4778568893671	-34.9066913388669	-25.8723308481276	NA	NA	18.0687209814787	0.000119241406851311	NA	NA
GGCCA	2088	1274	5910	879	392	2459	2244730	0.402286453839517	-188.324219424278	-45.234553117305	-27.5291224718094	NA	NA	35.4108612909913	2.04469799412951e-08	NA	NA
GGCCC	1507	845	4361	660	270	1932	1225700	0.426336958140921	-195.691347308457	-40.5886555556208	-26.5577126648277	NA	NA	28.0618857815862	8.06192821200086e-07	NA	NA
GGCGA	1016	692	12279	258	86	3677	280210	0.287481232573104	-76.0867795287631	-71.9363268320449	-26.0320222326554	NA	NA	91.8086091987789	1.15881422270996e-20	NA	NA
GGCTA	1145	1006	3777	391	331	1516	1436519	0.37753036437247	-87.7583070732653	-34.2564255557954	-26.1556140445173	NA	NA	16.2016230225563	0.000303292912565858	NA	NA
TTCCC	9849	1884	1743	2813	666	787	2790512	0.316562778272484	-97.1590727940202	-91.7216412350535	-28.1664061248302	NA	NA	127.110470220447	2.50214282215251e-28	NA	NA
GTCCC	4059	1072	1369	1366	393	580	1391246	0.359846153846154	-72.3928662277758	-37.0702391602099	-26.5431848838925	NA	NA	21.0541085526347	2.68014578023344e-05	NA	NA
TGCCC	8508	1206	2219	2985	375	972	2091915	0.363026900192743	-122.232843626291	-50.4545541368425	-27.8383486382663	NA	NA	45.2324109971523	1.50628360949308e-10	NA	NA
TCCCC	7192	1181	1577	2467	482	573	2068203	0.353969849246231	-77.5175326354802	-33.4258921556175	-27.3397263884544	NA	NA	12.1723315343261	0.00227411169364295	NA	NA
TACCC	5107	974	2330	1662	278	1032	1211378	0.353346807751754	-100.547408370301	-64.1463112104684	-27.0875502154231	NA	NA	74.1175219900906	8.04608458261858e-17	NA	NA
TTACC	817	3020	903	226	837	169	1589896	0.259915611814346	-51.056167922914	-37.2337813340127	-24.9152556471527	NA	NA	24.6370513737202	4.46819655118395e-06	NA	NA
GTACC	436	2280	609	144	562	75	889767	0.234887218045113	-77.17280164361	-51.1859697904438	-23.433629013598	NA	NA	55.5046815536916	8.85750774428651e-13	NA	NA
TGACC	1141	3203	1216	422	701	161	1691438	0.230935251798561	-146.064177010208	-96.9856792017817	-25.4594852440059	NA	NA	143.052387915552	8.64109246934248e-32	NA	NA
TCACC	1100	5841	1803	373	1018	377	2220531	0.202195791399817	-240.641259003431	-80.7747537903488	-26.4881067313254	NA	NA	108.573294118047	2.65221508727451e-24	NA	NA
TAACC	841	2177	958	217	503	147	1295153	0.218058350100604	-88.5058569274843	-38.4262318201363	-24.4511372707784	NA	NA	27.9501890987158	8.52498361863872e-07	NA	NA
GTAAA	1016	4768	1066	263	1564	338	2805348	0.316058394160584	-35.3391376361251	-32.7463973164558	-26.070412017405	NA	NA	13.3519705981016	0.00126082967934158	NA	NA
GTAAC	425	1679	435	111	485	133	1186766	0.287120913745569	-24.7686393056065	-23.9630045630038	-23.1829511988908	NA	NA	1.56010672822595	0.458381549527745	NA	NA
GTACA	715	4560	656	172	1222	238	1583932	0.275164390490642	-42.1711443923414	-35.4888190813363	-25.1181794144213	NA	NA	20.7412793338299	3.13392370094544e-05	NA	NA
GTAGA	411	4331	531	137	1240	167	1937510	0.292812440735824	-26.8303180076182	-26.2614726163447	-24.4273036681116	NA	NA	3.66833789646626	0.159746203984347	NA	NA
GTATA	690	14257	1225	157	3434	419	2085205	0.24795943606233	-128.133197598159	-48.319939263165	-26.7337581068277	NA	NA	43.1723623126745	4.2193022619319e-10	NA	NA
GTCAA	1307	1540	2492	448	514	898	1707423	0.348379846413186	-46.3575166501105	-27.2987178973854	-26.253647159785	NA	NA	2.09014147520065	0.351666942422588	NA	NA
GTCAC	648	681	2553	227	206	868	1479426	0.335136527563112	-33.4336320646107	-26.1218053139746	-24.6937814876437	NA	NA	2.8560476526618	0.2397823058247	NA	NA
GTCCA	1120	1047	3165	476	435	1005	1482030	0.35933983495874	-73.3351680636406	-44.8309559337795	-26.1059133596718	NA	NA	37.4500851482153	7.37593934433646e-09	NA	NA
GTCGA	340	402	3872	89	112	1338	140139	0.333550065019506	-37.1809153035283	-29.3341741114855	-23.7408581934869	NA	NA	11.1866318359971	0.00372266332978769	NA	NA
GTCTA	803	1456	2425	291	495	790	1344014	0.336464560204953	-36.3981157280505	-26.894863653928	-25.6697152033448	NA	NA	2.45029690116644	0.293714095058288	NA	NA
TTCAC	5410	1202	1202	1671	356	397	2727033	0.310212439211671	-28.8388234227896	-27.709726460278	-26.5421720668674	NA	NA	2.33510878682137	0.311126905610276	NA	NA
TGCAC	6557	822	1811	2361	231	699	2092509	0.358106637649619	-83.3359922654927	-36.2113342285156	-26.8916192762554	NA	NA	18.6394299045205	8.96394582866155e-05	NA	NA
TCCAC	5788	475	899	1916	183	248	2120856	0.327701759285116	-40.0718286931515	-31.733959980309	-25.4670367389917	NA	NA	12.5338464826345	0.00189805947946355	NA	NA
TACAC	10491	944	1339	2339	220	423	1685348	0.233442930953499	-151.160442713648	-46.8162482976913	-26.7630263976753	NA	NA	40.1064438000321	1.95432318571128e-09	NA	NA
TTAAC	878	1874	1009	260	552	290	2056183	0.293007178941771	-25.363306093961	-24.9770117402077	-24.9005822092295	NA	NA	0.152859061956406	0.926418195772665	NA	NA
TGAAC	785	2007	1009	251	539	207	2275524	0.26229939489608	-46.0424098074436	-36.2368478998542	-24.6810387000442	NA	NA	23.1116183996201	9.58022768262831e-06	NA	NA
TCAAC	676	2297	1060	189	564	374	1821873	0.279444582196876	-42.3656509704888	-39.2250012531877	-24.8745834976435	NA	NA	28.7008355110884	5.85723644194345e-07	NA	NA
TAAAC	829	1538	1265	240	440	363	2491184	0.287169603524229	-26.0007813498378	-24.8563349843025	-24.8452316224575	NA	NA	0.022206723690033	0.988958052963337	NA	NA
TAAAA	4590	6101	4393	1383	1947	773	7607890	0.272010076902678	-166.337984189391	-144.819320902228	-29.0086061060429	NA	NA	231.621429592371	5.05877797143837e-51	NA	NA
TAACA	1571	5178	1366	355	1433	467	2766499	0.277880468268638	-51.5345641747117	-44.245424926281	-26.7209901362658	NA	NA	35.0488695800304	2.45038695753743e-08	NA	NA
TAAGA	1208	3951	1103	452	1059	258	2787671	0.28249760459917	-52.2694607302547	-48.6983235105872	-26.0209227502346	NA	NA	45.3548015207052	1.41686993795133e-10	NA	NA
TAATA	1880	7660	1933	541	2719	552	3923760	0.332258345681164	-64.3225656077266	-46.1349712833762	-27.7944259792566	NA	NA	36.6810906082392	1.08343379783059e-08	NA	NA
TACAA	5322	2935	10556	1630	831	2908	3111514	0.285387763780365	-42.8854638561606	-35.3056473135948	-29.4713437482715	NA	NA	11.6686071306467	0.0029254599426099	NA	NA
TACCA	2455	1745	6434	1016	537	1963	1983245	0.330637577581343	-74.8232795596123	-59.6457277275622	-27.9262505322695	NA	NA	63.4389543905854	1.67650975675508e-14	NA	NA
TACGA	699	661	12792	146	103	3370	197516	0.25572357263991	-94.7966419584118	-45.2824029996991	-25.592703120783	NA	NA	39.3793997578323	2.81107214834949e-09	NA	NA
TACTA	1758	2252	6358	511	663	1820	1960950	0.288773148148148	-30.3467126712203	-27.8089357800782	-27.6050235889852	NA	NA	0.407824382185936	0.815533979190697	NA	NA
TTCTA	6509	3349	2795	1802	1178	986	3465297	0.313443452145736	-60.5946025699377	-57.3014534041286	-28.6589218825102	NA	NA	57.2850630432367	3.63669276394346e-13	NA	NA
TGCTA	7782	1650	1245	2699	510	396	2033986	0.337641659642222	-54.1270153187215	-31.0502609051764	-27.3163912780583	NA	NA	7.46773925423622	0.0239001719115631	NA	NA
TCCTA	6081	1371	1130	2189	557	300	2071771	0.354928920997437	-85.282107476145	-45.8964878320694	-26.8533168584108	NA	NA	38.0863419473171	5.36606498954573e-09	NA	NA
TTATA	3776	12575	2069	1144	4336	510	4084434	0.325190010857763	-78.4031705707312	-60.7408629506826	-28.9920321777463	NA	NA	63.4976615458727	1.62801344961467e-14	NA	NA
TGATA	2127	5874	1125	856	1920	294	2523271	0.336401490247644	-69.6253465637565	-51.1748805940151	-27.1928858831525	NA	NA	47.9639894217253	3.84372255379794e-11	NA	NA
TCATA	1876	10298	1683	695	3181	590	2577470	0.322291982391571	-49.8274827972054	-39.4856618195772	-28.1074389815331	NA	NA	22.7564456760883	1.14419648053062e-05	NA	NA
TCAAA	2532	6320	1161	889	1597	397	4354932	0.287925696594427	-66.3806626647711	-63.5681379884481	-27.4102224111557	NA	NA	72.3158311545849	1.98069127113615e-16	NA	NA
TCACA	2083	5764	1822	569	1335	491	3190676	0.247698831316579	-82.968512147665	-34.6983493864536	-27.2850493714213	NA	NA	14.8266000300646	0.000603176913708707	NA	NA
TCAGA	1210	6082	981	522	1647	302	3100195	0.298682461017769	-66.2523662298918	-66.188485942781	-26.5499762520194	NA	NA	79.2770193815231	6.09837280997422e-18	NA	NA
TCCAA	1927	1092	5395	525	443	1888	2690885	0.339434276206323	-68.1957397758961	-48.2190839275718	-27.0385449826717	NA	NA	42.3610778898001	6.33007437087473e-10	NA	NA
TCCCA	2119	2012	9310	745	870	3032	3879152	0.345733204374675	-97.1729050502181	-54.2757039219141	-28.4132718220353	NA	NA	51.7248641997576	5.86257552283749e-12	NA	NA
TCCGA	514	314	9613	82	87	2943	197246	0.298055741787185	-45.8590070474893	-45.726436605677	-24.4939931365661	NA	NA	42.4648869382218	6.00989610171569e-10	NA	NA
TTCGA	11419	687	645	3580	168	166	303858	0.306956317151596	-34.8675821870565	-34.0886168945581	-25.8700577374548	NA	NA	16.4371183142066	0.000269603241102915	NA	NA
TGCGA	10394	856	1161	3174	112	313	221701	0.289984690999919	-80.8064935468137	-78.3859057328664	-26.2728525591083	NA	NA	104.226106347516	2.33124850962063e-23	NA	NA
TTAGA	907	4316	986	234	1149	361	2650403	0.280882589789016	-44.1262787654996	-39.9265018031001	-25.7453530430794	NA	NA	28.3622975200415	6.93753754491527e-07	NA	NA
TGAGA	1663	5513	1383	353	1224	468	3995917	0.238929781516532	-116.643712900579	-57.9820492044091	-26.7069482281804	NA	NA	62.5502019524574	2.6145456261471e-14	NA	NA
TGAAA	2827	6025	1465	690	1643	496	5190091	0.274207618493748	-55.2592192590237	-42.7322221398354	-27.5567066967487	NA	NA	30.3510308861732	2.56659523137321e-07	NA	NA
TGACA	1371	5366	1519	292	1417	601	2638497	0.279796511627907	-79.5536043867469	-73.3383582234383	-26.7465405464172	NA	NA	93.1836353540421	5.82680764046222e-21	NA	NA
TGCAA	4208	1953	7055	1555	510	2297	2955813	0.330054479418886	-71.6358097940683	-53.4879923164845	-28.564172744751	NA	NA	49.8476391434669	1.49872755465043e-11	NA	NA
TGCCA	2575	1423	8786	1079	441	3142	2692245	0.364674593241552	-125.812422275543	-44.8923194855452	-28.1710406690836	NA	NA	33.4425576329231	5.47067455307038e-08	NA	NA
TTCCA	8252	2686	2264	2341	982	874	3738089	0.317906377821542	-75.2076135575771	-68.938211672008	-28.5415594950318	NA	NA	80.7933043539524	2.85730678303934e-18	NA	NA
TTACA	1269	5864	1559	387	1821	438	3422492	0.30441785549931	-28.8652121350169	-28.6807585731149	-26.873640358448	NA	NA	3.61423642933369	0.164126433095261	NA	NA
TTAAA	3082	7084	23226	950	2418	3635	6139687	0.209720891231433	-1025.2790723145	-510.10670748353	-30.4092788398266	NA	NA	959.394857287407	4.6779304100755e-209	NA	NA
TTCAA	3121	3093	6606	942	1016	1873	4075936	0.298829953198128	-35.7771810293198	-35.691311262548	-28.6046088561416	NA	NA	14.1734048128128	0.000836150107638215	NA	NA
Summary	NA	NA	NA	NA	NA	NA	NA	0.300836164372889	-41771.2487649509	-27580.2342251034	-13391.4861460039	28382.029079695	-5609.70569889934	28377.496158199	-5204.26761470149	56759.525237894	-10791.8644420123
