	s1	s2	s3	p1	p2	p3	same
AAAAA	0.00102891394974898	0.00124456709600248	0.000673284877469558	0.000248105477347532	0.000420197092028751	0.000156740719474913	0.996228190787928
AAAAC	0.000639086576880755	0.000747867270817905	0.000333036278361428	0.000202708639279035	0.00026107366544916	0.00012656215352303	0.997689665415689
AAAAG	0.000491978754140027	0.00125402612719002	0.000262792876771275	0.000180680929777482	0.000368810833649337	0.000101687157985985	0.997340023320486
AAAAT	0.000587323930476846	0.000656045404682251	0.000674236383148388	0.00024446121938703	0.000250312118893682	0.000208185642445787	0.997379435300966
AAACA	0.000893514846724643	0.00188596048416286	0.000504620861587518	0.000220748555398197	0.000705620173317148	0.000206721055222392	0.995582814023587
AAACC	0.0014843633208026	0.00179611243386726	0.000699338946032765	0.000321593821898279	0.000621675131900867	0.00025559781082845	0.99482131853467
AAACG	0.000704211908393061	0.00164811040006448	0.000413618440170623	0.000169689616480256	0.00050482660902876	0.000161205135656243	0.996398337890207
AAACT	0.000947376241499168	0.00158161970422914	0.000750671016619472	0.000194710748581803	0.000548979600995044	0.000307398659412756	0.995669244028663
AAAGA	0.000364545394126871	0.00183506492395544	0.000382805565042071	0.000171086286052322	0.000583667445109268	0.000111864110111134	0.996550966275603
AAAGC	0.000354189016404767	0.00135543378815197	0.000408815183113959	0.000141675606561907	0.000440181175611496	0.000131807653866052	0.99716789757629
AAAGG	0.000427614579427888	0.00165776647380101	0.000455118563886689	0.000190790797456316	0.000488702376489015	0.00013665137541636	0.996643355833523
AAAGT	0.000558924911507665	0.0013639049891753	0.00068984203899358	0.00022164688815412	0.000476331243508076	0.000217455567688469	0.996471894360973
AAATA	0.000463978762565087	0.00177926210370966	0.000528321550480978	0.000167138957959032	0.000752696400649215	0.000189982551301952	0.996118619673334
AAATC	0.000498707093777799	0.00179146637811989	0.000485188810740805	0.000173974425171748	0.000671506016076765	0.000192782471136262	0.996186374804977
AAATG	0.000411249950826849	0.00195664028820339	0.000424964297585445	0.000146887871861806	0.000768183870412416	0.000182978258068637	0.996109095463041
AAATT	0.000485228157657612	0.00159171268650244	0.00156691112184324	0.000169502717977604	0.000595694022336015	0.00038313091909121	0.995207820374592
AACAA	0.00339040137934957	0.00112153710539826	0.0026680591831251	0.000756728947097527	0.000393904639808704	0.000898904936284216	0.990770463808937
AACAC	0.00101652840098496	0.000595967965573349	0.00321622235660852	0.000319909924056892	0.000159954962028446	0.00115643678813777	0.99353497960261
AACAG	0.000951868411422941	0.0017162229705444	0.00360403574007525	0.000350654153610568	0.000623962905405274	0.00111273384797274	0.991640521970969
AACAT	0.00104619508686062	0.000544031912351984	0.00388489551263952	0.000277642067823692	0.000167474951373386	0.00138088330999587	0.992698877158955
AACCA	0.00233660806716986	0.000940286470894397	0.00281056430533763	0.000927703561916491	0.000402653087292978	0.00100968312040891	0.99157250138698
AACCC	0.0031784200058791	0.000807713799194405	0.00348190853501903	0.00142899136408295	0.000299251341996616	0.00130346469496225	0.989500250258866
AACCG	0.00171544647675373	0.000851142241662974	0.00290002588525374	0.000693198320529639	0.000346599160264819	0.00104418481193705	0.992449403103598
AACCT	0.00289449218886204	0.000998158699671439	0.00359437955992796	0.00139851444074336	0.000366747704045946	0.00128802801902047	0.989459679387729
AACGA	0.00390779655279757	0.00335472093859652	0.0569788773471713	0.000794857303469265	0.000637699205444924	0.0186292791581162	0.915696769494404
AACGC	0.0029962339643863	0.00252605571151337	0.0624322966363817	0.000815897556455962	0.000428691936442963	0.0204527539999723	0.910348070194847
AACGG	0.00342873836266212	0.00330573429584016	0.0649230840194654	0.000784150925989991	0.000461265250582347	0.0210413831807314	0.906055643964729
AACGT	0.0037372751359643	0.00234044531213685	0.0419374331799377	0.000948263840468554	0.000390461581369405	0.0147097104076605	0.935936410542463
AACTA	0.00109194533122479	0.00130359450156004	0.0024654046074586	0.000345214180740994	0.000477957252621162	0.000812486232529697	0.993503397893865
AACTC	0.000702753504437059	0.000918626487996784	0.00301882887422027	0.000274400432933481	0.000327414426931448	0.00123458989222467	0.993523386381256
AACTG	0.000999517078654953	0.00117783827262632	0.00377000086481952	0.00037768888079343	0.00041404191389918	0.000851808965193693	0.992409104024013
AACTT	0.00113033425690566	0.00112004972570834	0.00325312577435289	0.000418130471491119	0.000391454968698065	0.00111394328530993	0.992572961517534
TTCTT	0.00297962358546009	0.000851203536006403	0.00163233698383141	0.000682443182780786	0.000313670559065548	0.000778501707423827	0.992762220445432
GTCTT	0.00192264246667329	0.000850512300768666	0.000780157422947729	0.000716056312044208	0.000395159897094265	0.000354119551698719	0.994981352048773
CTCTT	0.00271851496676296	0.00153088880281254	0.000652682482343446	0.000971202909456587	0.000572767982326667	0.000280411733154962	0.993273531123143
ATCTT	0.0020236293829292	0.000869603894518318	0.00136824941232145	0.000680493792196137	0.000394256741321284	0.000639040857767115	0.994024725918947
TGCTT	0.00406509770085836	0.000662668283268114	0.000597072665909622	0.00158405788523391	0.000232483071754283	0.000251399017225104	0.992607221375751
GGCTT	0.00319894198104617	0.000677818478104356	0.000764113650742364	0.00158793151976335	0.000236810008634534	0.000325112045752496	0.993209272315957
CGCTT	0.00315048559137421	0.000633568727741921	0.000613317672517293	0.001406001834167	0.000167794457575486	0.000202510552246276	0.993826321164378
AGCTT	0.00298013939023623	0.000971346487756198	0.000908470947469904	0.00115110604524137	0.000359116066635175	0.000410303205201581	0.99321951785746
TCCTT	0.0034093172215195	0.000550098231827112	0.000751675323626773	0.00122345722205775	0.000263745727588341	0.000279893425195791	0.993521812848185
GCCTT	0.00284758811922957	0.000542467489791504	0.000663558342598248	0.00119088947578891	0.000256341523078794	0.00025292363610441	0.994246231413409
CCCTT	0.00342610899295537	0.000931803469236679	0.000765253460624291	0.00137140783407412	0.000483433314472275	0.0002997900155023	0.992722202913135
ACCTT	0.00346615454008584	0.000950007207592618	0.00140152800963492	0.00138013773476989	0.000449195772165672	0.000596137660368936	0.991756839075382
TACTT	0.00406025368716836	0.00103215751309733	0.000846926301493463	0.00121919762325202	0.000384933611614286	0.000328495976828733	0.992128035286546
GACTT	0.00288916385094941	0.000948936372721649	0.000774758482843954	0.000975110645790701	0.000342645029267596	0.000321229714938371	0.993748155903488
CACTT	0.00341222232820313	0.00110408878703107	0.000695118620947373	0.00123017703312397	0.000437389019477694	0.000299867901329741	0.992821136309887
TTATT	0.00158874665299574	0.00195159508482088	0.000826142030400158	0.00036845467369025	0.000748744746873508	0.000163826845613754	0.994352489965606
GTATT	0.000583515998425158	0.00287600357340281	0.000328996009025337	0.000208966695842467	0.00111786336253444	6.97760766394395e-05	0.99481487828413
CTATT	0.000584130107295478	0.00545890484068033	0.000717813342968659	0.00020000670143352	0.00235655564279701	0.000261148646431331	0.990421440718394
ATATT	0.000894944210778913	0.00253579822955245	0.000369081485113068	0.000188690834218225	0.000935707333322635	7.17504736176829e-05	0.995004027433397
TGATT	0.000861938583572067	0.00154737798870229	0.000416138661983516	0.000389120484917543	0.000521861963546018	0.000132447802790801	0.996131114514488
GGATT	0.000895168489407311	0.00174979792522778	0.000376020405208524	0.000427728381722347	0.000536521964307432	0.000108793582585084	0.995905969251542
CGATT	0.00062299915494174	0.00148964649424188	0.000373182662118567	0.000277573880914637	0.000444118209463419	0.000117197860830624	0.996675281737489
AGATT	0.00108688956528863	0.00198135871674	0.000430882015803876	0.000492481950266626	0.000653784871437126	0.000122882343490125	0.995231720536974
TCATT	0.000830296945037475	0.00304402044000677	0.000670744963146384	0.000329708627231137	0.0010780604456176	0.000239810002993407	0.993807358575967
GCATT	0.000727011066448315	0.00355482771740029	0.000610805088250376	0.000313880204456355	0.00114717218334905	0.000268390319752535	0.993377913420343
CCATT	0.000776766617656784	0.00415427025885312	0.000571800246288645	0.000306298060583848	0.00150253839171475	0.000204308373386219	0.992484018051517
ACATT	0.00100553338578776	0.00392715081332171	0.000689009856383545	0.00042588202374825	0.0014663279805003	0.00024490141691129	0.992241194523347
TAATT	0.000760880879312732	0.00137913586299872	0.000487148066413822	0.000247972188578661	0.000552910961019987	0.000172365803378579	0.996399586238297
GAATT	0.00058115484219096	0.00168270456744891	0.000421541892575133	0.000240206470526383	0.00056509910169706	0.00013222374524388	0.996377069380318
CAATT	0.000685339928604588	0.00609102114648866	0.000483573185633408	0.000243454086560267	0.00268699941837818	0.000139735975710619	0.989669876258624
ACAAA	0.000818270209456611	0.00165857147682994	0.00033487208033405	0.000278325698347818	0.000620357872504799	0.000137510519830155	0.996152092142697
ACAAC	0.000898056556924191	0.00145848195102125	0.000433946008649285	0.000279418893374174	0.000410131898418531	0.000160877544669979	0.996359087146943
ACAAG	0.000731345933796744	0.00224633704925113	0.000324761458491057	0.00022733302094374	0.000623795061179576	0.000115986235175378	0.995730441241162
ACAAT	0.000833509011219889	0.00192817984824679	0.000548309902938103	0.000300790859076234	0.000664273549471813	0.000228354183510359	0.995496582645537
ACACA	0.000735392979276883	0.00228381024756671	0.000543185338906264	0.000242247099055914	0.000665711863911379	0.000195013591324935	0.995334638879958
ACACC	0.0014091730693582	0.00348558709735245	0.000668347494222501	0.00024288456122821	0.000652302728218815	0.000229052866397447	0.993312652183222
ACACG	0.000734139707670875	0.0034407270636623	0.000581562479269398	0.000205647568715034	0.000736350971850607	0.000203436304535303	0.994098135904297
ACACT	0.00107199402819225	0.00306515303609501	0.000856828295188639	0.000390280814715461	0.00114101749105677	0.000351508375698969	0.993123217959053
ACAGA	0.000388031705986618	0.00222398474166592	0.000374783085690293	0.000198474523285342	0.0007029412191839	0.000123568862379192	0.995988215861809
ACAGC	0.000435740233983924	0.00211958542701589	0.00054777410158373	0.000165905472020137	0.000624052479524023	0.000160661333536742	0.995946280952336
ACAGG	0.000502567555604813	0.00274216472087286	0.000495945652999757	0.000224796167382181	0.000793234227847819	0.000171472425351989	0.995069819249941
ACAGT	0.000752180119331187	0.00306827957434573	0.000857098793553576	0.000345521648942905	0.00101763225373595	0.000314756022667167	0.993644531587423
ACATA	0.000764185225772312	0.00566175409023689	0.000839523203646958	0.000315759174199714	0.00222802314646813	0.000388395790317899	0.989802359369358
ACATC	0.000825198283141792	0.00395831760863718	0.00107746884483891	0.00027861206613136	0.00129377312163544	0.000467055136314753	0.992099574939301
ACATG	0.000867622054894341	0.00575856205975225	0.000888025261112461	0.000350740830701967	0.00213132539875314	0.000429762772245162	0.989573961622541
ACCAA	0.00190427057023796	0.000977196838739701	0.00195480118241633	0.000721691243289412	0.000482893350252938	0.000781594469016992	0.993177552346047
ACCAC	0.000990212502088837	0.000639425925337701	0.00246747513305261	0.000396821560576745	0.000288639348586565	0.00100678509626606	0.994210640434091
ACCAG	0.00117670783095647	0.000872174933892691	0.0022696577350673	0.000533046371392662	0.000429259375083929	0.000889472766610813	0.993829680986996
ACCAT	0.00109533613560031	0.000634141973242283	0.00262650075462895	0.000440440425051913	0.000285171723724712	0.000993489091412911	0.993924919896339
ACCCA	0.00142742367326642	0.000942630683896062	0.00273294504298163	0.000601867478919551	0.000460653919360218	0.000992920413083859	0.992841558788492
ACCCC	0.00179603245925139	0.000913388832700601	0.0036746926600304	0.000775035405026457	0.000427230260456733	0.00146424044288469	0.99094937993965
ACCCG	0.00124298600752894	0.000898774497751698	0.00265807776994651	0.000529976451561791	0.000338747835018877	0.000994388806023155	0.993337048632169
ACCCT	0.00174378562671265	0.00150552795782785	0.00346694758277012	0.000791840407523732	0.000747336697162563	0.00133076948543399	0.990413792242569
ACCGA	0.00401084751942754	0.00228800619858253	0.0417629497960393	0.000911556254415351	0.000779380597525125	0.0149859848225884	0.935261274811422
ACCGC	0.00260922100970434	0.00187289959596722	0.0463202809349394	0.000747649435486916	0.000615489181739229	0.0163463353849639	0.931488124457199
ACCGG	0.00370247765526725	0.00265335743933182	0.0490896590359298	0.000977820783784472	0.000850500369229202	0.0170914924498994	0.925634692266558
ACCGT	0.00372064181071235	0.00211223936128982	0.0358822313515748	0.000762214815388988	0.000713768958478671	0.0133742862310415	0.943434617471514
ACCTA	0.0011838750642225	0.00113661700126991	0.00283306028674739	0.000396846554281338	0.000547708832168442	0.00116933412177555	0.992732558139535
ACCTC	0.000750067015930827	0.000800781774394332	0.00339788881705482	0.00032133552841582	0.000395063706686293	0.00146817094879642	0.992866692208721
ACCTG	0.000984482639444174	0.00103683568383506	0.00252358034290426	0.000347247927248901	0.000506352101218067	0.000964032231478986	0.993637469073871
TTCGT	0.0348544882781819	0.00286439247724691	0.0024088927560945	0.0123656494812851	0.000478858681211512	0.000598573351514391	0.946429144974466
GTCGT	0.026023223256197	0.00355878166139222	0.00251761743979483	0.0106175221467983	0.000664698062375737	0.000623522076210868	0.955994635357231
CTCGT	0.0257415962113949	0.00307969435486214	0.00173160173160173	0.0108341323106424	0.000700194659926204	0.000482291757459543	0.957430488974113
ATCGT	0.0270053214064183	0.00279455453625412	0.00275864320459665	0.0103032875191799	0.000737814632235317	0.000907577290979726	0.955492801410336
TGCGT	0.0432301523656776	0.00334562951082598	0.00368885324779471	0.0146527666399358	0.00048757016840417	0.00125741780272654	0.933337610264635
GGCGT	0.0302066562854654	0.00193987700915833	0.0028460327095815	0.0122023102571547	0.00034310749821848	0.000886361037064407	0.951575655203357
CGCGT	0.0372814871663682	0.00237059776583952	0.00238765242602541	0.0120917540718001	0.000562803786134561	0.000613967766692249	0.94469173701714
AGCGT	0.0337304602596228	0.00397598153730884	0.00381340807000555	0.0126665936264132	0.000618486016914709	0.00108853538976989	0.944106535099965
TCCGT	0.0394275981870548	0.00121938108629597	0.00245290812486915	0.0147429114633139	0.000469645615603551	0.000461158044237222	0.941226397478625
GCCGT	0.0327614209154434	0.00191178357901818	0.00341200263755327	0.0133293799537101	0.00064611204290892	0.000681515442520368	0.947257785428846
CCCGT	0.0346296988060156	0.00206422335671495	0.00262593561061996	0.0129138477289393	0.000680695637737102	0.000605985140912298	0.946479613719061
TACGT	0.0542311590520497	0.00260262396154742	0.00314167876264463	0.0164299411251084	0.000541862378186249	0.000839465549625329	0.922213269170838
GACGT	0.0451580914603913	0.00287959113619894	0.0029940119760479	0.0161676646706587	0.000408100995461307	0.000770433654983028	0.931622106106259
CACGT	0.0398671465592774	0.00255259399492075	0.00283415733833726	0.0138466183686739	0.000600174495177302	0.0008798854481766	0.939419423795437
TTAGT	0.000645599457344082	0.00170397985427658	0.000591904375771605	0.000211424383691629	0.000628400251527898	0.000237432938828298	0.99598125873856
GTAGT	0.000532181207701222	0.0025628726581401	0.000446752119096552	0.000181361753677127	0.00075695774411187	0.000191865330144914	0.995328009187128
CTAGT	0.000491170264318308	0.00277818180755043	0.000581071964483712	0.00015933797265088	0.00097210781479665	0.000241930591502024	0.994776199584698
ATAGT	0.00060055938585963	0.00237263566183528	0.000492467666672049	0.000201382497573543	0.000778170675479057	0.00019465479720917	0.995360129315371
TGAGT	0.000658833561728968	0.00147618051174258	0.000547520189806999	0.000219086742616737	0.000429126815430629	0.000213186740571403	0.996456065438103
GGAGT	0.000572333870629385	0.00184483026626219	0.000644488023969432	0.000215126271995325	0.000442723632222263	0.000210672311912606	0.996069825623009
CGAGT	0.000652154358190159	0.00182795975275961	0.000674642439507061	0.00018632981662576	0.000469037124609671	0.000202392731852118	0.995987483776456
AGAGT	0.000700888275818766	0.00185111422006558	0.000590221705952645	0.000235460786949193	0.000582765447699254	0.000240170002688177	0.995799379560826
TCAGT	0.000650498452613823	0.00252928877938255	0.000708585540931201	0.000228501526228628	0.00084630194899492	0.000311977673015855	0.994724846078833
GCAGT	0.000560790526103944	0.00302625192429196	0.000752836069836178	0.000210899329989052	0.000792297482931843	0.000379706486009394	0.994277218180838
CCAGT	0.000632505548777799	0.0028873855334911	0.000725750738612144	0.000236098658004204	0.000947609983390413	0.000318779121896727	0.994251870415828
TAAGT	0.000664614160562479	0.00135819979071356	0.000655965960685283	0.000164748207660575	0.000427221073933461	0.000297498075775527	0.996431752730669
GAAGT	0.00055956544385743	0.00190830525230406	0.000601660412658255	0.000183687136585418	0.000523423298927429	0.00027808191510848	0.995945276540559
CAAGT	0.000645938247958304	0.00225280133105565	0.000671396068018117	0.000161376689870679	0.000774521813684139	0.0002645024355367	0.995229463413876
AGAAA	0.000527938554344963	0.00174891496979387	0.000271824699479307	0.000152368105089298	0.000575748279764094	0.000119862909336914	0.996603342482192
AGAAC	0.000451971813173093	0.00121647301464794	0.000354281044585905	0.000119174630558645	0.00038914165080374	0.000160520930956543	0.997308436915274
AGAAG	0.00058559770470487	0.00163802109287817	0.000300286653691254	0.000181514632454816	0.000434292477651495	0.000130391023313915	0.996729896415306
AGAAT	0.00050959464127238	0.00105117220982127	0.000388533338766482	0.000168443416989615	0.00036886976125574	0.00016773268527236	0.997345653946622
AGACA	0.000558378694391784	0.00242156380067842	0.000667977818290998	0.000130365273690644	0.000773250660983664	0.000308608059400418	0.995139855692564
AGACC	0.000707892679146833	0.00209503810462005	0.000701948542146363	0.00015184568155745	0.000557668125862238	0.000327467911116779	0.99545813895555
AGACG	0.000408879710893134	0.00251522973670625	0.000592669075890552	7.8471863706763e-05	0.000656685596282912	0.00028291171915333	0.995465152297367
AGACT	0.000923544032434101	0.00216450648016075	0.00084977216455832	0.000188217954796587	0.000632842996318186	0.000391589050021713	0.99484952732171
AGAGA	0.000395759176171719	0.00155536269289358	0.000390557294255687	0.000152935328331342	0.000509784427771141	0.000108823369683391	0.996886777710893
AGAGC	0.000387085032604292	0.00153171117913584	0.000423576342360544	0.000147350984965118	0.000469767873697572	0.00015058439215871	0.996889924195078
AGAGG	0.000429356212744334	0.00158588025702612	0.000455398035912342	0.000166934763897486	0.000465080252218396	0.000203994281482728	0.996693356196719
AGATA	0.000589771305404251	0.00280612648507411	0.00100920911735271	0.000184808474124962	0.00110211829560132	0.000529851617983043	0.99377811470446
AGATC	0.000591020775120937	0.00213523495246804	0.00115394635349887	0.000185939120262767	0.000713617997272212	0.000636483911668701	0.994583756889708
AGATG	0.000442094501009648	0.00253405080308452	0.00106147890782959	0.000137246284097225	0.000870948772259329	0.000547370474223049	0.994406810257497
AGCAA	0.00178504026410052	0.000914794993465532	0.00175696783601552	0.000678925570533959	0.000373790482653528	0.000671297193336948	0.993819183659894
AGCAC	0.000998615633975594	0.000534040131834999	0.00212138081889438	0.000456692990969598	0.000201004034860406	0.0008784073386179	0.994809859050847
AGCAG	0.00120443954950397	0.000902892891186032	0.00224535205834421	0.000491629372251837	0.000330198832109443	0.000850829794906342	0.993974657501698
AGCAT	0.000935274978281968	0.000625604610839089	0.0024546563892122	0.000397756123036617	0.000219627150613723	0.000933709009293634	0.994433371738723
AGCCA	0.00115496976696786	0.000838958071418643	0.00217935876427584	0.000611454582512399	0.000342501827819127	0.000909702307010037	0.993963054679996
AGCCC	0.00142867719072784	0.000973738449218381	0.00304102530194086	0.000740335094878746	0.000359429862857162	0.00131621407326153	0.992140580027115
AGCCG	0.00101929361404812	0.000842409689701376	0.00204522037525925	0.000446631908975533	0.000254270641248447	0.000873364376462056	0.994518809394305
AGCCT	0.00149830607645296	0.00181846508347139	0.00256888733480795	0.000736460907125648	0.0006393661042043	0.00100870711923845	0.991729807374699
AGCGA	0.00386740331491713	0.00262864504620568	0.0387062408641578	0.00120655055372495	0.000599559002056339	0.0141317543294601	0.938859846889478
AGCGC	0.00350839137426142	0.00227762504538746	0.0425628233119403	0.00104214313670937	0.000414971022762104	0.0149389568194357	0.935255089289504
AGCGG	0.00379582018405314	0.003976048080389	0.0436077946726105	0.00112550482201576	0.000360455792671713	0.0158931579605558	0.931241218487704
AGCTA	0.0009001929763158	0.000999155189546685	0.00196607956652735	0.000373605052701918	0.000423994069530488	0.000813487550962135	0.994523485594416
AGCTC	0.00065621805494052	0.000804960814060371	0.00288104030491293	0.000281930719900372	0.000331025552158884	0.00120501078385004	0.993839813770177
AGCTG	0.000670342718459669	0.00102028656658798	0.0021840304142567	0.000303000161184268	0.000443831222016392	0.000801982008421632	0.994576526909073
TTCCT	0.00328408455036508	0.000615865167978189	0.000557297820636364	0.00105194219993031	0.00024652767136908	0.000261056005593409	0.993983226584128
GTCCT	0.00280436534372408	0.000736589631421198	0.000796936733754501	0.00108802275677396	0.000282211449146917	0.000389889612133791	0.993901984473046
CTCCT	0.00301218105854848	0.000859488082651136	0.000636465035383675	0.00123183245763453	0.000353987441117395	0.000285491419229354	0.993620554505435
ATCCT	0.00267496720988522	0.000773160613986624	0.00118160768458257	0.000976982924264364	0.000319776341124722	0.000595819155044181	0.993477686071112
TGCCT	0.00380685594248296	0.000703510231397354	0.00109825441160751	0.00153163065654758	0.000258805787025203	0.000521387640527766	0.992079555330412
GGCCT	0.00344198092862104	0.0008661905234403	0.00135573244989662	0.00170301865625551	0.000302230124192787	0.00069963489386002	0.991631212423734
CGCCT	0.0030758961591889	0.000499119024853722	0.000653966192202919	0.00118014588707883	0.00020596176628	0.000342768486947737	0.994042142483448
TCCCT	0.00338534811540793	0.000530554858352056	0.000683259429762359	0.00126040788785431	0.000259155642348889	0.000255074451130796	0.993626199615144
GCCCT	0.00303740853327676	0.000576754008928103	0.000965727642856359	0.00126873688433339	0.000268867355113418	0.000323128567369868	0.993559377008122
CCCCT	0.00371033391419615	0.00177958608106815	0.00127060437745407	0.00151373167097689	0.000916484189062126	0.000549150560804815	0.990260109206438
TACCT	0.00421456058829308	0.000843957265975615	0.00159698662837243	0.00141251795042234	0.000288983509649854	0.000789609553491736	0.990853384503795
GACCT	0.00349489055554707	0.000821177081583088	0.00203094688927246	0.00128003421571173	0.000267615745337346	0.000962316892480181	0.991143018620068
CACCT	0.00411602409204025	0.000918929803681129	0.00144864812877941	0.0015433211911374	0.000322339236123634	0.000688258135872375	0.990962479412366
TTACT	0.000632670286905144	0.00176990819931728	0.000623706835378743	0.000224833242453894	0.00067748754453715	0.000189726390642157	0.995881667500766
GTACT	0.000589672102834867	0.00260623555632314	0.000592961765891129	0.000208893604072603	0.000884096946370268	0.000141455511419243	0.994976684513089
CTACT	0.000524655396796195	0.00307298160980629	0.000721344389707669	0.000211679147105651	0.00126780364714994	0.000231666019364554	0.99396986979007
ATACT	0.000565456580727894	0.00253724840060363	0.000653131132790637	0.000209887564028991	0.000963534471154187	0.000146567054205899	0.994924174796489
TGACT	0.000830602311244886	0.00170469828698302	0.000758394382814344	0.000360617373565395	0.000501655081727974	0.000159195257417042	0.995684837306247
GGACT	0.000772405049707197	0.00205891491440529	0.000754311555004848	0.000327554645473569	0.000585854880189869	0.00016221753871072	0.995338741416508
CGACT	0.000862912645879592	0.00230986982647037	0.00111547244467362	0.000326223073442285	0.000578782872236312	0.000178896524145769	0.994627842613152
TCACT	0.000589976121331048	0.00248189433957858	0.000800155114555233	0.000242443312359477	0.000655733876521071	0.000267947488437851	0.994961849747217
GCACT	0.000592841303449054	0.00263395933299089	0.00128390483468848	0.000260088450118393	0.000808328844009572	0.000478081659755196	0.993942795574988
CCACT	0.000638552593228679	0.00290952767479104	0.000912385883208339	0.000314575295927993	0.000939808387212025	0.000276575540380029	0.994008574625252
TAACT	0.000760772265629317	0.00138760263905312	0.000700211080044647	0.000231635483550123	0.000472996120989755	0.000177263032258778	0.996269519378474
GAACT	0.000712317893994996	0.00197722718358136	0.00081509455452769	0.000270511729886919	0.000663376627074665	0.000177078402129924	0.995384393608804
CAACT	0.000937920303342776	0.0038980589410975	0.00105371912219482	0.00027119983116432	0.00156654246282532	0.000279721822162089	0.991992837517213
ATAAA	0.000442614088680178	0.00162954980807092	0.000746565365529831	0.000135521583083556	0.000681048308807317	0.000216296036577066	0.996148404809251
ATAAC	0.00042787784087643	0.00136111140269453	0.000380391398255798	0.000122964893522899	0.000440874130435761	0.0001459583288971	0.997120822005317
ATAAG	0.00042586254336909	0.00215638367548466	0.000351518418150957	0.00015192060370662	0.000612934988890806	0.000116768761891525	0.996184611008506
ATAAT	0.000652893902762335	0.00132491298045407	0.000474612099684808	0.000193230215666024	0.000489560512273306	0.000146626341125413	0.996718163948034
ATACA	0.00047900826670097	0.00254258039327199	0.000399737758489561	0.000119328914496178	0.000975506823469938	0.000154873697537593	0.995328964146034
ATACC	0.000687713637880344	0.00262868192817301	0.000468328389502087	9.45852567858353e-05	0.000820395734204919	0.000158298936704072	0.99514199611675
ATACG	0.000439120068437676	0.00226065516714211	0.000387076208474692	0.000133362391155146	0.000705844850747968	0.000165889803632011	0.99590805151041
ATAGA	0.000317491543768502	0.00222594126441445	0.00036894827688203	0.000109914382296924	0.000743147240816461	0.000130917130506527	0.996103640161315
ATAGC	0.000354356200336793	0.00182558377555709	0.000415580046468281	0.000105750279681661	0.00057265940927028	0.000129250341833141	0.996596819946853
ATAGG	0.000313220086738785	0.0022674281421413	0.00040593798717759	0.000128378631376807	0.000646647921009104	0.000155718525095942	0.99608266870646
ATATA	0.000554819026627522	0.00419643951705288	0.000599775075319436	0.00010182815848289	0.00154854630373715	0.000173505071457549	0.992825086847323
ATATC	0.000635198092419379	0.00290394777125787	0.000542789940293107	0.000113567028080419	0.00109810248064071	0.000189566255997354	0.994516828431311
ATATG	0.000403190507671758	0.0043186880526024	0.000545013160953964	0.000100091651320849	0.00133758843128771	0.00017978845205908	0.993115639744104
ATCAA	0.00134545140726523	0.0010588238148365	0.00151319959920659	0.000509136557772443	0.000431501030923547	0.000586078910274473	0.994555808679721
ATCAC	0.000622619798380935	0.000497251608469655	0.00188305553937448	0.000249892149587467	0.000246515228647096	0.000695645713716462	0.995805019961824
ATCAG	0.000657062139670446	0.000878639514915992	0.00183738777318999	0.000267171181305687	0.000369863772525258	0.000657914360344468	0.995331961258048
ATCAT	0.00131961331371068	0.000745251618918108	0.00210379352538326	0.000524876195528424	0.000285696282418363	0.000746901135560247	0.994273867928481
ATCCA	0.00115446450850766	0.000835052132521786	0.00204044889875773	0.000546830829098191	0.000375477341857314	0.000754113273341188	0.994293613015916
ATCCC	0.00122374745848367	0.000768331237439327	0.00287303975147006	0.000646886911827502	0.000334461590293856	0.00110475160717853	0.993048781443307
ATCCG	0.00100091921152078	0.000727198447553876	0.00205494842202022	0.000486160759881524	0.000298233071187826	0.000723113063017056	0.994709427024819
ATCGA	0.00296196335856911	0.00339653713318543	0.0294976479647462	0.00109405853784985	0.00108262238588626	0.0113065422413333	0.95066062837843
ATCGC	0.00221309377399599	0.00220060805453762	0.0312049343563299	0.000858393212762902	0.000649257411835213	0.0123265265352753	0.950547186655263
ATCGG	0.00270437897065972	0.00311227084020138	0.0368611323748806	0.0010225234537825	0.000581106225100436	0.0145779436662215	0.941140644469154
ATCTA	0.00121576704379402	0.00130582386185284	0.00177385953647583	0.000466736778208675	0.000562855112867604	0.00062736696811166	0.994047590698689
ATCTC	0.000932434694055044	0.000900556584856581	0.00200762787712929	0.000419266436197177	0.000370063267651723	0.000807347765569771	0.99456270337454
ATCTG	0.00085907439876012	0.0010483176054526	0.0020158515495503	0.000394568345969494	0.000459270074739847	0.00062083739744963	0.994602080628078
TTCAT	0.00217496276218346	0.00050500518117512	0.000947456123614875	0.00071167476222773	0.000165528139422812	0.0003849491614484	0.995110423869928
GTCAT	0.00195140573190778	0.00053690316175714	0.000814685234523247	0.000784827660483127	0.000190342034505759	0.000329499656371313	0.995392336520452
CTCAT	0.00324878480634986	0.000621527924561393	0.000648778727324624	0.00141110246616271	0.000227090023026928	0.000262725688178846	0.993579990364396
TGCAT	0.00327940729556896	0.000531378797017246	0.000951171634633842	0.00118008431018887	0.000137060567495333	0.000381760324123126	0.993539137070973
GGCAT	0.00270612688717389	0.000508349493220698	0.000803251081469385	0.00119138278913113	0.000133466276212384	0.000318454460521461	0.994338969012271
CGCAT	0.00354551813730389	0.000407714599780154	0.000671529929049665	0.0011591885680024	0.000107924452882982	0.000259818127310882	0.99384830618567
TCCAT	0.00263722778326096	0.000281613519569323	0.000593707561256738	0.00100784509003516	0.000108007067505411	0.000208062694458277	0.995163536283914
GCCAT	0.00210675369977033	0.00034339591921315	0.000603903168271401	0.00088710612463397	0.000107557917224808	0.000202781210914662	0.995748501959972
CCCAT	0.00273634442061823	0.000445410716371819	0.000737684153048023	0.00113321586974756	0.000210016840725416	0.000304524419051853	0.994432803580437
TACAT	0.0054555306955705	0.000596940150471419	0.00109632212101142	0.00154161242743104	0.00014585430861033	0.00029975797200048	0.990863982324905
GACAT	0.00367498790842458	0.000638737767178902	0.000748897574545804	0.00142073056282206	0.00013899992860888	0.00023686722528248	0.993140779033137
CACAT	0.00431862927489164	0.000559348888324886	0.000743847778251431	0.00148399941847428	0.000157085866214588	0.000250413351436196	0.992486675422407
TTAAT	0.000755381327641477	0.000959277844162386	0.000796066561041843	0.000178262467731083	0.000359111857817103	0.000275624818180514	0.996676275123426
GTAAT	0.000354563721187102	0.00141988881894743	0.000562481848012258	0.000151955880508758	0.000497941447151011	0.000170337640247721	0.996842830643946
CTAAT	0.000344743552403992	0.00176809854118001	0.000660164090005805	0.000133934851393735	0.000688298333937625	0.000234980375374215	0.996169780255705
TGAAT	0.000393181146450242	0.000900206352498526	0.000575710220627624	0.000169008402016094	0.000295021066559295	0.000211192899159312	0.997455679912689
GGAAT	0.000427940703441118	0.00124235654827779	0.000478262987476998	0.000183575692162888	0.000356684349246313	0.000179147331167731	0.997132032388227
CGAAT	0.000474073410454252	0.00103400263540022	0.000574860670944526	0.000149314459985591	0.000309827504470102	0.000227704551478027	0.997230216767267
TCAAT	0.000450859212938871	0.00182458207716359	0.000733273409914889	0.000170236984217777	0.000576655384434534	0.000320045530329421	0.995924347401001
GCAAT	0.000362676769827539	0.00227948199461928	0.000688383907633948	0.000144602737905432	0.000517574848295817	0.000301372696476045	0.995705907045242
CCAAT	0.000420090114637588	0.00206304182651744	0.000703183332684578	0.000172889072450126	0.000652125448715389	0.000284609788857956	0.995704060416137
TAAAT	0.000459574405354208	0.000657482549440182	0.000894272088686435	0.000154972764596186	0.000239922163500873	0.000360436061296243	0.997233339967126
GAAAT	0.000344324979477282	0.000863412407500813	0.00050077467468298	0.00015893661232602	0.000259091547262616	0.000201892453495215	0.997671567325255
CAAAT	0.000513009877429953	0.0017122036294665	0.000690284094595452	0.000207422893554189	0.000749375500317285	0.00027760901218706	0.99585009499245
CAAAA	0.000693144615873603	0.00165766963204068	0.000274171366297706	0.000195039271354297	0.000676234645377397	8.22514098893119e-05	0.996421489059167
CAAAC	0.000712198470027428	0.00148558368161004	0.000365600281839053	0.000194961480855961	0.000609967206186778	0.00011819302250722	0.996513495856974
CAAAG	0.000512471491070401	0.00162525900622696	0.000263533599047279	0.00017677022951479	0.000607884168469056	0.000104061985264823	0.996710019520407
CAACA	0.000766546562396302	0.00301980805961492	0.00050460777115564	0.000179960441363597	0.00121040543683029	0.000186492580796033	0.994132179147843
CAACC	0.00121382455327477	0.00342138794222902	0.000815109707548148	0.000202405701500363	0.00123455284800673	0.00025056850396581	0.992862150743475
CAACG	0.000686038922510977	0.00424231636406788	0.000619289189509909	0.000185415925002967	0.00169470155452712	0.000233624065503738	0.992338613978877
CAAGA	0.000391660689677404	0.00217137975775061	0.000399397197127822	0.000152473667668652	0.000782676670400606	9.79957610386261e-05	0.996004416256336
CAAGC	0.000567609174779325	0.00217795793600691	0.000503926194194327	0.00015782303884108	0.000657319112646886	0.000128473491267125	0.995806891052264
CAAGG	0.000535432043891699	0.00206192820748678	0.000454774011638782	0.000182767668828416	0.000668002958605268	0.000128280593849053	0.9959688145157
CAATA	0.000378473920177775	0.00549609953649465	0.000471840359843559	0.000131643102670531	0.00237458400958419	0.000164911604160637	0.990982447467069
CAATC	0.000486039224300092	0.00662695788516856	0.00053978394621789	0.000122093987834999	0.00287767934964213	0.000213226342391266	0.989134219264445
CAATG	0.000459649512202504	0.00905618498975978	0.000638424520021388	0.000134383922355956	0.00365984321875725	0.000221148316669861	0.985830365520233
CACAA	0.00171036016184973	0.00100483659508671	0.00261760967512123	0.000612419283759096	0.000387589681838527	0.000970698357985278	0.992696486244359
CACAC	0.000777697544127897	0.000673104134517804	0.0034829919494484	0.000290851343240078	0.000170553217472313	0.00119198795636727	0.993412813854826
CACAG	0.000690591087743573	0.00149732419432344	0.00353935758750174	0.000281120034811301	0.00046300281902663	0.00113574998473875	0.992392854291855
CACCA	0.0011944679127667	0.000967043307444507	0.00307837775226944	0.000538585777360434	0.000383493926166504	0.0012104332503896	0.992627598073603
CACCC	0.002036278502016	0.000969322640743294	0.00395589782257891	0.00106945927718372	0.000345471395719459	0.00156914109302143	0.990054429268737
CACCG	0.000982887026358182	0.000754091471528961	0.00287862162351458	0.000478602946326431	0.000331520089650503	0.00113697382859011	0.993437303014031
CACGA	0.00240707285810886	0.00284862186247893	0.0441523772998395	0.000719094092831263	0.000756941150348698	0.0160042590555393	0.933111633680853
CACGC	0.00236235139036648	0.0022656364737025	0.0492887871591247	0.000874016283926339	0.000546260177453962	0.017419431101368	0.927243517414058
CACGG	0.00239418115970775	0.00253419175384271	0.0514935630129346	0.000812061445982746	0.000487703569570097	0.0177090066481697	0.924569292409792
CACTA	0.000647745345611948	0.00145591924050954	0.0029468191421415	0.000264164302959062	0.000540390902856895	0.0010277076991832	0.993117253366738
CACTC	0.000493921927437797	0.00111349466897864	0.0034286680328337	0.000234852794359878	0.000413505406411847	0.00136388247308217	0.992951674696896
CACTG	0.000597551243026898	0.00108466193623261	0.00385369650381621	0.000262527675692251	0.000390860828557088	0.000976072345346982	0.992834629467328
TTCTG	0.00206920488499485	0.000767524024000498	0.000600867090858416	0.000617485303564892	0.000297703410484573	0.000261143342530327	0.995386071943566
GTCTG	0.00187628298137409	0.00115575699740579	0.000499786809688992	0.00061119761934883	0.000396185168930545	0.000232713233261437	0.99522807718999
CTCTG	0.00185648686252635	0.0015091249002352	0.000388068442247139	0.000690653276586691	0.000551708491670233	0.000145186445176377	0.994858771581558
TGCTG	0.00292270742847485	0.000702431187338913	0.000595203658094421	0.00115587641694062	0.000226268260863375	0.000244139515737457	0.99415337353255
GGCTG	0.0021104952451138	0.000696494790400853	0.000668271228430535	0.00100977632827139	0.000249308130737811	0.000286625951565232	0.99497902832548
CGCTG	0.00281547150132591	0.000771134066373007	0.00056864202736139	0.000898731789585807	0.000291255672550956	0.000202492039011617	0.994452272903791
TCCTG	0.00228816717972617	0.000487865837985976	0.000466310244473173	0.0009689102856198	0.000219648769339324	0.00015880196739812	0.995410295715457
GCCTG	0.00204545217250578	0.000628742436819053	0.000557939578080218	0.000893029605383367	0.000264287168564314	0.000178801689349684	0.995431747349298
CCCTG	0.00250807625682575	0.000890469153174829	0.000583437901947882	0.00104594789420535	0.000411861614497529	0.000202200887956365	0.994358006291392
TACTG	0.00447544577039139	0.00105551551837706	0.000692182288329657	0.00113897720946086	0.000354837129757441	0.000282370391990077	0.992000671691693
GACTG	0.0035172485662419	0.00101216614494242	0.000755382242414367	0.000825047830319961	0.000329903982395909	0.000300540800716692	0.993259710432969
TTATG	0.000825601228162382	0.00252155656979517	0.000599330640045025	0.000347640413072712	0.00103003240824942	0.000161468410191342	0.994514370330484
GTATG	0.000743865045491695	0.00558575025069218	0.000397372063262663	0.000286597355189441	0.00163521502208088	9.72498890642822e-05	0.991253950374219
CTATG	0.00059737880295613	0.00779437104809426	0.000777540664165121	0.000258126643252649	0.00314335036793582	0.00027076958088135	0.987158462892715
TGATG	0.000875131472127173	0.00223199006663217	0.000496079572929953	0.000444189944010722	0.000704006100159496	0.000130644101179624	0.995117958742961
GGATG	0.00122475906963107	0.00259205036681687	0.000650557810053409	0.000635286499958258	0.00075491176237027	0.000162384930678433	0.993980049560492
CGATG	0.000614978305980004	0.00259573665346161	0.00043010752688172	0.000301829843425769	0.000777211846821354	0.000158460667798529	0.995121675155631
TCATG	0.000765281584513407	0.00413717143893021	0.000789240676477915	0.000367490189985029	0.00133536703743361	0.000307240120486045	0.992298208952174
GCATG	0.000723235045903939	0.00687301876113768	0.000945417240789725	0.000331444632288467	0.00174225585331221	0.000427906449409663	0.988956722017158
CCATG	0.000648236784775334	0.0058311523758567	0.000602439470285176	0.000294890025009802	0.00198827365347518	0.000241273656826201	0.990393734033772
TAATG	0.000436418176927462	0.00179056563990643	0.000443777674008869	0.000171108307142723	0.000740365406389589	0.000159701086666542	0.996258063708958
GAATG	0.000388809941381928	0.00213863551943381	0.000454274685000653	0.000169267955876039	0.00069768779248906	0.000158779129550387	0.995992544976268
CCAAA	0.00102401404856443	0.00198450029844549	0.000258166160606926	0.000293038867118228	0.000646091229162882	0.00011272805128072	0.995681461344821
CCAAC	0.000794232963931974	0.00168237667486095	0.000320098216898323	0.000202137156645989	0.000442640289199291	0.000124259951819206	0.996434254746644
CCAAG	0.000694248662245434	0.00313229364844221	0.00027434984470124	0.000230087006384615	0.000626059965379283	9.76972557439008e-05	0.994945263617103
CCACA	0.000885764246482047	0.00285248501969716	0.000436892468431877	0.000217389236308442	0.000828686359477237	0.00018109897481773	0.994597683694786
CCACC	0.00121897622886205	0.00346894199105081	0.000482083068824059	0.000228374462154276	0.000609488114431026	0.00018247927281459	0.993809656861863
CCACG	0.000609360453635004	0.00353767596693655	0.000385552138874	0.000152340113408751	0.000712801271381687	0.000152340113408751	0.994449929942355
CCAGA	0.000400434945156794	0.00256096349016186	0.000323624242040354	0.000169274772270827	0.000802326017386885	0.000115398070558822	0.995627978462424
CCAGC	0.000445778459876166	0.00235263581227807	0.000374550486598728	0.000169015529810869	0.00055533674080714	0.000135212423848695	0.99596747054678
CCAGG	0.000543072662218966	0.00361380420706311	0.000392909119443243	0.000197301346616973	0.000893924699193069	0.000155526526446284	0.994203461439018
CCATA	0.000530081452455338	0.00620661599538202	0.000580999286614345	0.000228326287913017	0.00237223509460802	0.000296395392525584	0.989785346490502
CCATC	0.00060097000916191	0.0054441817603253	0.000698782469785987	0.000208865909367572	0.00152442214832897	0.000284467680242951	0.991238310022787
CCCAA	0.00120640221654182	0.000734660741462595	0.00181773679852099	0.000397594458948088	0.000331013464871149	0.000780056873787781	0.994732535445868
CCCAC	0.00106106282319287	0.000773242380899989	0.00277742325888437	0.000448454175376829	0.000411926504565959	0.0011662449114314	0.993361645945649
CCCAG	0.000671196683076191	0.000605598493685987	0.00218668945393124	0.000290078685402308	0.000268877749667831	0.000946310002077692	0.995031248932159
CCCCA	0.0010442570995217	0.00129229193700372	0.00271735098793569	0.000415420310629396	0.000675628637067589	0.00103740951198385	0.992817641515858
CCCCC	0.00183343506841225	0.00186722433649998	0.00410245787543366	0.000627305107541691	0.000783764109773987	0.00160278658624821	0.98918302691609
CCCCG	0.00085198818923243	0.000962551542033585	0.00270338237143216	0.000370712418215638	0.000416238504663172	0.000921361273342959	0.99377376570108
CCCGA	0.00223024910123231	0.00263600688937	0.037165143419772	0.000644105020330451	0.000987438533370031	0.013971687753776	0.942365369282149
CCCGC	0.00241475124754272	0.00219737637985786	0.0389644450325117	0.000640310751549977	0.000708831090276728	0.0144199871465296	0.940654298351731
CCCGG	0.00230150920521544	0.00225222635285537	0.0421532663853163	0.000601250798792899	0.000643962604171629	0.0152136165235547	0.936834168130094
CCCTA	0.000636837546539533	0.00109766838583592	0.00300233847915599	0.000243926307963537	0.000510492482833869	0.00142119938711689	0.993087537410554
CCCTC	0.000684859365310126	0.00108821791563761	0.00371855019523215	0.000243715470689672	0.000558278461928668	0.00159595847957442	0.992110420111627
TTCGG	0.0456982821812155	0.00283248876565637	0.00209548395321414	0.0164611020811422	0.00037846193071358	0.000637409567517608	0.931896771520541
GTCGG	0.033197753691849	0.00414249728455548	0.00202213953918329	0.0130745765062051	0.000647084652538652	0.000808855815673315	0.946107092509995
CTCGG	0.0315274995628394	0.00234768201028063	0.00136428718591529	0.0128533858733948	0.000611159107396064	0.000521130003756984	0.950774856256417
TGCGG	0.0492913452545063	0.00389116470967805	0.00409321848857255	0.016920374516456	0.000361741442859517	0.0015284390693794	0.923913716518548
GGCGG	0.0384587282833197	0.00223292648806819	0.00288872612702197	0.0139375243920042	0.000335028076422043	0.000955186430650079	0.941191880202514
CGCGG	0.0361309420163678	0.0017760752220094	0.00245516280689535	0.0123106390388299	0.0003743687967961	0.000574612571826572	0.946378199547275
TCCGG	0.0499820106804005	0.00191212318439255	0.00261552579345027	0.0180782555615295	0.000367871479449729	0.00049319033508645	0.926551022965691
GCCGG	0.0402423279868348	0.00207766781787444	0.00259209037855008	0.0148982766844217	0.000539394529640479	0.000564366498605316	0.939085876104073
TACGG	0.0694338139467533	0.00298918102645787	0.00290643553091579	0.0206191431703937	0.000398212697296291	0.000703336712107735	0.902949876916075
GACGG	0.0599574873561533	0.00264957473782512	0.00224508023379239	0.0187696308784046	0.000301334831863308	0.000477792165837317	0.915599099796124
TTAGG	0.000450291046942577	0.00165919006944018	0.000413208254841423	0.00014197411833013	0.00054882532309707	0.000181175927122778	0.996605335260226
GTAGG	0.000426542072633553	0.00287587789741007	0.000301860543709899	0.000144368086122126	0.000693951141246126	0.000123040982490448	0.995434359276388
CTAGG	0.000367826894115925	0.00326037137035739	0.000500706766859375	0.000114905783676703	0.00083836286861326	0.000157915211086418	0.994759911105291
TGAGG	0.00034989055116245	0.00129680386345753	0.000415515036970594	0.000155578049281748	0.000328762667926657	0.000146614704878684	0.997306835126322
GGAGG	0.00043874646632571	0.00138713353922055	0.000461238984716191	0.000193606487411735	0.000379525658411533	0.000161148929228003	0.996978599934686
CGAGG	0.00042568315947827	0.00143409763435883	0.000489742275710436	0.000157048155924022	0.000303764196326726	0.000194243771800764	0.996995420806401
TCAGG	0.000379606592723563	0.00276961812840957	0.000435792582395876	0.000153457984292504	0.000797489890911389	0.000201918400384874	0.995262116420882
GCAGG	0.000458167816147978	0.0031998635244803	0.000577583895888675	0.000167344982493765	0.000694562912777521	0.000253454536592499	0.994649022331619
TAAGG	0.00041844534248817	0.00139123167319815	0.000526029395360636	0.00010984898030136	0.000383338967340313	0.000223661583603284	0.996947444057708
GAAGG	0.000396999440419836	0.00177893558778603	0.000510049757263199	0.000117965548010466	0.000467325055579922	0.000218538739583491	0.996510185871357
CGAAA	0.00055628356698199	0.00153694841186777	0.000303948753093252	0.000183516228282718	0.000607897506186504	0.000106095319475946	0.996705310214112
CGAAC	0.000418639825701784	0.000981327763473	0.000346615769667069	0.000135045105065092	0.000351117273169239	0.000103534580549904	0.997663719682374
CGAAG	0.000591072691386171	0.0013439867149376	0.000249798577907251	0.000154804752505902	0.000277944896544688	7.7402376252951e-05	0.997304989990465
CGACA	0.000554878620301809	0.00221951448120724	0.000438654044427781	0.000101227856406411	0.000644858937107508	0.000194957353079014	0.99584590870747
CGACC	0.00140026688847532	0.0028065178234826	0.00064627702545015	0.000131649023702808	0.000484707769087612	0.000323138512725075	0.994207442957076
CGACG	0.000760288419090597	0.00232991612301957	0.000343356060234463	0.000196203462991122	0.000564084956099475	0.000147152597243341	0.995658998381321
CGAGA	0.000350321619526441	0.00121745434112654	0.000306964983446436	0.000159552420774419	0.000327776168764839	9.53845993760113e-05	0.997542545866985
CGAGC	0.000553686669179194	0.00200536936484229	0.000386184819679606	0.00013958487458299	0.000339656528151943	0.000130279216277457	0.996445238527287
CGATA	0.000442302182861796	0.0023924527163888	0.000623243984941621	0.000201046446755362	0.00109067697364784	0.000341778959484115	0.99490849873592
CGATC	0.0004826358351745	0.0015444346725584	0.000493361075956155	0.000132277969640418	0.000514811557519466	0.000218079895893663	0.996614398993257
CGCAA	0.000894627196666779	0.00071402170625987	0.00232267060918652	0.000256207788716777	0.000218406639561843	0.000890427068982897	0.994703638990625
CGCAC	0.00049753829931013	0.000397288044971521	0.00311147085687977	0.000185648619145571	0.000193074563911394	0.00133667005784811	0.994278309557934
CGCAG	0.000702010884069574	0.00072811872686555	0.00239321892296446	0.00028428539933396	0.000168250542462956	0.000907972755015607	0.994816142769288
CGCCA	0.000650092885788151	0.00054030898785704	0.00272091856833187	0.000322893817444446	0.000198041541365927	0.00105693909576815	0.994510805103444
CGCCC	0.000948188556372836	0.000617331272872527	0.00326217211841463	0.000474094278186418	0.000199724823576406	0.00130728975431829	0.993191199196259
CGCCG	0.000616376653548907	0.000699350433834337	0.00247736001137926	0.000343748518325352	0.000201507752121758	0.000924564980323361	0.994737091650467
CGCGA	0.0021192764611068	0.00311921676317832	0.0403259506895111	0.000447734463614113	0.000776073070264462	0.0141633335323264	0.939048415019999
CGCGC	0.00156090016683016	0.00115993498636002	0.0437338450412779	0.000451085828028898	0.000264923422810623	0.0141841432591309	0.938645167295561
CGCTA	0.000697027418414743	0.00073308056074654	0.00341903966446542	0.000168247997548386	0.000270398567488478	0.00135199283744239	0.993360212953894
CGCTC	0.000620934556854111	0.000667924198994422	0.00341681826420262	0.000201384180601333	0.000298719867891978	0.00149359933945989	0.993300619591996
TTCCG	0.00259617487495326	0.000617297015104376	0.000691372656916901	0.000839523940541952	0.000363323386032861	0.000313939624824511	0.994578368501626
GTCCG	0.00211687371177093	0.000897504936277149	0.000662296746080379	0.000748952395100242	0.000334243217648042	0.000408519488236496	0.994831609504887
CTCCG	0.00190049488353918	0.000861439269641592	0.000617216796289595	0.000719346194236794	0.000377434731543997	0.000235341656139198	0.99528872646861
TGCCG	0.0030924484853991	0.000594029652562539	0.00100985040935632	0.00127541660697251	0.000174714603694864	0.000492695182419518	0.993360845059595
GGCCG	0.00251082566136603	0.000684563880499254	0.000884702157854518	0.00116898948364324	0.000222881263418362	0.000354790582584331	0.994173246970634
TCCCG	0.00244627015509435	0.000661763199409945	0.000665860804359852	0.00086459464443033	0.000215124259870106	0.000221270667294966	0.99492511626954
GCCCG	0.00211441052093499	0.000613411403875645	0.00078302895115944	0.000750499558529671	0.000218411636228449	0.00027185278126307	0.995248385148009
TACCG	0.00337373333575612	0.000884317894112018	0.00121745134737339	0.00131436289741307	0.00028467767824154	0.00070866570966511	0.992216791137439
GACCG	0.00299631678055829	0.000894157774435378	0.00130274642632969	0.00107180501438943	0.000349372905242962	0.00058623589184836	0.992799365207196
TTACG	0.000455230023937512	0.00151363982959223	0.000462817191003137	0.000151743341312504	0.000477991525134388	0.000125188256582816	0.996813389832437
GTACG	0.000530446937385757	0.00304648578903982	0.000344073689115085	0.000172036844557543	0.000788502204222071	7.16820185656428e-05	0.995046772517114
CTACG	0.000490806992556094	0.00325279928399921	0.000606290990804587	0.000120295831508847	0.00126551214747307	0.0001251076647692	0.994139187088889
TGACG	0.000521007777901827	0.00232964906404674	0.000461464031855904	0.000212124595288601	0.000524729262029697	0.000133973428603327	0.995817051840274
GGACG	0.000609028852741899	0.00337080552524509	0.000752827331861514	0.000304514426370949	0.000609028852741899	0.000101504808790316	0.994252290202248
TCACG	0.000454600932904794	0.00220755628118748	0.000670403710392673	0.000205189526136016	0.000447525432003552	0.000180425272981669	0.995834298844394
GCACG	0.000422701759830491	0.00600611044822438	0.000741065743500292	0.000144467690068649	0.000727689105530972	0.000208675552321382	0.991749289700524
TAACG	0.000431528107417304	0.00152279630213606	0.000423229489966972	0.000157673731556323	0.000398333637615973	9.95834094039933e-05	0.996966855321903
GAACG	0.000464678571289112	0.00213986434509608	0.000597443877371716	0.000148384753857027	0.00057401470571008	0.000132765306082603	0.995942848440593
CTAAA	0.00045384899463333	0.00244148129522971	0.000367102233886239	0.000146149433867381	0.00106296211900964	0.000129805841262857	0.995398650082111
CTAAC	0.000595456314509336	0.00170657328064812	0.00033950796187574	0.000181422214660872	0.000590939578874625	0.000125715808499443	0.996460384840932
CTAAG	0.000533554114346166	0.00241824203118532	0.000264477254956074	0.000177659721263971	0.000742261165539764	0.000108665654753691	0.995755140057955
CTACA	0.000578930198423206	0.00364763255244461	0.000332279872728432	0.000154040109065982	0.00143429491281376	0.000142871037713766	0.99370995131681
CTACC	0.000909346684926141	0.00287182564171119	0.000543276352789207	0.000202077041094698	0.000927999950257959	0.000159329974709281	0.994386144354512
CTAGA	0.00028943062984247	0.00295239447020809	0.000281853911783767	0.000106579167359095	0.00103497968681888	8.9910387629947e-05	0.995244851746358
CTAGC	0.000376831724183546	0.00234366705133092	0.000361166664055823	0.000124450199903573	0.000679689553319513	0.00013054216773102	0.995983652639476
CTATA	0.00129085485459643	0.00773063039551606	0.000458347013588586	0.000282023723667263	0.00322620173442252	0.00017819409405842	0.986833748184151
CTATC	0.00121826796945255	0.00691360197562914	0.000566508355998251	0.000450319142207348	0.00266960187662768	0.000203503001669275	0.987978197678416
CTCAA	0.000656644021244713	0.0011057714846023	0.00177061126247763	0.000230464676452837	0.000463551995027471	0.000738929417816067	0.995034027142379
CTCAC	0.00044242419917652	0.000603920299045708	0.00268083525782852	0.000186283873337482	0.000243370866779614	0.00119281770508033	0.994650347798752
CTCAG	0.000358754395726937	0.00082282601594514	0.00198835540677229	0.000144459187604332	0.000305532589767446	0.000881679759043201	0.995498392645141
CTCCA	0.000604913952689426	0.0010451603176447	0.001993620907408	0.000290408128461727	0.000460327778093588	0.000815614318232934	0.99478995459747
CTCCC	0.000706722735660038	0.000887917448702415	0.00294504763488632	0.00031867461769341	0.000376644254908017	0.00117903273067085	0.993585960577479
CTCGA	0.00145996661359367	0.00295023442105437	0.0269515346177367	0.000446253946041838	0.000867716006192462	0.0110378985295657	0.956286395865815
CTCGC	0.00148383677795442	0.00232843137254902	0.029954954954955	0.000460386857445681	0.000652490726020138	0.0118706942236354	0.95324920508744
CTCTA	0.000994168185051088	0.00220727971383278	0.00193262116533574	0.000188038816086721	0.000870114799438321	0.00082136399526769	0.992986413324988
CTCTC	0.000741780478738555	0.00221108280385726	0.00276153233211206	0.000180388279138925	0.000802462565287127	0.00104817527639364	0.992254578264472
TTCAG	0.00199793473931844	0.000693008365472743	0.000467092425951188	0.000685826931633648	0.000221726769782082	0.000172952864958224	0.995761457902884
GTCAG	0.00165284927962795	0.000824329773806843	0.000434684696480101	0.000668785972777216	0.000281759477959391	0.00020110713668477	0.995936483662664
TGCAG	0.00261258813799544	0.000612532179751118	0.00104846495404354	0.000992807560500339	0.000161256015887328	0.000460602537916975	0.994111748613905
GGCAG	0.00209442601434778	0.000773424865929037	0.00128264950217433	0.000929672313591468	0.000240408004698787	0.000529820890709882	0.994149598408549
TCCAG	0.00235718663753032	0.000336334528943578	0.000439384394014636	0.000908798656684949	0.000128338175517944	0.000156155317009518	0.995673802290299
GCCAG	0.00183725085215005	0.000433489984307248	0.00052723997134403	0.000802682411133516	0.000185425859316115	0.000185011036364624	0.996028899885384
TACAG	0.00472890470513232	0.00132693159674823	0.000757834983593449	0.00152899691319116	0.000408813073373842	0.000286349245226612	0.990962169482734
GACAG	0.00329631995696249	0.00195391960728275	0.000814098145688684	0.00104189432274768	0.000572012171544811	0.000270665568313636	0.99205109022746
TTAAG	0.000337040654584339	0.00127486005444794	0.000654433199260173	0.000126579169602863	0.000397118529112264	0.000239555801576761	0.996970412591416
GTAAG	0.000345763247671861	0.00257708873931427	0.000467603630184802	0.000137646702406512	0.000656620872245419	0.000127109155810798	0.995688167652366
TGAAG	0.000256149413287544	0.00104938630604897	0.000607004192778176	0.000109006512106238	0.000290472163455106	0.000142693655789215	0.997545287756535
GGAAG	0.000274260361089207	0.00166956394842753	0.000589483763274585	0.000119048838185747	0.000382428391483784	0.000132809859803992	0.996832404837735
TCAAG	0.000256362280877332	0.00193921566921071	0.000622231504929988	0.000112407789352154	0.00048407870575847	0.000253461434700502	0.996332242615171
GCAAG	0.000257308954612055	0.00217722961594816	0.000576601240395839	0.000107298875809885	0.000486491019448703	0.0002442872463827	0.996150783047403
TAAAG	0.000231904923812589	0.000930035371540072	0.000647099286107264	8.93800227194355e-05	0.000278708651925807	0.00023824607407309	0.997584625669822
GAAAG	0.00019795390886213	0.00161300861936895	0.00054389277871828	7.02859926056939e-05	0.000355273728249094	0.000203170447375834	0.99701641452482
GAAAA	0.000454060788651143	0.00124910823808375	0.00026961362971479	0.000157662223682117	0.000403057139484395	8.62891926154415e-05	0.997380208787768
GAAAC	0.000428788407725502	0.000960661496592174	0.000224812336531274	0.000154261473197069	0.000258808348396978	8.80971920390844e-05	0.997884570745518
GAACA	0.000592706484364403	0.00232651869862644	0.000509533246558513	0.00014730213611417	0.000763328219863402	0.000200159894719782	0.995460451319753
GAACC	0.000871157176670815	0.00244216484299324	0.000637177311473857	0.000176181267544138	0.000623249938545467	0.000217963386329309	0.995032106076443
GAAGA	0.000435027557488246	0.00187133636445604	0.000358072187582734	0.000197844215913796	0.00054098476455964	8.78669522055466e-05	0.996508867957794
GAAGC	0.000389354963480659	0.00209554021846969	0.000361653819833814	0.00018723921168701	0.00047964017240371	0.000104135780746474	0.996382435833379
GAATA	0.000611493587795875	0.00216946989354405	0.000432925001886044	0.000241206016238667	0.000828475183465379	0.000160919365209441	0.995555510951861
GAATC	0.000694024379440574	0.00190055070861683	0.000484784452984332	0.000257609675688984	0.000609784928529619	0.000208696446127784	0.995844549408612
GACAA	0.00181325874307831	0.00114740338998976	0.00247053115742284	0.000723677256206142	0.000366355964284133	0.000816734381536021	0.992662039107483
GACAC	0.0007400138651292	0.000814202281262625	0.003024892395625	0.000269322653526381	0.000162715769838855	0.0011352697964619	0.993853583238156
GACCA	0.00138547720328321	0.000910209555587304	0.00297488743357775	0.00070454828258435	0.000360627330251679	0.00111644691058747	0.992547803284128
GACCC	0.00239592039861701	0.00076523030556047	0.00340605926438533	0.001263763033101	0.000237064513795499	0.00130036858302531	0.990631593901515
GACGA	0.00339247487391604	0.00339247487391604	0.059722071042415	0.000725663074634447	0.000521570334893509	0.0200101592830449	0.91223558651718
GACGC	0.00251737322430298	0.00338254584019425	0.0621919566855516	0.000608411710529988	0.000390723116854121	0.0203455108704753	0.910563478552092
GACTA	0.000954586105452376	0.00108479075740418	0.00252001803520436	0.00030728297860626	0.000382429663447016	0.000840006011734787	0.993910886448151
GACTC	0.000782321550974337	0.000858333877079324	0.00309497975583226	0.000260325400023275	0.000314812111656053	0.00116574655876056	0.993523480745674
TTCTC	0.00236730344643703	0.000808762739271965	0.000955025790252071	0.000813078698153345	0.000305953529591173	0.00045461433550538	0.994295261460789
GTCTC	0.00188817854274388	0.000964853993761713	0.000553188332403289	0.000764464342738073	0.000423761616148583	0.000286270930033772	0.995119282242171
TGCTC	0.00391226973668516	0.000725678325548553	0.000622146309346031	0.00162359194072434	0.00023473618420111	0.000252866214688187	0.992628711288807
GGCTC	0.00293598719437043	0.000601925958504442	0.000711878448800495	0.00148205728780448	0.000240361257856489	0.000325254808503674	0.99370253504416
TCCTC	0.00337866583981713	0.000586245934856755	0.000526395488862769	0.00148111826592346	0.000270048096683708	0.000189646593932751	0.993567879779923
GCCTC	0.00289124090558627	0.000561847920241918	0.000488185731564561	0.00130750384902309	0.000258512586679027	0.000196664145242378	0.994296044861663
TACTC	0.00397464652597926	0.000945488791682673	0.000643130645980743	0.00147151761484033	0.000351925054833393	0.000261465445668472	0.992351825921015
TTATC	0.000900929591723851	0.00240611056543179	0.00082215063207544	0.000421132204503475	0.000961270922518379	0.000186471473635867	0.994301934610111
GTATC	0.000600521610092733	0.00409446552335955	0.000544274406943552	0.000263865555949837	0.00156416854639857	0.000102568429272037	0.992830135927984
TGATC	0.000907617044359277	0.00188766111848606	0.000426458454994705	0.000481665072090219	0.000609805201678889	0.000126114198686083	0.995560678909705
GGATC	0.00108000633351635	0.00207651108325974	0.000687706439941486	0.000571119322975461	0.000575845827717327	0.000172517423078105	0.994836293569512
TCATC	0.000939698749914612	0.00352824646492247	0.00071043104037161	0.000421391488489651	0.0010951055399959	0.000264703873215384	0.99304042284309
GCATC	0.000764821666676287	0.00417982256137333	0.000904798462275532	0.000349941988998112	0.00120351183020382	0.000336232921387877	0.992260870569085
TAATC	0.000492001558004934	0.00155885910305383	0.000411709637080517	0.000215250681627158	0.000601762322247354	0.000144354623789642	0.996576062074197
GCAAA	0.000574906070300929	0.00165269125448695	0.000256350485789082	0.0002638805766871	0.000490438094140542	9.55994148791977e-05	0.996666134103716
GCAAC	0.000640474815971566	0.00162213715073172	0.00031923978366184	0.000247410832337926	0.000367790834093745	0.000115724421577417	0.996687222161626
GCACA	0.000787444028270056	0.00327210631309916	0.000400971211173187	0.000296764003749647	0.000722201254926622	0.000184854524473063	0.994335658664308
GCACC	0.00104341689991158	0.00435294885392665	0.000471868261265855	0.000305495257293699	0.000640392640289374	0.000186452504451554	0.992999425582861
GCAGA	0.000504260931036965	0.00282696208629654	0.000347371549125757	0.000237733557531336	0.000650444919829526	0.000105577325239072	0.995327649630941
GCAGC	0.000490259198824645	0.00225181485617304	0.00042640412556546	0.00021003569551368	0.000498702844875446	0.00014037561559457	0.995982407663453
GCATA	0.000829666277576178	0.00536749515264883	0.000654453458102769	0.000379119027501697	0.00195542390513355	0.000300364833382987	0.990513477345654
GCCAA	0.000732687673819831	0.000470008354140506	0.00179935333980338	0.000255174196259916	0.000213426947239451	0.000738316516384388	0.995791032972352
GCCAC	0.000473602113395119	0.000267457258736897	0.00197503185106976	0.000171385066519131	0.000106210463758334	0.000839062663690843	0.99616725058283
GCCCA	0.000695338187209234	0.000598472893634631	0.00233704574497597	0.000275588581719291	0.000270586148717785	0.00100230566684706	0.994820662776896
GCCCC	0.00103357320595888	0.000658678878363967	0.00328517957587652	0.000466750905870158	0.000306935395700216	0.00140174632050926	0.992847135717721
GCCGA	0.00230382907949843	0.00186667939592948	0.0343489107687051	0.000695922197405743	0.000718533387935171	0.0129989221999181	0.947067202970608
GCCGC	0.00239002322816951	0.00139032985680863	0.0379127410500141	0.000571253355063363	0.000470443939463946	0.0138192907217534	0.943445917848727
GCCTA	0.000693792924920029	0.000752479927839104	0.00274140657471298	0.000164002035554677	0.000344082702046086	0.00114640638578906	0.994157829449138
TTCGC	0.0446243582198106	0.00202881491370359	0.00194268597868787	0.0158381541612238	0.000339730799228668	0.000507203728425898	0.93471905219892
GTCGC	0.0283265916235444	0.00182568163535432	0.00194549199267445	0.0117071834867096	0.000524883470164368	0.000536293980385333	0.955133873811167
TGCGC	0.0532643952881496	0.00237787478964954	0.00386963555512198	0.0180190067393443	0.000410539066247185	0.00134136526595615	0.920717183295531
GGCGC	0.0389224129217458	0.00167030545616269	0.00254462571006934	0.0140093395597065	0.000384094446802919	0.000788404390805992	0.941680817514707
TCCGC	0.0497089104150119	0.0012903500683216	0.00175292839470104	0.0179675160456857	0.000255635390893902	0.000389539643266899	0.928635120042119
TACGC	0.0761040162028746	0.00263101339602613	0.00279382363092873	0.0233535000944299	0.000534017570480551	0.000976861409415641	0.893606767695844
TTAGC	0.000415069688301654	0.00159679750676048	0.000340736946736521	0.000150835782154065	0.000479093509503739	0.000165485300564712	0.996851981265979
GTAGC	0.000387821139444043	0.00213221828105861	0.000241789722739805	0.00014204148728609	0.000588913582118732	9.81522636864554e-05	0.996409063523666
TGAGC	0.000290175087246112	0.00125973482398558	0.000337450803707557	0.000113298699795533	0.000371684943214121	0.000125525178190734	0.99750213046386
GGAGC	0.000403040988759988	0.00165157805804172	0.000546076039976072	0.0001582921233458	0.000438005112390586	0.000146213607909775	0.996656794069576
TCAGC	0.000395584581386607	0.00260198170508147	0.000421056369066135	0.000140480768414366	0.000606691670185118	0.000188336854357721	0.995645868051509
TAAGC	0.00042863266180883	0.00136763723721329	0.000384772575484205	0.000113637496386527	0.000376133467571779	0.000184743999973418	0.997144442561562
GGAAA	0.000577253716055555	0.00220926971429965	0.00029728444439025	0.000170469094855443	0.0006869977685376	0.00013339999268373	0.995925325269178
GGAAC	0.000449068329018692	0.00148328629887992	0.000357699448222681	0.000113401093186538	0.000367419541924384	0.000196345892774406	0.997032779395993
GGACA	0.000556723026665685	0.00256020021294397	0.000609077799191974	0.000118187011247464	0.000726228082270601	0.000288728795021217	0.995140855072659
GGACC	0.000745288236370477	0.00249800057155898	0.000700056950301096	0.000143917728402575	0.000578754864933212	0.000338206661746051	0.994995774986688
GGAGA	0.000385667459181683	0.00155626303405855	0.000352790888890786	0.000136248094186316	0.000428027655518032	0.000135931973318134	0.997005070894846
GGATA	0.00059676075132841	0.00253337283636591	0.00108813993708419	0.000205945688147645	0.000906281463924578	0.000531123090486032	0.994138376232663
GGCAA	0.00180570874891523	0.000726234516364971	0.00207428381941031	0.000761981811211951	0.000250231063928863	0.00090732278631349	0.993474237253855
GGCAC	0.000841225406283788	0.000495927269106603	0.00253707965855695	0.00037401979368915	0.000160841276467006	0.00114056889304183	0.994450337702855
GGCCA	0.000968228292817748	0.00059085843669665	0.002738588991076	0.000468611863586998	0.000213488580575551	0.00133142463321599	0.993688799202031
GGCCC	0.00126368622371537	0.000715630122847139	0.00370605735564955	0.000638724170731214	0.000264718382546397	0.00189674364008014	0.99151444010443
GGCGA	0.00361145202502867	0.00246463996137054	0.043391076326714	0.00104621451421443	0.000345384919756688	0.015270708005553	0.933870524247363
GGCTA	0.00084032159259631	0.00073787711508045	0.00274938827495267	0.000330867974679601	0.000290028622156387	0.00129647639450815	0.993755040026026
TTCCC	0.00368342749623075	0.00070435224164196	0.000655211387573916	0.00124490163639044	0.000300186521589571	0.000355380959129765	0.993056539757444
GTCCC	0.00304624362092302	0.000800665673869801	0.00101922383283872	0.00122064017541792	0.000355692690086673	0.000509254795244574	0.993048279211619
TGCCC	0.00421833050308797	0.000601466667931581	0.00110237266267586	0.00173609464087507	0.000226261514671423	0.000571583071654223	0.991543890939104
TCCCC	0.00361343629529105	0.000590870332784897	0.000799356287604934	0.00145219594797459	0.000292552872086181	0.000339630345755221	0.992911957918503
TACCC	0.00438352220916434	0.000830088627295113	0.00199221270550827	0.00166590200374399	0.000278059244611171	0.00107707066221445	0.989773144547463
TTACC	0.000537638451300484	0.00200079204545739	0.000594034093045289	0.000168560306992809	0.00067737431917928	0.000129709976013054	0.995891890808012
GTACC	0.000510139583587378	0.00270060735697353	0.000701441927432644	0.000203608342572155	0.000787583918520864	0.000111872715698986	0.994984746155214
TGACC	0.000706596430981427	0.00199319076572678	0.000748403386481162	0.000307369447476921	0.000516404224975593	0.000124832036140052	0.995603203708218
TCACC	0.000515902203588187	0.00276283334745229	0.000846689194246816	0.000201699384547945	0.000576412018952571	0.000216490672748127	0.994879973178464
TAACC	0.000685386724266844	0.00175308231717636	0.000782310099415691	0.000210000646155834	0.000488463041424743	0.000134615798817843	0.995946141372743
GTAAA	0.000379481964480062	0.00179365632649377	0.00039795861443602	0.000124362067011256	0.000703533979092249	0.000158472805391486	0.996442534243095
GTAAC	0.0003697373352358	0.00148231058944534	0.000391585450499734	0.000118484009700563	0.00051343070870244	0.000141172437090033	0.996983279469326
GTACA	0.000472511694978621	0.00301289039550863	0.0004341829537636	0.000142633184521472	0.000967015290654385	0.000187873665955595	0.994782892814618
GTAGA	0.00022835664988451	0.00234065566131623	0.000286474445913676	8.94911195493351e-05	0.000819306628977533	0.000113664008163236	0.996122051486195
GTATA	0.000345304687451761	0.0071331303936046	0.000613663901221011	9.49944119537168e-05	0.00208607728650362	0.000251260219617581	0.989475569099648
GTCAA	0.000798426708627324	0.000940732126381208	0.00153269933548036	0.000325436160273226	0.000372676893216114	0.000652621977322115	0.9953774067987
GTCAC	0.000454665167731032	0.000484302600886833	0.0018045155323725	0.000191969737486436	0.000170415240645854	0.000731505736527261	0.99616262598435
GTCCA	0.000784944113859199	0.000739284404926414	0.00221852468108708	0.000394822189007022	0.000346476614842897	0.000850076345719201	0.994665871650558
GTCGA	0.00241981789844968	0.00293932682580045	0.0279167692013234	0.000683564378093129	0.000936483197987587	0.011340333032565	0.953763705465781
GTCTA	0.000631723635351047	0.00112569745103586	0.00187887791663025	0.00027031550633427	0.000461387836839042	0.000733184524029938	0.99489881312978
TTCAC	0.00208126999482331	0.000460677806472213	0.000457755187557242	0.000767918119908478	0.000160013385594631	0.000183759664278765	0.995888605841365
TGCAC	0.00327269963277735	0.000410928317949254	0.00090784279260234	0.00137150295250809	0.000143468615052803	0.000416629057620226	0.99347692863149
TCCAC	0.00284786879243698	0.000237517984007435	0.000437953120709362	0.00112985333499189	0.000104207494959784	0.000144576164178439	0.995098023108716
TACAC	0.00649343014889154	0.00057727217148393	0.00082828563097847	0.00172946510031133	0.000159896161551557	0.000321555883708462	0.989890094903075
TTAAC	0.000449771620817779	0.00095776610517184	0.000520124247590786	0.000151379445194333	0.000335266655863091	0.000179035305374067	0.997406656619988
TGAAC	0.000359598337427784	0.000938902488332788	0.000470547580560991	0.000136384247487855	0.000298203499330358	0.000113580450480239	0.99768278339638
TCAAC	0.000388608197005746	0.00132783589568442	0.000608637063479423	0.00013464453023016	0.000395723558359373	0.000254511002264327	0.996890039752977
TAAAC	0.000350580701874585	0.000648674464382804	0.000538491958079363	0.000118195779489146	0.000217961030651171	0.000189513910841919	0.997936582154681
TAAAA	0.000635105689899289	0.000847244625955658	0.000606916647098226	0.000227872355294171	0.000327124008319308	0.000126916248518272	0.997228820424915
TAACA	0.000595634867903383	0.00195471950603359	0.000522170833409858	0.000162413135081273	0.000664057252970882	0.000209948686812378	0.995891055717789
TAAGA	0.000459276417872863	0.00149193297425834	0.00041671108007935	0.000198876704312548	0.000489322538668284	0.000121257558924377	0.996822622725884
TAATA	0.000509514361983679	0.00204897379948693	0.000515353340720911	0.000170345857942725	0.000881431920681282	0.000180754472213443	0.995693626246971
TACAA	0.00177568233655303	0.00098128134870217	0.00355455375776223	0.000657908164566973	0.000333897163500543	0.00119048530214664	0.991506191926768
TACCA	0.00129618828524153	0.000918195950225168	0.00338941471266324	0.000636829470385177	0.000341945383862481	0.00124011525011327	0.992177310947509
TACGA	0.0033536627850265	0.00325611857659775	0.0626094469243382	0.000859318026634214	0.000599200137490884	0.0197085750649133	0.909613678484999
TACTA	0.000935009258921589	0.00119180757651273	0.00339510675111127	0.000324670062279923	0.000424451657083582	0.00116293675974213	0.992566017934349
TTCTA	0.00196874364573987	0.00101409683633953	0.000845798692444045	0.000664863827846508	0.000415575792178789	0.000354402576052955	0.994736518629398
TGCTA	0.00401119384768009	0.000841198515038071	0.000636635440284182	0.00163894568484202	0.000309041590260649	0.000249479072074553	0.99231350584982
TCCTA	0.00306470340054881	0.000687818319966555	0.000574061905568736	0.00130891874288122	0.000332629515517671	0.00018095429632058	0.993850913819196
TTATA	0.000975456843822739	0.00321793672380845	0.000535430403295915	0.000352410556351129	0.0013436869348167	0.000153327797307467	0.993421750740598
TGATA	0.000893326554831911	0.00244728091511347	0.000466186308084467	0.000434633935286872	0.000953276063147341	0.000148296152148697	0.994657000071387
TCATA	0.000765854596264032	0.00418176641974148	0.000680716836820193	0.00034324770888896	0.0015632987684303	0.000282379989467573	0.992182735680388
TCAAA	0.000609456233166691	0.00153119582547664	0.000278857134484233	0.000259854554712319	0.000464075050574336	0.000117449679795084	0.996739111521791
TCACA	0.000683789505236142	0.00188900753729619	0.000601047852776061	0.000227929835078714	0.000524238620681042	0.000192959778189925	0.995881026870742
TCAGA	0.000414022904338529	0.00206336414825234	0.000328196727740402	0.000207332898523565	0.000664751060692608	0.000123113953696938	0.996199218306756
TCCAA	0.00075347269124088	0.000422625645086977	0.0020935142506629	0.000239438522216527	0.000200210572672552	0.000853392940079307	0.995437345378041
TCCCA	0.000571430037667683	0.000537303322351202	0.00250844187168355	0.000240169966437787	0.000266598926419723	0.000960679865751147	0.994915376009689
TCCGA	0.00259014511454039	0.00155598461093269	0.0481026949843216	0.000474385552113625	0.000521824107324987	0.0174811075953871	0.92927385803538
TTCGA	0.0375074487634273	0.00222760925113018	0.00212465252103593	0.0141705899420634	0.000630219984213301	0.000611500578741619	0.942727978959388
TGCGA	0.0461737151414953	0.00380714396893707	0.00511124853288237	0.0164906125505341	0.000643638704140742	0.00166588841071722	0.926107752691293
TTAGA	0.000357363724045989	0.00171534587542075	0.000391595407086184	0.000113604047012515	0.000562753822287158	0.000174920138611984	0.996684416985535
TGAGA	0.000439783043693019	0.00144489446080527	0.000362908368632038	0.000108822591969442	0.000380130292590504	0.00014376562608807	0.997119695616222
TGAAA	0.000570414147962124	0.00122000977468449	0.000293278972301281	0.000167972360282647	0.00040897618155775	0.000123192543410957	0.997216156019801
TGACA	0.000543965923045243	0.00213849198754428	0.000607384573337818	0.000143069455124321	0.000677220587052856	0.000290291321874942	0.995599576152021
TGCAA	0.00149021773456636	0.000688775879122524	0.00250387520511093	0.000652453713621922	0.00021356088048965	0.000958837905946443	0.993492278681142
TGCCA	0.000990887890907118	0.000547663921827249	0.00340260199410191	0.000505223658343331	0.00020002280702855	0.00143854040922009	0.992915059318572
TTCCA	0.00230063310014571	0.000751167358276741	0.000632674102540069	0.000783120595778764	0.000319532375020237	0.000292904677101884	0.994919967791137
TTACA	0.000389652370676475	0.00178954694903359	0.000476727153062324	0.000146774884021632	0.000668932358328747	0.000151143184141323	0.996377223100736
TTAAA	0.000524912128997641	0.00120904544632256	0.00395852352768135	0.000194981231640616	0.000495462681563125	0.000750637289278686	0.992866437694516
TTCAA	0.000804869878147978	0.000793141355333436	0.00170454531571351	0.000293701758814168	0.000300299052897348	0.000579584502418641	0.995523858136675
