Context	s1	s2	s3	p1	p2	p3	same	alpha	likelihood_0	likelihood_1	likelihood_2	Chi_stat_0v1	p_0v1	Chi_stat_1v2	p_1v2	Chi_stat_0v2	p_0v2
AAA	55903	92499	36648	15562	27002	9311	87034242	0.280329640637666	-237.542677402496	-105.247906923294	-36.447616815567	NA	NA	137.600580215454	1.31951293793653e-30	NA	NA
AAC	27355	68187	19832	5159	20337	6031	32555396	0.273259139840865	-696.963227987289	-546.617252588272	-34.7189621925354	NA	NA	1023.79658079147	4.84615371533433e-223	NA	NA
AAG	20205	74745	19964	7252	19244	4717	44644327	0.271620516212124	-536.398751497269	-367.953941106796	-34.6371024847031	NA	NA	666.633677244186	1.74717441327323e-145	NA	NA
AAT	26036	145217	35585	7448	48938	10062	57550439	0.321256248851758	-369.110189676285	-229.056072235107	-36.2430050373077	NA	NA	385.626134395599	1.82956935440858e-84	NA	NA
ACA	55184	42905	159416	14630	11241	44032	45058068	0.271462690044854	-436.240674734116	-54.9657582044601	-37.0976645946503	NA	NA	35.7361872196198	1.73774298149221e-08	NA	NA
ACC	46119	21758	84501	18486	6870	26461	25058953	0.34005565107824	-757.501393318176	-384.560232520103	-35.9667754769325	NA	NA	697.186914086342	4.05308002434811e-152	NA	NA
ACG	14188	13396	257740	3280	2119	72674	4746467	0.273629277593192	-857.937057137489	-501.716249868274	-34.7121269404888	NA	NA	934.00824585557	1.5229525990278e-203	NA	NA
ACT	27170	37091	115615	8828	11424	30911	35456541	0.284434832884876	-288.403727412224	-206.601613521576	-36.0889303684235	NA	NA	341.025366306305	8.85691775935944e-75	NA	NA
TCT	105100	54935	42838	29700	18425	15509	49676267	0.313664213572038	-451.626584768295	-396.980406165123	-36.9666210412979	NA	NA	720.02757024765	4.44630972225134e-157	NA	NA
GCT	85764	22711	20118	30498	7316	7122	30089745	0.349443593352671	-544.456224918365	-65.327127456665	-35.207545042038	NA	NA	60.2391648292542	8.30293350992252e-14	NA	NA
CCT	107767	27669	25835	37970	11262	8051	38161337	0.355197152618884	-956.354544401169	-209.089163422585	-35.9320892095566	NA	NA	346.314148426056	6.29271650657666e-76	NA	NA
TAT	37220	180114	28361	9764	56204	5770	47874435	0.291979893770732	-674.412478923798	-642.113990545273	-36.341529250145	NA	NA	1211.54492259026	8.2482681351718e-264	NA	NA
GAT	28248	62681	14186	11822	17853	3556	30048140	0.316139466298816	-703.514457643032	-663.319670915604	-34.6106989383698	NA	NA	1257.41794395447	9.01909055077317e-274	NA	NA
CAT	32063	184180	28424	11860	52655	9372	41457391	0.301990051784671	-381.027151346207	-380.487366318703	-36.5858478546143	NA	NA	687.803036928177	4.42046761179896e-150	NA	NA
CAA	30007	77249	13850	9164	18622	4597	42921575	0.26739385331858	-549.605064511299	-315.84515786171	-34.7560437917709	NA	NA	562.178228139877	8.40521518309623e-123	NA	NA
CAC	28724	89114	17395	7019	18997	5918	32586680	0.236140586986904	-1507.8263437748	-492.467723608017	-34.9217438697815	NA	NA	915.091959476471	1.95121795045925e-199	NA	NA
CAG	21650	110951	19161	8104	26074	5751	43511363	0.263102752994821	-1079.78434431553	-704.992427945137	-35.1545566320419	NA	NA	1339.67574262619	1.23910673890319e-291	NA	NA
CCA	31799	20312	87490	10250	7929	30230	40102472	0.346766856970939	-583.098222732544	-117.29629778862	-35.6089928150177	NA	NA	163.374609947205	3.33929054978835e-36	NA	NA
CCC	27684	24154	80765	9702	9812	26904	27435615	0.350052412087208	-678.853467226028	-172.727045297623	-35.6062034368515	NA	NA	274.241683721542	2.81303428888947e-60	NA	NA
CCG	12860	9598	198086	2618	2618	62229	4850733	0.305902677016831	-333.042434066534	-323.807101011276	-34.2881484925747	NA	NA	579.037905037403	1.83449492529388e-126	NA	NA
TCG	135121	11502	8645	44503	2344	2355	4237889	0.316884354793003	-425.465883865952	-360.854142382741	-33.7182416692376	NA	NA	654.271801427007	8.44663033273485e-143	NA	NA
GCG	168260	11114	14001	51352	1556	3797	4112701	0.293238526179703	-657.654517799616	-639.19137070328	-34.1514124125242	NA	NA	1210.07991658151	1.71587158899588e-263	NA	NA
TAG	11764	61688	10722	3305	16162	3496	28951115	0.272803953714924	-213.973881304264	-100.552362442017	-33.3296954631805	NA	NA	134.445333957672	6.39096843056498e-30	NA	NA
GAG	15628	53127	15581	4747	12674	4849	36614642	0.264062796433314	-405.528100132942	-207.877776026726	-33.8073167800903	NA	NA	348.140918493271	2.52441113309326e-76	NA	NA
GAA	23033	59715	13688	5641	15118	4940	44525914	0.266487618731594	-477.550343394279	-280.932956814766	-34.1787474155426	NA	NA	493.508418798447	6.85501597984162e-108	NA	NA
GAC	13517	43289	13870	2382	10410	5283	20611008	0.25574452430811	-861.201370120049	-609.691649258137	-33.1732097864151	NA	NA	1153.03687894344	4.18044988938194e-251	NA	NA
GCA	35508	19873	74093	12487	5648	25019	31389161	0.333302439099742	-349.635983109474	-130.838653087616	-35.4042202830315	NA	NA	190.868865609169	3.57562898727019e-42	NA	NA
GCC	27280	20025	73628	11573	6249	27094	24580771	0.37141226960383	-1164.33169227839	-234.877483069897	-35.3248513936996	NA	NA	399.105263352394	2.16467755339232e-87	NA	NA
TCC	88270	25560	25065	27517	9312	10266	33613488	0.339069080960438	-654.821849226952	-331.245896220207	-35.6430889368057	NA	NA	591.205614566803	4.18149865770092e-129	NA	NA
TAC	11524	60507	14288	3582	18301	3086	25178097	0.289264240781288	-225.416360616684	-205.973578214645	-33.4929430484772	NA	NA	344.961270332336	1.23769008584162e-75	NA	NA
TAA	24418	70907	41978	6724	21717	8689	47419045	0.270423807200134	-756.477973818779	-538.098890423775	-35.4049293994904	NA	NA	1005.38792204857	4.81711085857469e-219	NA	NA
TCA	30120	30669	84396	9895	9860	27531	43878706	0.325694803182147	-182.070313453674	-37.0502468347549	-35.8146299123764	NA	NA	2.47123384475708	0.29065539522798	NA	NA
Summary	NA	NA	NA	NA	NA	NA	NA	0.300836164372889	-18997.827286914	-10558.3575107828	-1125.33549078554	16878.9395522624	-3619.8076729194	18866.0440399945	-4007.40882699813	35744.9835922569	-7622.77228973722
