	s1	s2	s3	p1	p2	p3	same
AAA	0.000621578935682824	0.00102322849766235	0.000407044791692341	0.000177241726112281	0.000305705096090569	0.000106850838452944	0.997358350114307
AAC	0.000807564971723135	0.0020150601869288	0.000591052078886501	0.000157379566390473	0.000621532595228697	0.000185582479574258	0.995621828121268
AAG	0.000434313892073451	0.00161260739896554	0.000431762493427576	0.00015874226252353	0.000425672057950329	0.00010538922471102	0.996831512670349
AAT	0.000436451280161958	0.00241802690219486	0.000596239097204239	0.00012794154863077	0.000837129168448778	0.000175082929479563	0.99540912907388
ACA	0.00118879622823249	0.000918668728295861	0.00340704164659958	0.000323702821221262	0.000246564092164964	0.000961455983371778	0.992953770500114
ACC	0.00176682880135559	0.000833978562969255	0.00323996561194899	0.000729260816574079	0.000269613485921145	0.00104008910289081	0.99212026361834
ACG	0.00271293095194845	0.00256058454424762	0.0490657361098117	0.000639418076765844	0.000416631932171084	0.0141503784634236	0.930454319921632
ACT	0.000737942089794965	0.00100846144666509	0.00313418101058985	0.000247582167058166	0.000316910339868194	0.00085975716541795	0.993695165780606
TCT	0.00205422056108995	0.00106518353570307	0.000837685452518405	0.000593998159746518	0.000365927823999479	0.000312689875938413	0.994770294591004
GCT	0.00276106568313134	0.000727788469865379	0.0006463312619448	0.00101131220521314	0.000239841121404637	0.000236290187124747	0.994377371071316
CCT	0.00273182812280657	0.000698566856242947	0.000655419511707273	0.000991640425338651	0.000290248589067347	0.000209096812355313	0.994423199682482
TAT	0.000750795673997696	0.00361327310767822	0.000574305640921502	0.000202140222110862	0.00115121623061821	0.00011933327381881	0.993588935850855
GAT	0.000908608246900977	0.00200887628404743	0.00045401451505104	0.000392221228137157	0.000585801579347397	0.000116727427525041	0.995533750718991
CAT	0.000741809678328832	0.00424379687140106	0.000657752298621481	0.00028176174580793	0.00124049582493732	0.000221129471393565	0.99261325410951
CAA	0.0006731120682431	0.0017306310823953	0.000309671222751721	0.000210172892692021	0.000426296489368321	0.000105896936494407	0.996544219308055
CAC	0.000858241843517378	0.0026385406888585	0.000517866083254685	0.000213310429557938	0.000573884436030925	0.000179354776488326	0.995018801742292
CAG	0.000478233240868403	0.00246269654541111	0.000424558976638971	0.000183205044914289	0.000589356569419263	0.000131481800957124	0.995730467821791
CCA	0.000767795317682134	0.000487123320914918	0.00210195604604534	0.00025506047643481	0.000194620039911783	0.00074555433762624	0.995447890461385
CCC	0.000975731117525135	0.000845586566634783	0.00284189840925099	0.000351097789963303	0.000351635716290931	0.000971125123344826	0.99366292527699
CCG	0.00245503926713504	0.00182176896300848	0.0376836857681024	0.000511831195992874	0.000504902237871132	0.0120644101359717	0.944958362431918
TCG	0.0295795527183289	0.00253132509575117	0.00190069078937044	0.00994975221344481	0.000523715218603503	0.000525179863641547	0.95498978410086
GCG	0.037819383586535	0.00251185059216964	0.00313487034462513	0.0117741921965433	0.000355243756746784	0.00086973471479385	0.943534724808586
TAG	0.000393132372576488	0.00204997004449637	0.000355296505705845	0.000114361754797136	0.000551498885581871	0.000119518315248569	0.996416222121594
GAG	0.000416548454809	0.00140917455988577	0.00041081671575089	0.000129557502674727	0.00034271759575211	0.000130592750698439	0.997160592420429
GAA	0.000498257480803081	0.00129409571485778	0.000296157514049124	0.000124667503476313	0.000337328317645868	0.00011053824472693	0.997338955224441
GAC	0.000632190818926448	0.00203557584845317	0.000651123500606404	0.000113774700284263	0.000505466878813914	0.000257377304724682	0.995804490948191
GCA	0.00109272386866081	0.000610545034331367	0.00227871975484927	0.000397402069654512	0.000177521490646199	0.000789091814114962	0.994653995967743
GCC	0.00106901835170719	0.000781827244214172	0.00289780412296244	0.000466037283959813	0.000249572905634797	0.00109464833539081	0.993441091756131
TCC	0.00253657403804757	0.000729806992149326	0.000718475180472102	0.000809239159993055	0.000270950733799129	0.000302701703715988	0.994632252191823
TAC	0.000441736380648474	0.00231052607454136	0.000546123024126826	0.000140526069456417	0.000718611600980929	0.000119823081710189	0.995722653768536
TAA	0.000495742796403732	0.00143658435592658	0.000854410107759786	0.000139880444874366	0.000454345458271918	0.000182070909577864	0.996436965927186
TCA	0.000664699967079872	0.000673445193425891	0.00184748136958195	0.000225597549495523	0.000221329544293159	0.000618818911154463	0.995748627464969
