Context	s1	s2	s3	p1	p2	p3	same	alpha	likelihood_0	likelihood_1	likelihood_2	Chi_stat_0v1	p_0v1	Chi_stat_1v2	p_1v2	Chi_stat_0v2	p_0v2
AAAAA	14499	17546	9533	1884	3200	1184	14849152	0.150752801962576	-405.869149982929	-131.218860030174	-31.1150043010712	NA	NA	200.207711458206	3.35311029925488e-44	NA	NA
AAAAC	2903	3403	1510	461	602	307	4785457	0.175281473899693	-44.2879273146391	-31.9219828695059	-26.3565117567778	NA	NA	11.1309422254562	0.00382777680602214	NA	NA
AAAAG	2675	6901	1446	585	1009	283	5777131	0.170295772092179	-84.2611300051212	-58.8147910833359	-26.9838646352291	NA	NA	63.6618528962135	1.49969964862689e-14	NA	NA
AAAAT	5214	5827	6042	1142	1144	996	9407966	0.192120821869695	-53.5491314232349	-50.9283857643604	-28.9740337729454	NA	NA	43.90870398283	2.91975275142448e-10	NA	NA
AAACA	4620	9718	2596	561	1904	603	5414065	0.181173969528759	-118.12830799818	-102.793874248862	-28.3946578204632	NA	NA	148.798432856798	4.88462071845863e-33	NA	NA
AAACC	3869	4686	1826	414	868	335	2738817	0.155765340525961	-131.434412837029	-76.6922585517168	-26.9266552627087	NA	NA	99.5312065780163	2.43822119953885e-22	NA	NA
AAACG	319	732	191	39	115	36	471398	0.152979066022544	-29.5956413988024	-22.1507523525506	-20.3207309674472	NA	NA	3.66004277020693	0.160410137351109	NA	NA
AAACT	3610	6032	2872	422	1125	566	4008603	0.168850887006553	-103.68745392561	-71.8296446874738	-27.646394059062	NA	NA	88.3665012568235	6.4782553076751e-20	NA	NA
AAAGA	2093	10625	2222	519	1867	315	6079610	0.180789825970549	-75.9548849761486	-61.8539634943008	-27.5927605628967	NA	NA	68.5224058628082	1.3199230817601e-15	NA	NA
AAAGC	962	3653	1112	221	602	182	2839328	0.175484546883185	-42.9756476208568	-34.0675706341863	-25.0579352602363	NA	NA	18.0192707479	0.000122226414829734	NA	NA
AAAGG	1377	5447	1508	308	857	245	3454688	0.169227076332213	-60.2493374198675	-39.5605303943157	-26.0799713432789	NA	NA	26.9611181020737	1.39787259644159e-06	NA	NA
AAAGT	2153	5256	2651	492	919	442	4056322	0.184194831013917	-47.6998900771141	-41.3252794295549	-27.1314544826746	NA	NA	28.3876498937607	6.85015105652187e-07	NA	NA
AAATA	3459	13288	3937	735	3036	761	7877864	0.219106555791916	-56.7961986511946	-38.3098122626543	-29.0994980633259	NA	NA	18.4206283986568	0.000100002617299027	NA	NA
AAATC	1610	5780	1564	301	1166	336	3402156	0.201362519544338	-28.095399543643	-28.0478045791388	-26.5061216503382	NA	NA	3.08336585760117	0.214020616717218	NA	NA
AAATG	2168	10278	2230	400	2157	496	5540585	0.208026710275279	-34.3219220042229	-31.9325900673866	-27.764328867197	NA	NA	8.33652240037918	0.0154791518838014	NA	NA
AAATT	3039	9898	9832	564	2019	1345	6565273	0.172515261979007	-141.521163612604	-96.7378022819757	-29.2930627316236	NA	NA	134.889479100704	5.11825335613345e-30	NA	NA
AACAA	14626	4848	11460	1779	1021	2285	4514061	0.164382233141527	-292.458627402782	-188.612667627633	-30.2948331534863	NA	NA	316.635668948293	1.75161276307584e-69	NA	NA
AACAC	2309	1365	7298	401	220	1395	2388626	0.183740430185928	-37.8180298693478	-30.4545580372214	-26.7552116438746	NA	NA	7.39869278669357	0.0247396912138478	NA	NA
AACAG	2785	5032	10546	544	992	1843	3064591	0.184011327125197	-46.3822847977281	-34.4771547242999	-28.7288833111525	NA	NA	11.4965428262949	0.00318828726738453	NA	NA
AACAT	3783	1980	14116	575	341	2958	3809065	0.194879018059259	-59.2025585994124	-57.9384332075715	-28.2923654690385	NA	NA	59.292135477066	1.3331418776641e-13	NA	NA
AACCA	5848	2363	7042	1149	543	1962	2611229	0.23955943093162	-130.854663975537	-74.5407128110528	-28.6236867457628	NA	NA	91.8340521305799	1.1441657794791e-20	NA	NA
AACCC	5701	1450	6249	1307	303	1771	1876958	0.252313432835821	-136.273513384163	-51.4705420397222	-28.0278593599796	NA	NA	46.8853653594851	6.59131809672658e-11	NA	NA
AACCG	370	186	614	93	35	172	227155	0.256410256410256	-32.0082637155429	-23.4472299045883	-20.9123196825385	NA	NA	5.06982044409961	0.0792688355388537	NA	NA
AACCT	6545	2265	8120	1581	503	2255	2366216	0.256290608387478	-167.561643652618	-44.2391196973622	-28.9200622960925	NA	NA	30.6381148025393	2.22340154275391e-07	NA	NA
AACGA	1227	1047	17845	145	130	3201	308245	0.172772006560962	-86.8438177043572	-48.4522552192211	-26.3636346766725	NA	NA	44.1772410850972	2.55290107095211e-10	NA	NA
AACGC	619	521	12838	81	46	2293	201165	0.173129203033338	-68.288654754404	-42.3485358678736	-24.5299909827299	NA	NA	35.6370897702873	1.8260147479968e-08	NA	NA
AACGG	831	815	15956	114	50	2701	240492	0.162765594818771	-127.042899728753	-62.9871518313885	-25.3019326920621	NA	NA	75.3704382786527	4.30048342832618e-17	NA	NA
AACGT	1526	961	17085	195	109	3136	408511	0.17576129164112	-82.0854032775387	-52.5902136620134	-26.4672881793231	NA	NA	52.2458509653807	4.51811844179175e-12	NA	NA
AACTA	2526	3013	5678	447	643	1153	2426963	0.199964339841312	-32.5122160390019	-32.5121091008186	-27.565461486578	NA	NA	9.89329522848129	0.00710719509620085	NA	NA
AACTC	1575	2076	6762	355	403	1653	2351898	0.231537501200423	-60.994047369808	-36.2272925972939	-27.0618517287076	NA	NA	18.3308817371726	0.000104592274293674	NA	NA
AACTG	2462	2946	9368	488	583	1342	2604039	0.163305360043313	-111.368522047997	-58.5924859121442	-27.8619917780161	NA	NA	61.4609882682562	4.50729487597461e-14	NA	NA
AACTT	3326	3344	9608	724	707	1921	3101222	0.205922103452513	-32.2035183012486	-30.7443528398871	-28.5614228993654	NA	NA	4.36585988104343	0.112710810411081	NA	NA
TTCTT	17281	4942	9403	2793	1042	2321	6060185	0.194649971542402	-147.97409299016	-145.77453482151	-30.5332971811295	NA	NA	230.482475280762	8.94059464715833e-51	NA	NA
GTCTT	4684	2069	1894	1159	550	533	2555262	0.259280675378744	-99.9551234543324	-30.347224958241	-27.1504504755139	NA	NA	6.3935489654541	0.040893895443754	NA	NA
CTCTT	9094	5117	2188	2039	1016	486	3506899	0.215927800475639	-44.0992447584867	-33.8461285680532	-28.549398638308	NA	NA	10.5934598594904	0.00500794348723809	NA	NA
ATCTT	6340	2732	4292	1539	676	1077	3298165	0.246333433103861	-95.7959255203605	-28.8023123666644	-28.4459040015936	NA	NA	0.71281673014164	0.700186630082252	NA	NA
TGCTT	12675	2081	1856	2744	350	417	3267343	0.211353238622682	-44.4816939160228	-39.14036282897	-27.7223015204072	NA	NA	22.8361226171255	1.09950948366248e-05	NA	NA
GGCTT	6057	1309	1454	1357	211	361	1988315	0.218707482993197	-47.9613903574646	-40.4007724970579	-26.3226724043489	NA	NA	28.1562001854181	7.69057503918573e-07	NA	NA
CGCTT	1028	213	198	250	44	41	344975	0.232800555941626	-25.367410549894	-21.6729222987778	-20.8182956133969	NA	NA	1.70925337076187	0.425441985152977	NA	NA
AGCTT	7012	2284	2155	1564	484	557	2474455	0.227491048816697	-54.3201513066888	-33.4794094190001	-27.5733910724521	NA	NA	11.8120366930962	0.00272300740314571	NA	NA
TCCTT	12013	1948	2646	2423	445	494	3706936	0.202444752212922	-33.0508853197098	-32.7838098108768	-27.9826560392976	NA	NA	9.60230754315853	0.00822025727633805	NA	NA
GCCTT	5530	1063	1289	1250	297	256	2044504	0.228749048464857	-50.060530308634	-34.4048680849373	-26.0712110698223	NA	NA	16.66731403023	0.000240291685789507	NA	NA
CCCTT	7477	2028	1664	1586	575	358	2274700	0.225534962843585	-62.3082065694034	-44.7093184106052	-27.2887866981328	NA	NA	34.8410634249449	2.71868696821134e-08	NA	NA
ACCTT	7072	1934	2850	1585	486	654	2142349	0.229841430499325	-55.4245808236301	-30.1091733388603	-27.7226623743773	NA	NA	4.77302192896605	0.0919499414691343	NA	NA
TACTT	10601	2703	2214	2089	571	449	2753814	0.200347982987498	-29.1128842458129	-29.1051981970668	-27.9968233779073	NA	NA	2.21674963831902	0.330094989438073	NA	NA
GACTT	5765	1894	1541	1243	388	354	2096559	0.215760869565217	-33.6097184978426	-27.9750113077462	-26.7624900192022	NA	NA	2.42504257708788	0.297446385053901	NA	NA
CACTT	9882	3215	2036	2183	745	485	3051930	0.225533602061719	-53.4980592504144	-29.6558531299233	-28.2003909721971	NA	NA	2.91092431545258	0.233292521041781	NA	NA
TTATT	9671	11880	5049	1071	2600	535	6409587	0.15812030075188	-404.29651363194	-279.181499108672	-29.6156944036484	NA	NA	499.131609410048	4.12048317234877e-109	NA	NA
GTATT	1524	7545	850	293	1744	102	2762303	0.215646738582518	-59.5138108059764	-53.523813188076	-25.8987925425172	NA	NA	55.2500412911177	1.00601850925459e-12	NA	NA
CTATT	1600	15050	1964	288	3503	363	2880789	0.223165359406898	-68.987941019237	-44.7493425235152	-27.6595222949982	NA	NA	34.1796404570341	3.78429843407338e-08	NA	NA
ATATT	4616	13030	1886	483	2564	211	5415020	0.166803194757321	-198.841329246759	-142.131109878421	-27.9300526678562	NA	NA	228.402114421129	2.52994468569224e-50	NA	NA
TGATT	2788	4971	1335	588	941	184	3404680	0.188365955575104	-43.25768917799	-40.1719668880105	-26.5527131333947	NA	NA	27.2385075092316	1.2168393536343e-06	NA	NA
GGATT	2074	4016	872	463	654	118	2416596	0.177391554151106	-53.2848264798522	-44.1144363209605	-25.5619004592299	NA	NA	37.1050717234612	8.76467970507805e-09	NA	NA
CGATT	197	454	111	43	98	21	324278	0.21259842519685	-19.7465455178171	-19.44578747591	-19.2710826569237	NA	NA	0.349409637972713	0.839704849118821	NA	NA
AGATT	3259	5926	1288	692	1065	200	3146409	0.186861453260766	-41.324703514576	-36.7724407538772	-26.8852593526244	NA	NA	19.7743628025055	5.08219911066118e-05	NA	NA
TCATT	3280	11997	2644	695	2299	492	4140326	0.19452039506724	-32.9669763743877	-31.6578183621168	-28.4367815256119	NA	NA	6.44207367300987	0.0399136528667137	NA	NA
GCATT	1654	8170	1387	383	1441	294	2412054	0.188921594862189	-43.0075929276645	-39.5657915584743	-26.7909462489188	NA	NA	25.5496906191111	2.83109977264989e-06	NA	NA
CCATT	2259	11984	1657	455	2310	352	3029653	0.196037735849057	-29.8377075269818	-29.2404280900955	-27.6389029473066	NA	NA	3.20305028557777	0.201588831668567	NA	NA
ACATT	3724	14497	2564	760	2947	519	3882236	0.203319701707962	-29.387914724648	-28.7849393039942	-28.774449326098	NA	NA	0.0209799557924271	0.989564850039833	NA	NA
TAATT	3457	6191	2209	607	1438	461	4774484	0.211351943999325	-48.8757188022137	-45.0621353685856	-27.7087000757456	NA	NA	34.70687058568	2.90735999474859e-08	NA	NA
GAATT	1756	5091	1263	356	955	223	3176268	0.189149198520345	-29.9568640589714	-27.5691862478852	-26.1584813520312	NA	NA	2.82140979170799	0.243971248205845	NA	NA
CAATT	1952	17362	1382	369	3888	241	2982189	0.217336683417085	-54.6814491078258	-39.407589122653	-27.6257155463099	NA	NA	23.5637471526861	7.64182907021414e-06	NA	NA
ACAAA	4216	8619	1737	809	1674	343	5445926	0.193933571232501	-29.3389879912138	-28.0279633700848	-27.924900457263	NA	NA	0.206125825643539	0.902070219913302	NA	NA
ACAAC	1617	2602	783	272	442	156	1889485	0.173930427828868	-35.3246692977846	-26.4984710849822	-24.8445309139788	NA	NA	3.30788034200668	0.191294687965938	NA	NA
ACAAG	1645	5062	735	277	778	157	2369504	0.16285944638538	-59.4876627735794	-32.2190969623625	-25.4488641172647	NA	NA	13.5404656901956	0.00114742744693799	NA	NA
ACAAT	2441	5641	1590	536	968	322	3076174	0.188792390405294	-41.0759373754263	-38.0347557812929	-26.8840608820319	NA	NA	22.301389798522	1.4365301183655e-05	NA	NA
ACACA	2994	9271	2204	466	1514	387	4272538	0.163591125855277	-80.0494600757957	-29.1799733191729	-27.6432696580887	NA	NA	3.07340732216835	0.215088940191723	NA	NA
ACACC	2439	5971	1139	271	652	182	1802202	0.115718923447481	-235.426418829709	-35.8007942959666	-25.9207431152463	NA	NA	19.7601023614407	5.11856580832345e-05	NA	NA
ACACG	319	1476	241	45	168	53	451260	0.130648330058939	-56.9715940477327	-29.1272297482938	-21.239669393748	NA	NA	15.7751207090914	0.000375384263286364	NA	NA
ACACT	2394	6834	1902	425	1290	389	2340871	0.189038634321653	-32.5570399872959	-29.2133030183613	-27.1809349395335	NA	NA	4.06473615765572	0.131024876242498	NA	NA
ACAGA	1442	8269	1399	379	1398	256	3923582	0.182988298829883	-61.4181318953633	-53.2382996305823	-26.6442314311862	NA	NA	53.1881363987923	2.82060927487128e-12	NA	NA
ACAGC	861	4208	1096	185	664	172	2096672	0.165612327656123	-51.0565922856331	-31.8000728450716	-24.9973696246743	NA	NA	13.6054064407945	0.00111076843388341	NA	NA
ACAGG	1372	7474	1341	358	1262	216	2865938	0.180229704525375	-62.4824694171548	-52.2877546101809	-26.3826795294881	NA	NA	51.8101501613855	5.61783318469552e-12	NA	NA
ACAGT	1823	7370	2081	496	1324	394	2529492	0.196381053751996	-56.9688134565949	-56.6173568442464	-27.2241892293096	NA	NA	58.7863352298737	1.71675965754784e-13	NA	NA
ACATA	2420	17897	2651	496	3776	642	3313796	0.213949843260188	-45.3249408453703	-34.2611183151603	-28.6969263255596	NA	NA	11.1283839792013	0.00383267613661701	NA	NA
ACATC	1547	7399	2020	283	1345	445	1967058	0.189038847346343	-36.3632613122463	-33.0694487988949	-26.9168259948492	NA	NA	12.3052456080914	0.00212789339722687	NA	NA
ACATG	2551	16881	2611	560	3260	638	3070526	0.202241074263939	-45.0561177879572	-44.7562079280615	-28.6704242601991	NA	NA	32.1715673357248	1.03283968356747e-07	NA	NA
ACCAA	4439	2285	4531	890	628	952	2447711	0.219458018658374	-57.6851666420698	-47.2643650099635	-27.8328880518675	NA	NA	38.8629539161921	3.63929098687543e-09	NA	NA
ACCAC	2044	1320	5117	504	340	1158	2168236	0.236057068741894	-55.685021776706	-29.5134290680289	-26.7389952689409	NA	NA	5.548867598176	0.0623847890162301	NA	NA
ACCAG	2477	1813	4764	627	490	1047	2192039	0.239010382151535	-68.1042432412505	-35.5580338686705	-27.1992689408362	NA	NA	16.7175298556685	0.000234333573990849	NA	NA
ACCAT	2713	1562	6497	585	424	1410	2596449	0.224563683624211	-51.5871741995215	-35.849786542356	-27.3672517836094	NA	NA	16.9650695174932	0.000207053207069096	NA	NA
ACCCA	3379	2228	6480	802	602	1636	2477992	0.251509886655084	-105.241889260709	-30.9548819065094	-28.0599794387817	NA	NA	5.78980493545532	0.0553044187972928	NA	NA
ACCCC	2673	1365	5462	583	319	1362	1554105	0.238315789473684	-63.8063889332116	-30.8390514813364	-27.0431957282126	NA	NA	7.59171150624752	0.0224636742297706	NA	NA
ACCCG	430	310	907	120	86	240	365028	0.270795385549484	-40.9200059920549	-22.3231472084299	-22.1798265893012	NA	NA	0.286641238257289	0.866476215506107	NA	NA
ACCCT	3062	2659	6096	693	722	1449	1833350	0.242362697808242	-84.2549629509449	-34.4529635831714	-28.0248092487454	NA	NA	12.8563086688519	0.0016154296275641	NA	NA
ACCGA	837	480	8678	109	81	1681	208195	0.187193596798399	-38.3727936740033	-34.2831434905529	-24.7305909311399	NA	NA	19.105105118826	7.10197493734414e-05	NA	NA
ACCGC	656	472	11635	121	99	2247	250390	0.19329311290449	-26.8964575468563	-25.4996647154912	-25.0425732568838	NA	NA	0.91418291721493	0.633122432918677	NA	NA
ACCGG	685	493	9167	89	74	1721	184739	0.182116964717255	-40.8465150049888	-32.493227024097	-24.5323210558854	NA	NA	15.9218119364232	0.000348836939079837	NA	NA
ACCGT	1099	619	10477	141	131	2158	296001	0.199261992619926	-42.9140914008021	-42.9016598961316	-25.5850486117415	NA	NA	34.6332225687802	3.01641626512395e-08	NA	NA
ACCTA	1855	1790	4421	323	465	1021	1645652	0.224274733449045	-54.6476453281939	-43.1347698308527	-26.6402488015592	NA	NA	32.9890420585871	6.86310329395331e-08	NA	NA
ACCTC	1684	1789	7627	365	427	1838	2339832	0.236936936936937	-64.8300670906901	-28.9423389583826	-27.1767335124314	NA	NA	3.53121089190245	0.171083173507355	NA	NA
ACCTG	2304	2405	5914	437	599	1315	2439302	0.221312247011202	-48.7160435467958	-36.9602970257401	-27.4462427943945	NA	NA	19.0281084626913	7.3807202863376e-05	NA	NA
TTCGT	11258	931	781	2302	83	113	328004	0.192598303777949	-68.6035850751214	-66.8643814986572	-25.3492879541591	NA	NA	83.0301870889962	9.33735687524186e-19	NA	NA
GTCGT	4198	573	409	907	54	52	164319	0.195559845559846	-52.0597470239736	-51.8150954328012	-23.2274071516003	NA	NA	57.1753765624017	3.84171133593306e-13	NA	NA
CTCGT	8399	1011	563	1991	120	78	333052	0.219492630101273	-77.7982959738001	-68.5788174588233	-25.0119611267	NA	NA	87.1337126642466	1.19992665580506e-19	NA	NA
ATCGT	7874	813	810	1673	127	134	295730	0.203643255764978	-35.0681421286426	-34.7398665188812	-25.2629561675712	NA	NA	18.9538207026199	7.66002397513129e-05	NA	NA
TGCGT	12765	983	1100	2381	83	224	295140	0.181034482758621	-73.6923652179539	-60.159671114292	-25.9633001713082	NA	NA	68.3927418859676	1.40833119236674e-15	NA	NA
GGCGT	13018	846	1228	2772	85	219	437785	0.203816591571694	-58.5740529904142	-58.0033287014812	-26.038262587972	NA	NA	63.9301322270185	1.31143923709799e-14	NA	NA
CGCGT	2076	128	129	415	12	15	56051	0.189455636519503	-26.945120395394	-26.3019144453574	-19.7891439915402	NA	NA	13.0255409076344	0.00148436166580654	NA	NA
AGCGT	9016	1079	1009	1778	83	140	270658	0.180205331412104	-89.5068204477429	-78.4429979939014	-25.4172989637591	NA	NA	106.051398060285	9.35904449784283e-24	NA	NA
TCCGT	13190	407	824	2610	72	108	337301	0.19346785937175	-36.8244875185192	-35.3268426130526	-25.0090715033002	NA	NA	20.6355422195047	3.30406773123763e-05	NA	NA
GCCGT	6994	417	732	1522	78	75	216834	0.205698145646568	-50.9412290477194	-50.268545076251	-24.2358752484433	NA	NA	52.0653396556154	4.94487302909347e-12	NA	NA
CCCGT	11869	701	904	2436	114	100	346384	0.196675077927861	-50.4112309962511	-50.0608766302466	-25.4329504193738	NA	NA	49.2558524217457	2.01477960463001e-11	NA	NA
TACGT	18271	878	1077	3038	90	160	333687	0.162563037674281	-113.320086311549	-38.7288144109771	-26.0645295511931	NA	NA	25.3285697195679	3.16206627429534e-06	NA	NA
GACGT	11232	719	750	2149	65	94	247997	0.181717974962601	-66.1303322194144	-55.392797534354	-24.9441412128508	NA	NA	60.8973126430064	5.97470653071745e-14	NA	NA
CACGT	20382	1296	1472	3865	157	245	514054	0.184319654427646	-60.2570950258523	-45.936440339312	-27.0891898907721	NA	NA	37.6945008970797	6.52744364713085e-09	NA	NA
TTAGT	1465	3859	1340	271	797	278	2382911	0.201980792316927	-27.2874609753489	-27.2157595679164	-25.8422024808824	NA	NA	2.74711417406797	0.253204684668239	NA	NA
GTAGT	727	3483	601	124	569	118	1426684	0.168572022448555	-38.1232777796686	-25.6486859843135	-24.0524753406644	NA	NA	3.1924212872982	0.202663027218434	NA	NA
CTAGT	641	3603	753	113	716	153	1366331	0.196517910746448	-25.2814228981733	-25.1375292465091	-24.3171716593206	NA	NA	1.64071517437696	0.440274189944279	NA	NA
ATAGT	1275	5035	1033	234	947	226	2227616	0.19161105815062	-29.2512577362359	-27.9715793430805	-25.6847704686224	NA	NA	4.57361774891615	0.101590132008225	NA	NA
TGAGT	1609	3554	1313	263	589	293	2542359	0.176806670784435	-44.1375409737229	-35.1482177823782	-25.6980260312557	NA	NA	18.9003835022449	7.86744779058826e-05	NA	NA
GGAGT	1221	3949	1361	238	544	294	2244173	0.16475271780738	-69.3290056474507	-47.8586658388376	-25.5425854958594	NA	NA	44.6321606859565	2.03352468805402e-10	NA	NA
CGAGT	188	538	199	33	70	37	311099	0.151351351351351	-27.4802595186047	-21.5252710659988	-19.6056702393107	NA	NA	3.83920165337622	0.146665495398652	NA	NA
AGAGT	1693	4485	1436	314	819	312	2546745	0.189781980562122	-31.5815449282527	-29.5982927232981	-26.1690399646759	NA	NA	6.85850551724434	0.0324111506793493	NA	NA
TCAGT	1598	6207	1746	337	1133	420	2595799	0.197885038215894	-38.8147001639009	-38.7172033563256	-26.7460577040911	NA	NA	23.9422913044691	6.32408212641615e-06	NA	NA
GCAGT	1214	6553	1634	278	995	427	2276466	0.180831826401447	-84.2663571313024	-75.4357996955514	-26.4495541192591	NA	NA	97.9724911525846	5.31549675132795e-22	NA	NA
CCAGT	1314	5972	1502	275	1024	353	2173213	0.187983614019117	-43.6755518987775	-40.4914712719619	-26.3144543878734	NA	NA	28.354033768177	6.96626189117733e-07	NA	NA
TAAGT	1463	2983	1427	193	501	362	2312704	0.179805891367274	-62.2749890647829	-56.1357316561043	-25.474706672132	NA	NA	61.3220499679446	4.83154512394265e-14	NA	NA
GAAGT	1258	4279	1344	205	595	330	2350877	0.164220316814417	-81.119910236448	-57.7850319817662	-25.6192883811891	NA	NA	64.3314872011542	1.07298845210454e-14	NA	NA
CAAGT	1419	4989	1491	180	972	291	2315134	0.182681352069882	-48.1226734258235	-42.0913727767766	-25.9253523908556	NA	NA	32.332040771842	9.53205527427295e-08	NA	NA
AGAAA	3726	12269	1913	549	2184	425	7384425	0.176345767254858	-74.0424118638039	-48.1601164638996	-28.1343908458948	NA	NA	40.0514512360096	2.00880540384072e-09	NA	NA
AGAAC	1058	2866	827	133	481	193	2468852	0.169858977057462	-51.3002518936992	-39.9965304657817	-24.4997067898512	NA	NA	30.993647351861	1.86129405633075e-07	NA	NA
AGAAG	2167	6034	1110	364	821	244	3873860	0.153474385135861	-102.512070916593	-47.9228718429804	-26.2646586671472	NA	NA	43.3164263516665	3.92606540084586e-10	NA	NA
AGAAT	2061	4191	1564	390	720	364	4224642	0.188587512794268	-39.6971794590354	-37.1465590521693	-26.3978023454547	NA	NA	21.4975134134293	2.14720878305448e-05	NA	NA
AGACA	1840	7958	2198	193	1335	461	3463572	0.165805268422808	-99.5299777910113	-62.4977830797434	-26.9061509296298	NA	NA	71.1832643002272	3.48939838136362e-16	NA	NA
AGACC	1251	3690	1240	143	544	292	1848838	0.15838861025724	-84.0505921654403	-55.3607193119824	-25.2161236107349	NA	NA	60.2891914024949	8.09782575768812e-14	NA	NA
AGACG	184	1146	269	23	137	60	483947	0.137585991244528	-45.4932072320953	-28.047032803297	-20.5199607666582	NA	NA	15.0541440732777	0.000538312109603011	NA	NA
AGACT	2204	5149	2037	248	813	440	2504488	0.159850905218317	-102.429452084005	-61.9788586646318	-26.5945619270205	NA	NA	70.7685934752226	4.29333899317545e-16	NA	NA
AGAGA	1821	7111	1795	350	1302	353	4807755	0.18691153164911	-32.3853155076504	-27.7578058540821	-26.8956297039986	NA	NA	1.72435230016708	0.422242219359898	NA	NA
AGAGC	795	3155	862	184	565	166	2165566	0.190149625935162	-30.1380201838911	-28.9745904766023	-24.5926861837506	NA	NA	8.76380858570337	0.0125015293663283	NA	NA
AGAGG	1215	4524	1282	259	702	295	2995959	0.178891895741347	-53.6056761145592	-45.5701548308134	-25.7499090209603	NA	NA	39.6404916197062	2.46704240697474e-09	NA	NA
AGATA	1666	7901	2866	288	1622	721	2964444	0.211614252392826	-48.936352469027	-44.7553911060095	-27.5059492588043	NA	NA	34.4988836944103	3.22598682841143e-08	NA	NA
AGATC	1093	3962	2146	214	706	566	1954683	0.206360227746146	-50.8786134012043	-50.1360295303166	-26.1205707937479	NA	NA	48.0309174731374	3.71722449518258e-11	NA	NA
AGATG	1299	7447	3128	194	1381	827	3091721	0.202290719218461	-69.7960085421801	-69.6274248957634	-27.1866662502289	NA	NA	84.881517291069	3.70009361748238e-19	NA	NA
AGCAA	5554	2860	5481	1147	608	1224	3270230	0.214393666786614	-37.349841825664	-30.2280841693282	-28.3888214677572	NA	NA	3.67852540314198	0.158934565123589	NA	NA
AGCAC	1934	1023	4100	482	238	960	2027202	0.238061499220632	-51.062534160912	-26.8736855052412	-26.1791009828448	NA	NA	1.38916904479265	0.499281845322331	NA	NA
AGCAG	3269	2469	6158	732	495	1310	2855973	0.213264963012777	-34.8341481015086	-29.6403516456485	-27.815247297287	NA	NA	3.65020869672298	0.161200822210453	NA	NA
AGCAT	2270	1512	5958	567	302	1295	2550098	0.22217659137577	-44.472012385726	-32.81996075809	-26.9910287261009	NA	NA	11.6578640639782	0.00294121642856881	NA	NA
AGCCA	3545	2563	6639	998	557	1660	3202454	0.252216207735153	-121.051887080073	-40.6149884536862	-28.2444147244096	NA	NA	24.7411474585533	4.24158418791726e-06	NA	NA
AGCCC	2415	1659	5155	664	338	1247	1763196	0.243688373604941	-78.8416334874928	-37.5495445244014	-27.1114122644067	NA	NA	20.8762645199895	2.92938705522506e-05	NA	NA
AGCCG	439	362	873	123	63	253	451464	0.262246117084827	-44.5115789715201	-29.7186676925048	-22.1325354808941	NA	NA	15.1722644232213	0.000507439933539551	NA	NA
AGCCT	4491	5431	7675	1240	1138	1919	3139068	0.244189350457464	-133.377155788243	-52.8984908387065	-29.3478278592229	NA	NA	47.1013259589672	5.91666557916913e-11	NA	NA
AGCGA	1472	1008	14824	273	111	2984	384134	0.194637078132224	-51.7201955532655	-50.5197852104902	-26.5557145336643	NA	NA	47.9281413536519	3.91323871155153e-11	NA	NA
AGCGC	713	459	8596	132	52	1711	201056	0.194000819000819	-35.1386583885178	-34.2869885824621	-24.5062590250745	NA	NA	19.5614591147751	5.65305387272229e-05	NA	NA
AGCGG	977	1030	11220	178	67	2181	257006	0.183412716413397	-90.8410954079591	-81.6742524811998	-25.5966281658038	NA	NA	112.155248630792	4.42381749268501e-25	NA	NA
AGCTA	1905	2121	4138	427	427	922	2199536	0.217540421362077	-34.6879662796855	-28.5191422179341	-26.7519412748516	NA	NA	3.53440188616514	0.170810428434651	NA	NA
AGCTC	1280	1585	5664	302	352	1336	2052885	0.233321608629382	-49.5925409831107	-27.0136905759573	-26.4799502976239	NA	NA	1.06748055666685	0.586407535333139	NA	NA
AGCTG	1939	2971	6310	475	704	1343	3041500	0.224777183600713	-49.0137876421213	-32.3407554104924	-27.6314307153225	NA	NA	9.41864939033985	0.00901086060594813	NA	NA
TTCCT	13755	2587	2337	4199	536	585	4394366	0.284811820761283	-370.771162904799	-73.8033109381795	-28.5824911147356	NA	NA	90.4416396468878	2.2953424233047e-20	NA	NA
GTCCT	4516	1193	1294	1487	270	363	1686056	0.302727402541768	-204.61818030104	-45.0478679463267	-26.2429013028741	NA	NA	37.6099332869053	6.80936719879578e-09	NA	NA
CTCCT	10529	2965	2210	3318	643	494	3640483	0.283685685175751	-330.162824638188	-86.7155021205544	-28.3778004646301	NA	NA	116.675403311849	4.61591798694134e-26	NA	NA
ATCCT	6315	1842	2794	2075	437	794	2485486	0.301890238334399	-296.032699890435	-50.305603004992	-27.8108218684793	NA	NA	44.9895622730255	1.70075078776151e-10	NA	NA
TGCCT	12464	2293	3612	3141	456	881	3430223	0.243780281996843	-123.027906648815	-40.5097269266844	-28.6687219142914	NA	NA	23.682010024786	7.20305718962719e-06	NA	NA
GGCCT	6488	1630	2558	1664	310	672	1967913	0.247845635069314	-98.2501321732998	-41.3298867046833	-27.3532153181732	NA	NA	27.9533427730203	8.51155170050347e-07	NA	NA
CGCCT	1943	314	413	501	58	140	663857	0.261797752808989	-54.3942835722119	-31.1251133373007	-22.7955688489601	NA	NA	16.6590889766812	0.000241281926581217	NA	NA
TCCCT	9474	1486	1915	2195	357	376	2933131	0.227417475728155	-55.7512743622065	-32.4399023354053	-27.2709883898497	NA	NA	10.3378278911114	0.00569074592417869	NA	NA
GCCCT	4754	913	1496	1203	226	296	1636233	0.240820885104007	-61.6656177416444	-33.554353851825	-25.9105545245111	NA	NA	15.2875986546278	0.00047900509334878	NA	NA
CCCCT	6680	3228	2283	1669	863	543	1882403	0.252235255516365	-107.4639849253	-30.5227927453816	-28.0585878193378	NA	NA	4.9284098520875	0.0850764575642978	NA	NA
TACCT	7682	1533	2908	1894	235	678	1904492	0.231543347356265	-82.9479999169707	-54.1153083220124	-27.4013506881893	NA	NA	53.4279152676463	2.50193262219905e-12	NA	NA
GACCT	5437	1285	3169	1502	218	793	1629156	0.254069355980184	-119.464219041169	-52.7552788443863	-27.1082576401532	NA	NA	51.2940424084663	7.27177133424774e-12	NA	NA
CACCT	10440	2331	3683	2740	405	864	2649273	0.24364896073903	-135.949242264032	-62.4747003465891	-28.4602372422814	NA	NA	68.0289262086153	1.68929839289617e-15	NA	NA
TTACT	1600	4511	1587	276	889	247	2676584	0.183424266043128	-37.7183485776186	-32.3432272747159	-26.053548514843	NA	NA	12.5793575197458	0.00185535586588797	NA	NA
GTACT	678	2989	700	131	574	85	1214447	0.180902221204488	-36.9867453090847	-32.9150515422225	-23.8852439243346	NA	NA	18.0596152357757	0.000119785535549806	NA	NA
CTACT	1104	6442	1498	201	1432	223	2197153	0.205218929677134	-45.4577604830265	-44.8245244845748	-26.04538724944	NA	NA	37.5582744702697	6.98754027138689e-09	NA	NA
ATACT	1206	5425	1403	236	1026	184	2255635	0.179985063480209	-46.34848023206	-38.1035943925381	-25.7887633927166	NA	NA	24.6296619996428	4.48473567369435e-06	NA	NA
TGACT	1883	3811	1710	386	589	205	2366702	0.159373311723393	-79.3543691672385	-46.6600080616772	-25.9565950222313	NA	NA	41.4068260788918	1.02005117489216e-09	NA	NA
GGACT	1184	3125	1144	263	487	138	1601214	0.162846139739593	-63.7547792047262	-43.7603157795966	-24.9398174732924	NA	NA	37.6409966126084	6.70442348804321e-09	NA	NA
CGACT	156	419	205	28	49	12	189783	0.114102564102564	-41.4715805458836	-24.4644998963922	-18.5839402899146	NA	NA	11.7611192129552	0.00279322173261842	NA	NA
TCACT	1838	7654	2470	400	1107	454	3250044	0.163935796689517	-95.0021612122655	-53.7705770432949	-27.2072314694524	NA	NA	53.1266911476851	2.90861069297724e-12	NA	NA
GCACT	1121	4996	2448	278	894	466	1991272	0.191243432574431	-38.7428614497185	-37.1142202876508	-26.466226901859	NA	NA	21.2959867715836	2.37484477909068e-05	NA	NA
CCACT	1545	7031	2209	324	1158	369	2547612	0.171627260083449	-56.7046071738005	-34.0604240745306	-26.8353900909424	NA	NA	14.4500679671764	0.000728127794273873	NA	NA
TAACT	1600	2961	1521	251	527	193	2261920	0.15965143045051	-60.4119772724807	-33.9346909113228	-25.3898855820298	NA	NA	17.089610658586	0.000194553118513772	NA	NA
GAACT	1525	4218	1715	305	769	226	2245567	0.174309466344865	-51.9803384281695	-39.2122379802167	-25.9675443209708	NA	NA	26.4893873184919	1.76971213668546e-06	NA	NA
CAACT	1783	7383	1987	248	1564	262	1987646	0.185958934815745	-73.9591291844845	-68.410779774189	-26.7231944352388	NA	NA	83.3751706779003	7.85799455283977e-19	NA	NA
ATAAA	2814	10339	4755	483	2338	772	6683890	0.200636587000223	-69.5299334973097	-69.505842924118	-28.6319191902876	NA	NA	81.7478474676609	1.77288460445176e-18	NA	NA
ATAAC	814	2599	724	99	452	160	2001598	0.171863669325598	-43.8770484663546	-35.3358719088137	-23.9810229353607	NA	NA	22.7096979469061	1.17125578241308e-05	NA	NA
ATAAG	992	5042	832	145	770	128	2474520	0.151907952228372	-68.1036619022489	-24.9557026699185	-24.8257044181228	NA	NA	0.259996503591537	0.878096966012051	NA	NA
ATAAT	2837	5703	2053	430	1159	308	4550096	0.179080524874917	-59.2990184798837	-47.3960551992059	-27.0506340786815	NA	NA	40.6908422410488	1.45913634537032e-09	NA	NA
ATACA	1609	8586	1338	154	1779	301	3541864	0.193705020376311	-83.8179801031947	-82.6990820392966	-26.446708701551	NA	NA	112.504746675491	3.71453680157528e-25	NA	NA
ATACC	993	3786	667	76	617	123	1520777	0.149834741094381	-87.839488081634	-50.4448961243033	-24.1189029105008	NA	NA	52.6519864276052	3.68779198950615e-12	NA	NA
ATACG	124	657	116	10	123	29	307300	0.180602006688963	-25.4511593426578	-24.5876039895229	-18.7971204048954	NA	NA	11.580967169255	0.00305650374075479	NA	NA
ATAGA	867	6044	993	162	1163	172	2855937	0.189397773279352	-28.4333792179823	-26.2137374654412	-25.3464723750949	NA	NA	1.73453018069267	0.42009891213585	NA	NA
ATAGC	547	2820	625	98	518	108	1617207	0.181362725450902	-27.3354180045426	-23.7937371991575	-23.6161565817893	NA	NA	0.355161234736443	0.837293496216735	NA	NA
ATAGG	506	3635	651	111	554	114	1682006	0.162562604340568	-47.7065946832299	-29.8543892242014	-23.8470776826143	NA	NA	12.0146230831742	0.00246069477122157	NA	NA
ATATA	2872	22020	3155	303	4380	479	5522088	0.184048204799087	-126.074602782726	-107.973423451185	-28.6558862775564	NA	NA	158.635074347258	3.57134073447268e-35	NA	NA
ATATC	1373	6395	1202	136	1283	208	2312023	0.181382385730212	-71.0019752830267	-63.0631414540112	-25.7560243941844	NA	NA	74.6142341196537	6.27660683193402e-17	NA	NA
ATATG	1217	13058	1635	147	2253	312	3178239	0.170458830923947	-74.9180314540863	-38.6224816143513	-26.728783018887	NA	NA	23.7873971909285	6.83332899433062e-06	NA	NA
ATCAA	3700	2915	4140	736	671	1001	2880802	0.223895862389586	-51.1688658073545	-36.2791540101171	-27.782202847302	NA	NA	16.9939023256302	0.000204089657562595	NA	NA
ATCAC	1401	1134	4243	297	268	980	2367931	0.227943346119799	-39.7127722017467	-26.9732112511992	-25.9145787879825	NA	NA	2.11726492643356	0.346929925505525	NA	NA
ATCAG	1469	1979	4098	317	457	910	2344662	0.223164590511529	-36.749438546598	-26.917354606092	-26.4613068513572	NA	NA	0.912095509469509	0.633783570209574	NA	NA
ATCAT	3794	2167	6047	823	442	1316	3025667	0.214940039973351	-35.1950093358755	-28.5729433521628	-27.8197588846087	NA	NA	1.50636893510818	0.470864709335133	NA	NA
ATCCA	2777	2026	4915	714	507	1779	2527570	0.30870549495781	-319.854793503881	-73.7488312423229	-27.6746340990067	NA	NA	92.1483942866325	9.77755848831129e-21	NA	NA
ATCCC	2372	1509	5618	718	365	1828	2035783	0.306453310874829	-273.02043293044	-41.7140746116638	-27.3669710829854	NA	NA	28.6942070573568	5.87668085612015e-07	NA	NA
ATCCG	235	170	466	70	36	187	244313	0.336394948335247	-61.8082109661773	-28.2283168970607	-20.4175753472373	NA	NA	15.6214830996469	0.000405357343673754	NA	NA
ATCGA	753	839	7350	132	139	1637	252297	0.213375083873854	-38.2347496002913	-34.2909770002589	-25.2323953369632	NA	NA	18.1171633265913	0.000116387936855947	NA	NA
ATCGC	670	661	9502	114	109	2033	308226	0.208252561617281	-33.3897146200761	-31.5390413510613	-25.097184240818	NA	NA	12.8837142204866	0.00159344472860022	NA	NA
ATCGG	461	543	6264	104	52	1348	170750	0.206934507429829	-46.5557794866618	-45.6745040300302	-23.9789425274357	NA	NA	43.391123005189	3.78213788330225e-10	NA	NA
ATCTA	2669	2866	3896	542	624	912	2304855	0.220337185876365	-40.4032347500324	-30.8805814050138	-27.3440479747951	NA	NA	7.07306686043739	0.0291140783348443	NA	NA
ATCTC	2562	2496	5501	615	606	1510	2881426	0.258641916848186	-116.590860515833	-33.3410268202424	-27.7277599051595	NA	NA	11.2265338301659	0.0036491284705789	NA	NA
ATCTG	2172	2664	5141	520	620	1057	2669815	0.220206474892252	-42.587895706296	-32.6396452486515	-27.3931802511215	NA	NA	10.49292999506	0.00526610121548343	NA	NA
TTCAT	8567	2011	3738	1795	338	791	4151606	0.2042469963677	-36.5498538091779	-35.8793301582336	-27.9507661908865	NA	NA	15.8571279346943	0.000360303449119077	NA	NA
GTCAT	3447	954	1454	907	168	337	1873869	0.241161400512383	-61.7545351460576	-38.3980124481022	-25.5337930731475	NA	NA	25.7284387499094	2.58905044001115e-06	NA	NA
CTCAT	8857	1707	1769	2340	311	390	2855630	0.246574231735993	-113.469077803195	-51.0262595042586	-27.2483049556613	NA	NA	47.5559090971947	4.71373918076235e-11	NA	NA
TGCAT	8684	1422	2531	1766	184	522	2780326	0.195616048112685	-47.8078161254525	-47.2233724817634	-27.0689335912466	NA	NA	40.3088777810335	1.76619399559622e-09	NA	NA
GGCAT	5244	993	1559	1200	135	350	2034591	0.21613648024628	-50.052654132247	-45.0513987913728	-25.847712315619	NA	NA	38.4073729515076	4.57030234423024e-09	NA	NA
CGCAT	849	94	160	183	9	24	249610	0.195829555757026	-23.7632875973359	-23.7172460653819	-18.9993305732496	NA	NA	9.43583098426461	0.00893378169072774	NA	NA
TCCAT	7578	817	1712	1644	156	335	3015082	0.211239734837242	-31.7847467064857	-28.5974086076021	-26.1890681609511	NA	NA	4.81668089330196	0.0899644715945239	NA	NA
GCCAT	4062	655	1152	1028	134	215	2025572	0.234622593286761	-52.0544966422021	-35.3125399164855	-25.0367409363389	NA	NA	20.5515979602933	3.44569796002728e-05	NA	NA
CCCAT	5960	968	1604	1356	258	369	2281928	0.232419127988748	-50.380687661469	-28.966397728771	-26.3242769949138	NA	NA	5.28424146771431	0.0712100916566538	NA	NA
TACAT	16022	1752	3226	2686	230	450	3090756	0.160285714285714	-128.356586351991	-39.96938226372	-27.8465444520116	NA	NA	24.2456756234169	5.43398497637833e-06	NA	NA
GACAT	7402	1291	1502	1662	148	254	2109273	0.202452182442374	-68.5202567391098	-68.355353474617	-26.1805833429098	NA	NA	84.3495402634144	4.8275864123434e-19	NA	NA
CACAT	13365	1735	2295	2570	279	424	3235742	0.188157516527738	-38.046455450356	-31.929876819253	-27.626191817224	NA	NA	8.60737000405788	0.0135186508570139	NA	NA
TTAAT	3045	3881	3205	366	840	594	4252833	0.177672490376073	-88.0452278330922	-75.0369680821896	-27.2030155882239	NA	NA	95.6679049879313	1.68259031292069e-21	NA	NA
GTAAT	821	3292	1306	188	637	217	2448901	0.192286399704743	-30.9909424558282	-30.1948897242546	-25.0422659814358	NA	NA	10.3052474856377	0.00578420852451754	NA	NA
CTAAT	826	4226	1589	161	969	298	2523270	0.215027857250414	-34.9432696253061	-31.2375591173768	-25.558705419302	NA	NA	11.3577073961496	0.00341747365558974	NA	NA
TGAAT	1388	3158	2006	332	518	388	3701452	0.188949938949939	-42.0568143874407	-40.0546827539802	-25.9699980542064	NA	NA	28.1693693995476	7.64010197944723e-07	NA	NA
GGAAT	1014	2928	1124	214	447	227	2485464	0.175286221871299	-43.0499183312058	-35.0386162176728	-24.9244959652424	NA	NA	20.2282405048609	4.05035775805684e-05	NA	NA
CGAAT	119	261	145	24	42	39	268025	0.2	-21.0953522375785	-21.0953397797421	-18.4714757753536	NA	NA	5.2477280087769	0.0725220950392955	NA	NA
TCAAT	1187	4858	1950	266	803	430	2789055	0.187492182614134	-45.4004118666053	-42.2564494088292	-26.2520667314529	NA	NA	32.0087653547525	1.12043048557803e-07	NA	NA
GCAAT	748	4608	1403	166	565	336	2135491	0.157863589288356	-111.300310108811	-79.0950874798	-25.295511059463	NA	NA	107.599152840674	4.31659031432624e-24	NA	NA
CCAAT	783	3871	1316	138	614	265	1977230	0.17035175879397	-43.9464209787548	-30.2199477553368	-25.0299784727395	NA	NA	10.3799385651946	0.00557217797512594	NA	NA
TAAAT	2362	3376	4588	434	655	978	5430644	0.200174317257408	-31.2528200447559	-31.2509143650532	-27.3960239440203	NA	NA	7.70978084206581	0.0211759236188231	NA	NA
GAAAT	1448	3601	2106	365	586	484	4427816	0.200559049615653	-53.1889715567231	-53.1812698319554	-26.3007016703486	NA	NA	53.7611363232136	2.11795913812208e-12	NA	NA
CAAAT	2024	6759	2728	344	1575	592	4144595	0.218139171227521	-51.7952202036977	-42.5037977993488	-27.4769344851375	NA	NA	30.0537266284227	2.97794163917259e-07	NA	NA
CAAAA	4014	9559	1618	563	2110	253	6091329	0.192614047791455	-85.9449717849493	-83.9025412499905	-27.6991643607616	NA	NA	112.406753778458	3.90106828798422e-25	NA	NA
CAAAC	1775	3697	909	265	808	170	2631528	0.19479705375333	-41.453557677567	-41.0341456979513	-25.4728877097368	NA	NA	31.122515976429	1.74514502789741e-07	NA	NA
CAAAG	1805	5742	931	327	1163	185	3700793	0.197570181646615	-27.7830806747079	-27.6673242673278	-26.0427945554256	NA	NA	3.24905942380428	0.197004302200352	NA	NA
CAACA	2228	8787	1473	240	1801	279	3056200	0.185778347213325	-84.8162366449833	-78.4379011243582	-26.8584564253688	NA	NA	103.158889397979	3.97495107507636e-23	NA	NA
CAACC	1897	5352	1273	162	1033	167	1635139	0.159821638113119	-122.899945851415	-86.142709273845	-25.7259363569319	NA	NA	120.833545833826	5.77203436090241e-27	NA	NA
CAACG	180	1095	157	23	230	21	268739	0.191340782122905	-24.8652883777395	-24.5991784455255	-19.9523943648674	NA	NA	9.29356816131622	0.00959240076787594	NA	NA
CAAGA	1162	6403	1188	254	1227	158	3101135	0.187250085684908	-43.0130325183272	-39.4338521063328	-25.8203883320093	NA	NA	27.2269275486469	1.22390526551632e-06	NA	NA
CAAGC	960	3756	875	132	579	110	1804797	0.146843140761939	-70.1659825593233	-26.7848930582404	-24.4220209009945	NA	NA	4.72574431449175	0.0941494225452773	NA	NA
CAAGG	1185	4575	1010	243	756	167	2330037	0.172230428360414	-43.2376995608211	-29.6350950859487	-25.3443854674697	NA	NA	8.58141923695803	0.0136952034789194	NA	NA
CAATA	997	14567	1248	164	3302	214	2783212	0.218891268141803	-57.5934235081077	-42.9079341590405	-26.6053863614798	NA	NA	32.6050955951214	8.31559731905807e-08	NA	NA
CAATC	788	10776	886	123	2448	143	1701987	0.217991967871486	-52.4576254747808	-42.5766831412911	-25.6703716628253	NA	NA	33.8126229569316	4.54655255467365e-08	NA	NA
CAATG	1089	21382	1510	175	4390	271	2456645	0.201659647220716	-34.9026151373982	-34.718329846859	-27.2273255437613	NA	NA	14.9820086061954	0.000558082195259986	NA	NA
CACAA	4732	2779	7191	908	580	1509	2891085	0.203849816351517	-31.4452015012503	-30.8765651881695	-28.3939344882965	NA	NA	4.96526139974594	0.0835232118212533	NA	NA
CACAC	2364	2030	10561	468	306	2064	3175380	0.189769307923771	-41.5618711560965	-37.657937861979	-27.5880518704653	NA	NA	20.1397719830275	4.23354402590384e-05	NA	NA
CACAG	2104	4589	10723	476	734	1920	3183380	0.179719797887	-63.6024424880743	-45.2480253949761	-28.3543953448534	NA	NA	33.7872601002455	4.604576470561e-08	NA	NA
CACCA	3492	2829	9020	880	612	2424	3059004	0.25526367251157	-148.620019167662	-40.6994071379304	-28.6122895926237	NA	NA	24.1742350906134	5.63159672833057e-06	NA	NA
CACCC	3908	1859	7547	977	335	2069	1986466	0.253943217665615	-145.622799459845	-56.2415498755872	-28.0403572358191	NA	NA	56.4023852795362	5.65428445923438e-13	NA	NA
CACCG	398	307	1172	105	72	347	427239	0.279168886521044	-50.4125411566347	-24.2120868237689	-22.2934312783182	NA	NA	3.83731109090149	0.146804201087235	NA	NA
CACGA	900	1084	16574	138	143	3364	375314	0.196411251212415	-46.1972947148606	-45.6334527200088	-26.2449711300433	NA	NA	38.776963179931	3.79917617425856e-09	NA	NA
CACGC	1255	1209	26129	262	194	5005	525955	0.190990801944532	-37.2194689260796	-31.5112066026777	-27.3619834696874	NA	NA	8.2984462659806	0.0157766680982697	NA	NA
CACGG	973	1027	20851	169	98	3995	402760	0.186512625268041	-66.4846355644986	-56.1092747440562	-26.3663935735822	NA	NA	59.485762340948	1.21012666802596e-13	NA	NA
CACTA	1017	2291	4657	219	499	954	1653407	0.20991839296924	-28.953535888344	-26.9894854910672	-26.2964086160064	NA	NA	1.38615375012159	0.500035153985319	NA	NA
CACTC	1035	2310	7115	277	519	1668	2182141	0.235564053537285	-61.1321413889527	-29.7105376645923	-26.9375292882323	NA	NA	5.54601675271988	0.0624737771201447	NA	NA
CACTG	1827	3331	11856	463	721	1756	3231218	0.172798871517574	-129.823234826326	-97.0768182501197	-28.1065775379539	NA	NA	137.940481424332	1.11328163059357e-30	NA	NA
TTCTG	8273	3088	2399	1717	653	596	4208104	0.215552325581395	-43.4037700966001	-35.1918208003044	-28.0915306955576	NA	NA	14.2005802094936	0.000824865591128415	NA	NA
GTCTG	3444	2121	905	725	460	224	1918724	0.217774343122102	-33.0858856253326	-28.0680366382003	-25.882911387831	NA	NA	4.37025050073862	0.112463646658829	NA	NA
CTCTG	6524	5294	1347	1498	1085	314	3680000	0.220053171287505	-45.4087646305561	-32.4756591692567	-27.8188527822495	NA	NA	9.31361277401447	0.00949674294546457	NA	NA
TGCTG	9190	2215	1853	2025	421	416	3295134	0.215869663599336	-40.0627968162298	-31.8317072987556	-27.5317638143897	NA	NA	8.59988696873188	0.0135693258695863	NA	NA
GGCTG	6400	2119	2040	1419	440	474	3185441	0.220948953499384	-40.0524035468698	-28.7518618404865	-27.2867026552558	NA	NA	2.93031837046146	0.231041210201535	NA	NA
CGCTG	960	265	200	207	44	45	359928	0.207719298245614	-22.5386947877705	-22.3238714588806	-20.8504880825058	NA	NA	2.94676675274968	0.229148875254854	NA	NA
TCCTG	8011	1710	1619	1731	419	301	3662193	0.216137566137566	-41.0572669655085	-33.7804300636053	-27.0242959558964	NA	NA	13.5122682154179	0.00116371930261643	NA	NA
GCCTG	5965	1846	1627	1440	488	298	3062418	0.235855054036872	-69.5388830527663	-40.7249365746975	-26.8967196196318	NA	NA	27.6564339101315	9.87373988332243e-07	NA	NA
CCCTG	6090	2151	1411	1286	519	275	2542773	0.215499378367178	-37.4634307026863	-31.7421731129289	-26.8460256159306	NA	NA	9.79229499399662	0.00747532638586079	NA	NA
TACTG	8465	2008	1332	1230	383	243	1993332	0.15722151630665	-97.9279464706779	-39.9049435704947	-26.710404638201	NA	NA	26.3890778645873	1.86073510180239e-06	NA	NA
GACTG	5808	1655	1252	868	297	261	1731988	0.163625932300631	-68.67473815009	-38.1049955375493	-26.129284132272	NA	NA	23.9514228105545	6.29527374522742e-06	NA	NA
TTATG	2197	6666	1591	485	1460	211	2788761	0.206236847139851	-55.5425312891603	-54.5050955712795	-26.8590721338987	NA	NA	55.2920468747616	9.85109652715396e-13	NA	NA
GTATG	1096	8221	593	217	1363	77	1545710	0.167204843592331	-58.888601206243	-30.8453195169568	-25.1817626953125	NA	NA	11.3271136432886	0.00347015220926353	NA	NA
CTATG	1077	14044	1418	228	3027	263	1884078	0.212709353648951	-36.3956397846341	-29.7629808560014	-26.9120459742844	NA	NA	5.70186976343393	0.0577902685470256	NA	NA
TGATG	2254	5765	1288	596	1019	194	2714490	0.194369829160847	-64.4610729590058	-63.7422987744212	-26.5751270800829	NA	NA	74.3343433886766	7.21942194413602e-17	NA	NA
GGATG	2288	4856	1216	578	778	184	1960518	0.184210526315789	-69.3392728567123	-64.0544315725565	-26.2909199558198	NA	NA	75.5270232334733	3.97663094331862e-17	NA	NA
CGATG	160	644	106	39	96	22	264807	0.172527472527473	-24.5836545252241	-22.7954399730079	-19.2824813062325	NA	NA	7.02591733355075	0.0298085901549852	NA	NA
TCATG	2078	11101	2132	571	2061	406	2828328	0.198419437006074	-60.1335847899318	-60.0492267683148	-27.8126044049859	NA	NA	64.4732447266579	9.99569031481328e-15	NA	NA
GCATG	1512	14284	1966	375	1983	443	2173515	0.157696205382277	-188.001222390682	-102.744041379541	-27.5518298149109	NA	NA	150.384423129261	2.21022982685179e-33	NA	NA
CCATG	1671	14867	1538	433	2740	341	2672871	0.194401416242532	-52.0590637773275	-50.6799341961741	-27.6025097817183	NA	NA	46.1548488289118	9.4973385666562e-11	NA	NA
TAATG	1128	4594	1144	225	1058	236	2717390	0.221235071366152	-35.9158108457923	-28.3686179816723	-25.6865887418389	NA	NA	5.36405847966671	0.0684241641404984	NA	NA
GAATG	1017	5624	1203	228	940	213	2764151	0.176058133605303	-44.7261181995273	-33.1055578067899	-25.6572278216481	NA	NA	14.8966599702835	0.000582413439582546	NA	NA
CCAAA	3577	6969	903	601	1218	197	3696688	0.176085247619879	-48.6668650507927	-31.745867498219	-26.8245676234365	NA	NA	9.84259974956512	0.00728964905457261	NA	NA
CCAAC	1308	2821	537	181	408	105	1746240	0.148735533647664	-61.9278946183622	-28.3870272822678	-24.1492175087333	NA	NA	8.47561954706907	0.0144391823145855	NA	NA
CCAAG	1666	7392	653	282	850	129	2504324	0.129852744310576	-187.221128702164	-51.0912402942777	-25.5401075109839	NA	NA	51.1022655665874	8.00357512624747e-12	NA	NA
CCACA	2407	7688	1184	283	1159	229	2833735	0.148151431864527	-125.316747173667	-42.2990035712719	-26.4845415130258	NA	NA	31.6289241164923	1.35477256659481e-07	NA	NA
CCACC	3187	8930	1251	347	906	238	2716692	0.111535008976661	-370.697596028447	-59.6413349807262	-26.7248583883047	NA	NA	65.8329531848431	5.06472479963039e-15	NA	NA
CCACG	305	1772	194	51	225	46	530747	0.141787758696609	-49.9327757237479	-28.5769842807204	-21.3380608204752	NA	NA	14.4778469204903	0.000718084390544776	NA	NA
CCAGA	1055	6666	848	248	1176	147	2745280	0.18333527832886	-39.7835373729467	-33.7347790598869	-25.5542950332165	NA	NA	16.3609680533409	0.000280066347734391	NA	NA
CCAGC	1399	7385	1194	288	1011	227	3311712	0.152936460212467	-109.044947825372	-49.1244716197252	-26.1339714676142	NA	NA	45.9810003042221	1.03598304495457e-10	NA	NA
CCAGG	1850	12128	1334	425	1798	302	3535454	0.164903343782654	-122.296323053539	-72.4168203994632	-27.2012960240245	NA	NA	90.4310487508774	2.30752952937571e-20	NA	NA
CCATA	937	11003	1045	200	2325	249	1855596	0.213631112822487	-33.8929066434503	-27.9156219698489	-26.344178352505	NA	NA	3.14288723468781	0.207745061405482	NA	NA
CCATC	1336	12057	1571	262	1863	310	2331002	0.162723870622828	-94.3569033294916	-39.1437806747854	-26.9052488394082	NA	NA	24.4770636707544	4.84030977890833e-06	NA	NA
CCCAA	3030	1854	4587	516	507	1101	2639713	0.224263541336712	-74.0506677478552	-60.5409135073423	-27.2374279350042	NA	NA	66.6069711446762	3.43937862421131e-15	NA	NA
CCCAC	2299	1674	6008	507	490	1469	2266574	0.247069431920649	-89.0156743451953	-37.4410402439535	-27.301034770906	NA	NA	20.280010946095	3.94685868115023e-05	NA	NA
CCCAG	2561	2310	8357	582	571	1978	4004980	0.236694889628062	-71.2324207499623	-28.9938151240349	-27.9758587926626	NA	NA	2.03591266274452	0.361332630279944	NA	NA
CCCCA	2612	3247	6797	533	904	1760	2620869	0.252607458912769	-126.907593369484	-45.9058273509145	-28.1789890229702	NA	NA	35.4536766558886	2.00139095436065e-08	NA	NA
CCCCC	2386	2435	5338	435	555	1264	1352967	0.22187223151885	-50.9604052603245	-39.1402891799808	-27.3565735481679	NA	NA	23.5674312636256	7.62776535422564e-06	NA	NA
CCCCG	374	422	1185	91	102	290	460136	0.243816254416961	-31.3610351253301	-22.4457722073421	-22.4397077849135	NA	NA	0.0121288448572159	0.993953929065278	NA	NA
CCCGA	752	884	12391	107	218	2590	336545	0.207813502530833	-39.8213759325445	-37.6715076104738	-25.8648069123738	NA	NA	23.6134013962001	7.45444023734852e-06	NA	NA
CCCGC	969	880	15633	139	139	3198	403592	0.19883308545933	-39.7127572400495	-39.6630654139444	-26.1160069853067	NA	NA	27.0941168572754	1.30793836364167e-06	NA	NA
CCCGG	1337	1299	24428	188	208	4994	578133	0.199157552468223	-47.1638899352401	-47.1266029635444	-27.2678089663386	NA	NA	39.7175879944116	2.37375203334624e-09	NA	NA
CCCTA	837	1433	3929	147	349	978	1365722	0.237780287143088	-55.0463263615966	-34.1063320338726	-25.5141516774893	NA	NA	17.1843607127666	0.000185551078804631	NA	NA
CCCTC	1382	2209	7510	286	580	1822	2109728	0.242140347716422	-79.0984887741506	-32.7760771252215	-27.2021052576602	NA	NA	11.1479437351227	0.00379537572577353	NA	NA
TTCGG	10847	681	495	2156	55	99	237473	0.192131747483989	-55.940951553639	-54.1183538050391	-24.6361360764131	NA	NA	58.964435457252	1.5704912685155e-13	NA	NA
GTCGG	5482	682	328	1187	55	66	165815	0.201478743068392	-58.6914086868055	-58.6514756870456	-23.5956073191483	NA	NA	70.1117367357947	5.96251946039707e-16	NA	NA
CTCGG	17279	1296	753	3917	178	147	555795	0.219474337748344	-70.390014895238	-52.571768226102	-26.4909246247262	NA	NA	52.1616872027516	4.71230661134985e-12	NA	NA
TGCGG	14344	1135	1192	2721	66	264	288034	0.183012416771639	-110.570282397792	-98.4536391091533	-26.1638855808415	NA	NA	144.579507056624	4.02678965767875e-32	NA	NA
GGCGG	20451	1189	1549	4224	90	305	535084	0.199189270774936	-89.4976579807699	-89.4683552524075	-26.9499855590984	NA	NA	125.036739386618	7.05694974379238e-28	NA	NA
CGCGG	3904	192	268	759	24	32	110046	0.186755270394134	-30.1733575712424	-28.2581295685377	-21.6946047144011	NA	NA	13.1270497082733	0.00141090370532248	NA	NA
TCCGG	11702	448	608	2328	56	46	232923	0.190468725505565	-62.3385094800033	-59.4819760527462	-24.2303332360461	NA	NA	70.5032856334001	4.9023695565857e-16	NA	NA
GCCGG	15250	785	983	3122	124	132	381262	0.198495710424257	-42.5442024134099	-42.4604691453278	-25.9580706674606	NA	NA	33.0047969557345	6.80925193483015e-08	NA	NA
TACGG	12742	555	528	2047	43	79	177984	0.156889692585895	-106.989122987259	-38.766502186656	-24.3717046431266	NA	NA	28.7895950870588	5.60297724539895e-07	NA	NA
GACGG	20951	939	781	3650	78	109	342956	0.169247055709938	-110.508425945416	-54.9177320636809	-25.8313965126872	NA	NA	58.1726711019874	2.33326986179395e-13	NA	NA
TTAGG	812	2979	751	148	555	173	1888033	0.192866578599736	-28.1297560185194	-27.5609033927321	-24.4084953591228	NA	NA	6.30481606721878	0.04274906164737	NA	NA
GTAGG	484	3322	355	105	467	78	1218043	0.156212448930546	-56.5006208568811	-35.0180956218392	-23.1738943774253	NA	NA	23.6884024888277	7.1800713012743e-06	NA	NA
CTAGG	548	4797	733	101	699	133	1555410	0.15350444225074	-64.1217858418822	-28.5452637523413	-24.2303801961243	NA	NA	8.62976711243391	0.0133681060283394	NA	NA
TGAGG	1046	3864	1222	240	592	255	3126044	0.177266797129811	-50.7196307852864	-42.5494701936841	-25.3763821348548	NA	NA	34.3461761176586	3.48195070838062e-08	NA	NA
GGAGG	1479	4633	1541	357	692	311	3513874	0.177708088331373	-64.5723548159003	-54.7775525599718	-26.1317919865251	NA	NA	57.2915211468935	3.62496863362407e-13	NA	NA
CGAGG	196	654	221	42	94	37	484137	0.161531279178338	-26.4858729643747	-22.2636740002781	-20.044034072198	NA	NA	4.43927985616028	0.108648222956814	NA	NA
TCAGG	1036	7468	1192	234	1162	314	2844773	0.176361386138614	-78.4315369054675	-64.4395785331726	-26.1162376329303	NA	NA	76.6466818004847	2.27187545191392e-17	NA	NA
GCAGG	1072	7459	1339	214	894	317	2457976	0.144376899696049	-170.00007557869	-85.7215893417597	-26.0195954293013	NA	NA	119.403987824917	1.17965085061783e-26	NA	NA
TAAGG	703	2332	877	97	345	210	1766787	0.166666666666667	-52.0553924553096	-40.5972655974329	-23.9399421997368	NA	NA	33.314646795392	5.83198455426e-08	NA	NA
GAAGG	994	4486	1267	148	614	260	2645102	0.151474729509412	-82.582272939384	-39.3740893751383	-25.2297272384167	NA	NA	28.2887242734432	7.19749834984747e-07	NA	NA
CGAAA	180	506	99	43	95	21	348886	0.202547770700637	-20.0784899778664	-20.0648178709671	-19.20763905067	NA	NA	1.71435764059424	0.424357584165263	NA	NA
CGAAC	85	203	68	15	41	20	222395	0.213483146067416	-18.6634519021027	-18.5028773630038	-17.2233905494213	NA	NA	2.55897362716496	0.278180022037608	NA	NA
CGAAG	163	359	69	32	46	19	284425	0.164128595600677	-24.4370846757665	-22.4218958127312	-18.2481731907465	NA	NA	8.34744524396956	0.0153948441359727	NA	NA
CGACA	141	560	110	15	87	23	266625	0.154130702836005	-25.4240632867441	-20.8092956845649	-18.6668267301284	NA	NA	4.28493790887296	0.117364716876621	NA	NA
CGACC	218	431	105	14	45	24	166762	0.110079575596817	-44.1916518004145	-25.9988003058825	-18.3879409632646	NA	NA	15.2217186852358	0.000495046261286536	NA	NA
CGACG	30	88	14	2	12	5	40743	0.143939393939394	-16.7406185334548	-15.5944638859364	-13.238927425351	NA	NA	4.71107292117085	0.0948426135608122	NA	NA
CGAGA	195	659	168	53	99	28	577186	0.176125244618395	-27.1205963231623	-25.6149331517518	-19.9116826513782	NA	NA	11.4065010007471	0.00333510705268691	NA	NA
CGAGC	114	407	78	13	40	11	214881	0.106844741235392	-33.6059914566576	-17.964571622666	-17.4068832066841	NA	NA	1.11537683196366	0.572530988873589	NA	NA
CGATA	81	451	119	16	97	22	198777	0.207373271889401	-18.7086137472652	-18.6189071107656	-18.3851173124276	NA	NA	0.467579596675932	0.791528178948838	NA	NA
CGATC	127	407	132	21	90	27	279762	0.207207207207207	-19.6630682055838	-19.5752897649072	-18.8096542931162	NA	NA	1.53127094358206	0.465038318324469	NA	NA
CGCAA	205	159	524	28	29	110	237753	0.188063063063063	-22.1161224930547	-21.7986808805726	-19.5458074379712	NA	NA	4.50574688520283	0.105096800646818	NA	NA
CGCAC	128	101	793	28	21	190	268883	0.23385518590998	-22.4644149476662	-19.6738182627596	-19.4036181280389	NA	NA	0.540400269441307	0.763226730882147	NA	NA
CGCAG	234	238	787	39	34	166	344270	0.189833200953137	-23.5399678968824	-23.2154125622474	-20.466227075085	NA	NA	5.49837097432464	0.0639799524819721	NA	NA
CGCCA	289	244	1196	67	50	274	463843	0.226142278773858	-24.6528974762186	-21.7998689953238	-21.5053535504267	NA	NA	0.58903088979423	0.744892441465638	NA	NA
CGCCC	436	282	1537	122	62	379	494326	0.249667405764967	-36.7147698188201	-23.7924915291369	-22.4764911625534	NA	NA	2.63200073316693	0.268205884788563	NA	NA
CGCCG	51	55	202	15	3	49	84245	0.217532467532468	-21.9689478238579	-21.7364233313128	-16.0228601004928	NA	NA	11.42712646164	0.00330088973289759	NA	NA
CGCGA	134	192	2540	22	28	534	63784	0.203768318213538	-23.5176624638261	-23.4121333751827	-20.8447500470793	NA	NA	5.13476665620692	0.076736076081758	NA	NA
CGCGC	199	147	5798	36	27	1036	132879	0.178873697916667	-28.8794376447331	-21.8915796342772	-21.8793174370658	NA	NA	0.0245243944227695	0.987812677174871	NA	NA
CGCTA	114	118	536	20	22	130	165959	0.223958333333333	-21.4055266252253	-20.3370284617413	-18.8936580133159	NA	NA	2.88674089685082	0.236130550120791	NA	NA
CGCTC	174	193	963	34	49	246	297118	0.247368421052632	-28.747294027824	-21.7905206652358	-20.6239903355017	NA	NA	2.33306065946817	0.311445682569217	NA	NA
TTCCG	702	168	187	211	55	53	282964	0.301797540208136	-44.6018778337166	-20.9207757283002	-20.6349930642173	NA	NA	0.571565328165889	0.751425910040666	NA	NA
GTCCG	322	138	102	96	28	34	161345	0.281138790035587	-29.407499529887	-21.1877855956554	-18.8942252362613	NA	NA	4.58712071878836	0.10090655792895	NA	NA
CTCCG	803	371	259	292	99	50	449877	0.307745987438939	-68.6837273119017	-32.9827029500157	-21.687637408264	NA	NA	22.5901310835034	1.24341288214513e-05	NA	NA
TGCCG	838	163	277	215	29	77	285420	0.251173708920188	-30.9101193170063	-23.1531067369506	-20.7813552501611	NA	NA	4.74350297357887	0.0933171393229308	NA	NA
GGCCG	1053	281	365	215	56	86	438987	0.210123602118893	-22.8371757259592	-22.4009459074587	-21.6887373588979	NA	NA	1.42441709712148	0.490559575537232	NA	NA
TCCCG	1133	309	301	257	58	53	487464	0.211130235226621	-24.072769055143	-23.5335935940966	-21.541867416352	NA	NA	3.98345235548913	0.136459668382174	NA	NA
GCCCG	860	247	312	220	57	67	429918	0.242424242424242	-28.2374238194898	-22.2363429479301	-21.3407185832039	NA	NA	1.79124872945249	0.408352558096826	NA	NA
TACCG	524	144	194	154	20	59	164528	0.27030162412993	-35.9501954752486	-26.3472514618188	-19.82229440636	NA	NA	13.0499141109176	0.00146638211879806	NA	NA
GACCG	493	142	209	117	19	67	168324	0.240521327014218	-29.5285398615524	-26.2635717547964	-19.7230149616953	NA	NA	13.0811135862023	0.00144368444165719	NA	NA
TTACG	115	380	114	17	51	14	263744	0.134646962233169	-25.405906220898	-18.0724817174487	-17.9391836570576	NA	NA	0.266596120782197	0.875204189525319	NA	NA
GTACG	71	404	48	11	53	6	139339	0.133843212237094	-23.28601271566	-16.8225057248492	-16.6852671941742	NA	NA	0.274477061349899	0.871762259289756	NA	NA
CTACG	95	635	120	12	128	13	207429	0.18	-22.8855958036147	-22.0147045361809	-18.3753650258295	NA	NA	7.27867902070284	0.0262696890946368	NA	NA
TGACG	127	594	120	26	83	19	268523	0.152199762187872	-25.4238117537461	-20.206171579659	-18.8418827126734	NA	NA	2.72857773397118	0.255562350207627	NA	NA
GGACG	134	749	174	41	79	19	236031	0.131504257332072	-47.110251526814	-33.0361803197302	-19.3713354859501	NA	NA	27.3296896675602	1.16260796139473e-06	NA	NA
TCACG	242	1169	353	49	147	73	565022	0.15249433106576	-39.8960736142471	-29.0931257409975	-21.3119072234258	NA	NA	15.5624370351434	0.00041750312963418	NA	NA
GCACG	148	2114	263	31	160	54	372168	0.097029702970297	-128.03594988212	-45.4610688285902	-20.8775192545727	NA	NA	49.167099148035	2.10620225985402e-11	NA	NA
TAACG	101	346	97	19	63	13	241073	0.174632352941176	-19.3822406884283	-18.4746150150895	-17.8707466209307	NA	NA	1.20773678831756	0.546692717415384	NA	NA
GAACG	115	501	150	17	77	17	255989	0.14490861618799	-25.6180207547732	-19.207779252436	-18.5154555416666	NA	NA	1.38464742153883	0.500411904467432	NA	NA
CTAAA	1373	7385	1122	243	1681	234	3179099	0.218421052631579	-41.9370367601514	-33.7178817987442	-26.2778135538101	NA	NA	14.8801364898682	0.000587245119673969	NA	NA
CTAAC	759	2152	418	134	428	79	1328460	0.192550315410033	-24.5587735325098	-24.1032790206373	-23.3483820259571	NA	NA	1.50979398936033	0.470059030817748	NA	NA
CTAAG	881	4001	431	155	707	82	1738204	0.177677395068699	-31.1137980334461	-24.295826330781	-24.0901352874935	NA	NA	0.411382086575031	0.814084554320594	NA	NA
CTACA	1192	7469	689	137	1509	140	2144052	0.191016042780749	-50.9299640730023	-49.0567419268191	-25.3714873790741	NA	NA	47.37050909549	5.17159667358271e-11	NA	NA
CTACC	1114	3499	667	116	590	86	1284494	0.15	-73.8290145583451	-37.828622084111	-24.1467228606343	NA	NA	27.3637984469533	1.14294850863833e-06	NA	NA
CTAGA	545	5545	536	117	1057	93	1977641	0.191216420162994	-26.7266623973846	-25.4585560820997	-24.2454177923501	NA	NA	2.42627657949924	0.297262916881558	NA	NA
CTAGC	410	2575	395	86	424	70	1148557	0.171597633136095	-31.9542054478079	-24.8405573815107	-22.8153247088194	NA	NA	4.05046534538269	0.131963135397665	NA	NA
CTATA	2615	15693	938	333	3508	207	2121239	0.210329419100073	-89.0091024413705	-83.8736121952534	-27.3476740717888	NA	NA	113.051876246929	2.82551091012081e-25	NA	NA
CTATC	1686	9565	779	319	1941	132	1444456	0.198836242726517	-28.8620102256536	-28.8277920223773	-26.246235691011	NA	NA	5.1631126627326	0.0756561662847038	NA	NA
CTCAA	1922	3226	5118	355	774	1307	3046862	0.23728813559322	-76.8877308666706	-43.0718400329351	-27.4519518464804	NA	NA	31.2397763729095	1.64576852653864e-07	NA	NA
CTCAC	1123	1544	6780	250	341	1786	2658766	0.251614269080131	-91.6625344082713	-33.35805529356	-26.5265275016427	NA	NA	13.6630555838346	0.00107920805210679	NA	NA
CTCAG	1205	2791	6723	252	543	1674	3548563	0.230338650993563	-65.0638229548931	-41.4151451960206	-27.0580165237188	NA	NA	28.7142573446035	5.8180606156348e-07	NA	NA
CTCCA	1868	3239	6172	451	774	2083	3231715	0.293288412093271	-288.582920528948	-74.009123377502	-27.8858084157109	NA	NA	92.2466299235821	9.30890986091994e-21	NA	NA
CTCCC	2134	2663	8832	517	630	2557	3148954	0.271773424315797	-200.969035997987	-43.0070001259446	-28.1010181233287	NA	NA	29.8119640052319	3.36058023596855e-07	NA	NA
CTCGA	503	1009	9284	76	184	2157	350854	0.223879214523898	-52.4321002420038	-37.58650835976	-25.2447404470295	NA	NA	24.6835358254611	4.36554328399417e-06	NA	NA
CTCGC	426	663	8563	72	109	1885	291122	0.214048901782014	-36.3068371354602	-31.6165030864067	-24.554255945608	NA	NA	14.1244942815974	0.000856850465319972	NA	NA
CTCTA	2167	4830	4226	240	1117	1081	2290555	0.217232469036799	-120.581794362515	-112.393094278872	-27.5099296160042	NA	NA	169.766329325736	1.36681576838815e-37	NA	NA
CTCTC	2136	6397	7929	316	1308	1849	3004800	0.21097072044709	-65.4902003258467	-60.5421803668141	-28.442236892879	NA	NA	64.1998869478703	1.14596586081206e-14	NA	NA
TTCAG	6315	2207	1480	1276	375	273	3339970	0.192361527694461	-32.9433817714453	-31.5033352598548	-26.7314256206155	NA	NA	9.54381927847862	0.008464201146192	NA	NA
GTCAG	3000	1518	787	725	351	193	1908607	0.239208294062205	-44.9322150722146	-25.6690992638469	-25.3675810806453	NA	NA	0.603036366403103	0.739694376220427	NA	NA
TGCAG	8313	1933	3331	1854	306	807	3317443	0.21853133976578	-61.5494232922792	-50.1240899190307	-27.834363438189	NA	NA	44.5794529616833	2.0878283297733e-10	NA	NA
GGCAG	5592	2071	3426	1400	350	844	2810830	0.233925511768419	-82.9739147499204	-52.5736858174205	-27.6338494494557	NA	NA	49.8796727359295	1.47491395864714e-11	NA	NA
TCCAG	7097	1008	1316	1509	203	249	3161644	0.208152000849167	-29.272469446063	-27.6914339885116	-26.0704747214913	NA	NA	3.24191853404045	0.197708952411651	NA	NA
GCCAG	4221	994	1224	926	251	240	2410018	0.220065227519801	-35.8806321807206	-29.5464232005179	-25.611149918288	NA	NA	7.8705465644598	0.0195403585649786	NA	NA
TACAG	12433	3511	1993	2149	574	395	2763695	0.17383062942521	-64.3752209767699	-32.4984274506569	-28.107021138072	NA	NA	8.78281262516975	0.0123833021756874	NA	NA
GACAG	7437	4444	1844	1360	757	344	2370242	0.179307832422587	-44.381935056299	-29.3106715790927	-27.769952274859	NA	NA	3.08143860846758	0.214226951640021	NA	NA
TTAAG	851	3178	1644	155	568	320	2647858	0.183853340384276	-29.7002542763948	-25.9450009539723	-25.1980714946985	NA	NA	1.49385891854763	0.473819202547765	NA	NA
GTAAG	495	3704	672	101	557	97	1517331	0.154998973516732	-54.3640207499266	-27.735067281872	-23.7361200787127	NA	NA	7.99789440631866	0.0183349316894089	NA	NA
TGAAG	760	3152	1837	160	434	278	3149355	0.15167855279179	-71.3324211984873	-34.8347976654768	-25.0041949078441	NA	NA	19.6612055152655	5.37803307206333e-05	NA	NA
GGAAG	816	4973	1756	191	579	212	3125633	0.130152418820411	-161.812666915357	-56.9916048869491	-25.3419830948114	NA	NA	63.2992435842752	1.79781045355756e-14	NA	NA
TCAAG	681	5093	1636	142	733	381	2757502	0.169500674763833	-74.1067178249359	-56.0441731587052	-25.49065438658	NA	NA	61.1070375442505	5.37991475789854e-14	NA	NA
GCAAG	476	4003	1048	100	430	245	1919242	0.140220734575719	-130.392327796668	-75.3835602626204	-24.3061696067452	NA	NA	102.15478131175	6.56706157102939e-23	NA	NA
TAAAG	738	2939	2037	154	454	431	3314993	0.181834091704585	-42.5208034142852	-37.7092141360044	-25.228793784976	NA	NA	24.9608407020569	3.80033874787107e-06	NA	NA
GAAAG	693	5582	1896	146	710	325	3643871	0.144535552563946	-114.610007509589	-45.2378279864788	-25.5377387180924	NA	NA	39.4001785367727	2.78201801367189e-09	NA	NA
GAAAA	2686	7417	1596	459	1294	320	6239806	0.177194632019831	-45.6329672783613	-29.9435884952545	-27.1358591020107	NA	NA	5.61545878648758	0.0603418495704748	NA	NA
GAAAC	1122	2511	576	193	378	127	2738962	0.165835115229271	-43.7656510993838	-30.7910673245788	-24.1388885527849	NA	NA	13.3043575435877	0.00129120579576402	NA	NA
GAACA	1438	5686	1248	167	1053	222	2570885	0.172240802675585	-60.2577290460467	-43.4503575414419	-25.7758881002665	NA	NA	35.3489388823509	2.1089945193072e-08	NA	NA
GAACC	1195	3335	865	114	421	173	1434208	0.131232622798888	-117.114906728268	-44.6560695655644	-24.4596006534994	NA	NA	40.3929378241301	1.69349920677443e-09	NA	NA
GAAGA	1436	6174	1182	326	1003	150	3482614	0.168221110100091	-69.6961402520537	-46.3665602430701	-25.9036778658628	NA	NA	40.9257647544146	1.29742750250186e-09	NA	NA
GAAGC	713	3876	672	183	488	99	1949079	0.146360007603117	-95.7592420913279	-54.1478544026613	-24.1824267879128	NA	NA	59.930855229497	9.68679567158954e-14	NA	NA
GAATA	1676	5941	1193	393	1251	250	2887591	0.214982973893303	-33.1050270348787	-28.218205049634	-26.4250235110521	NA	NA	3.5863630771637	0.166429823551283	NA	NA
GAATC	1210	3305	844	282	638	161	1839173	0.201716738197425	-28.8035744838417	-28.7596175447106	-25.073704816401	NA	NA	7.37182545661926	0.0250742782722614	NA	NA
GACAA	3835	2422	5213	861	461	1119	2206330	0.2128160418483	-36.6813182979822	-32.001962620765	-27.7683465592563	NA	NA	8.46723212301731	0.0144998632373258	NA	NA
GACAC	1125	1248	4602	225	134	960	1600465	0.18910394265233	-58.4479039758444	-56.377628043294	-25.3972626030445	NA	NA	61.9607308804989	3.51073656017624e-14	NA	NA
GACCA	2279	1517	4916	627	339	1308	1730080	0.261019283746556	-106.503575678915	-32.4120501726866	-27.010733962059	NA	NA	10.8026324212551	0.00451064008134582	NA	NA
GACCC	2630	828	3704	689	173	1048	1141700	0.26668528344038	-105.882423231378	-33.7428642064333	-26.2375571709126	NA	NA	15.0106140710413	0.000550156906696697	NA	NA
GACGA	709	716	12498	77	79	2293	204774	0.175895999425411	-68.350566174835	-47.6775971539319	-24.9884517434984	NA	NA	45.3782908208668	1.40032663413776e-10	NA	NA
GACGC	428	581	10547	51	43	1992	166033	0.180512287988923	-65.6893909466453	-54.592074461747	-23.9668049113825	NA	NA	61.2505391007289	5.00742470276028e-14	NA	NA
GACTA	1207	1386	3210	205	326	737	1340952	0.218507668447355	-39.281323492527	-34.4104307517409	-25.5702278316021	NA	NA	17.6804058402777	0.000144793362212276	NA	NA
GACTC	1091	1222	4371	203	265	968	1482970	0.214841412327947	-31.9323205761611	-28.2943075075746	-25.6388801783323	NA	NA	5.31085465848446	0.0702688043335032	NA	NA
TTCTC	9375	3246	3793	2299	733	958	4162724	0.243085171195321	-103.181691303849	-31.6696530133486	-28.8485379144549	NA	NA	5.64223019778728	0.0595395132327712	NA	NA
GTCTC	4458	2268	1313	1237	574	342	2477379	0.267819380519965	-112.330095566809	-28.6580053418875	-26.8206853121519	NA	NA	3.67464005947113	0.159243622928679	NA	NA
TGCTC	7793	1455	1235	1912	309	315	2089280	0.241915482209291	-73.3700895830989	-30.0744889378548	-26.7134322710335	NA	NA	6.72211333364248	0.0346985747339919	NA	NA
GGCTC	5479	1126	1325	1359	240	326	1951354	0.242749054224464	-62.6580313518643	-28.6287198886275	-26.165085233748	NA	NA	4.92726930975914	0.0851249880512507	NA	NA
TCCTC	8923	1551	1385	2004	380	258	2767273	0.222784383168901	-47.971840672195	-33.0155614838004	-26.897989757359	NA	NA	12.2351434528828	0.00220380090238844	NA	NA
GCCTC	7954	1541	1342	1968	386	303	2873057	0.245178554950632	-79.8747714012861	-28.1281269267201	-26.9008865654469	NA	NA	2.45448072254658	0.293100313614823	NA	NA
TACTC	6111	1445	971	1355	256	222	1608413	0.214964231265392	-36.9124750383198	-32.1963944658637	-26.0270646512508	NA	NA	12.3386596292257	0.00209263798606634	NA	NA
TTATC	2040	5436	1864	447	1279	206	2382294	0.206852248394004	-89.1286559849977	-88.0140803605318	-26.6801542043686	NA	NA	122.667852312326	2.3068232340149e-27	NA	NA
GTATC	689	4679	624	158	996	54	1205420	0.201602136181575	-53.078483922407	-53.0353576857597	-24.201858997345	NA	NA	57.6669973768294	3.00448905076884e-13	NA	NA
TGATC	1694	3526	809	465	618	145	1973056	0.203682202687013	-53.0097405165434	-52.7957917079329	-25.4347730316222	NA	NA	54.7220373526216	1.3099676465497e-12	NA	NA
GGATC	1295	2499	827	361	339	132	1267748	0.180047608742696	-75.310337305069	-70.5983791407198	-24.6654898766428	NA	NA	91.8657785281539	1.12615885161739e-20	NA	NA
TCATC	2080	7889	1582	468	1358	307	2335752	0.184659336853952	-46.2915493771434	-39.4075588770211	-27.0457633435726	NA	NA	24.7235910668969	4.27898154505998e-06	NA	NA
GCATC	1009	5489	1184	237	831	221	1381216	0.167794845092424	-64.3319561108947	-43.3907549493015	-25.6077527478337	NA	NA	35.5660044029355	1.89208338578699e-08	NA	NA
TAATC	1098	3480	919	223	765	195	2341859	0.215208295433873	-28.8755710572004	-25.7353151254356	-25.1629907488823	NA	NA	1.14464875310659	0.564212471136174	NA	NA
GCAAA	1680	4770	748	417	755	160	3054992	0.185051403167547	-57.3694678395987	-53.2983136251569	-25.6377623155713	NA	NA	55.3211026191711	9.70901562129855e-13	NA	NA
GCAAC	912	2323	452	206	318	87	1503740	0.165717385408191	-51.1329853832722	-39.6882399320602	-23.6320264711976	NA	NA	32.1124269217253	1.06383700680917e-07	NA	NA
GCACA	1668	6854	844	319	841	185	2203133	0.143604527012599	-145.547864578664	-63.2046792283654	-25.8673075437546	NA	NA	74.6747433692217	6.08955431701667e-17	NA	NA
GCACC	1382	5749	620	206	503	117	1390022	0.106566894594246	-265.272689878941	-61.6161494627595	-24.8262611106038	NA	NA	73.5797767043114	1.05282090266729e-16	NA	NA
GCAGA	1294	7269	906	328	935	153	2706266	0.149540606188615	-142.444180741906	-76.6197607591748	-25.7776322886348	NA	NA	101.68425694108	8.30891195531256e-23	NA	NA
GCAGC	887	4068	767	218	507	151	1893976	0.153093324012583	-95.7058886438608	-61.5836374536157	-24.698976200074	NA	NA	73.7693225070834	9.57624284183409e-17	NA	NA
GCATA	1296	8367	1022	258	1690	246	1629986	0.205334581188582	-30.4042607843876	-29.6237504556775	-26.320253059268	NA	NA	6.60699479281902	0.0367543976546811	NA	NA
GCCAA	1485	956	3637	226	271	804	2130873	0.214050674564001	-53.4720311798155	-50.5000654496253	-25.5513965710998	NA	NA	49.897337757051	1.46194412793267e-11	NA	NA
GCCAC	917	529	3891	179	106	950	2070884	0.231403410155518	-42.3794475793839	-29.7856544554234	-24.5465583316982	NA	NA	10.4781922474504	0.00530504977806187	NA	NA
GCCCA	1452	1269	4904	327	331	1237	2196109	0.248524590163934	-70.2772311829031	-28.4876323379576	-26.330687969923	NA	NA	4.3138887360692	0.115678051101907	NA	NA
GCCCC	1313	843	4193	303	221	992	1335110	0.238777760277209	-49.3589102551341	-26.802204977721	-25.6465262919664	NA	NA	2.31135737150908	0.314843784384857	NA	NA
GCCGA	874	705	13022	120	147	2847	381511	0.213273063488802	-46.559832627885	-40.2197225047275	-25.7612573262304	NA	NA	28.9169303569943	5.25736774329149e-07	NA	NA
GCCGC	537	302	8552	74	45	1755	227523	0.199552763283995	-32.3739036400802	-32.3710503303446	-23.8085837499239	NA	NA	17.1249331608415	0.00019114723167127	NA	NA
GCCTA	810	900	3250	133	213	752	1241639	0.221370967741935	-38.0259218569845	-32.5069768056273	-24.7426557969302	NA	NA	15.5286420173943	0.000424617833573639	NA	NA
TTCGC	8830	404	384	1750	40	55	198174	0.19182782283219	-39.723786409013	-38.1480764332227	-23.5903696878813	NA	NA	29.1154134906828	4.76067233737666e-07	NA	NA
GTCGC	4700	307	324	1073	49	68	169282	0.223222659913712	-33.4590760304127	-26.5182688003406	-23.0245077505242	NA	NA	6.98752209963277	0.0303863723263201	NA	NA
TGCGC	12456	550	905	2291	56	174	230416	0.181223492200417	-49.5511570507661	-37.1509141414426	-25.2159224981442	NA	NA	23.8699832865968	6.55690645446863e-06	NA	NA
GGCGC	14579	628	949	2985	68	179	377589	0.20004951720723	-42.6416489938274	-42.640783727169	-25.6373078199103	NA	NA	34.0069518145174	4.125572659488e-08	NA	NA
TCCGC	15485	392	549	3093	36	57	309957	0.193960793863387	-54.0338367936201	-52.5832024738193	-24.2823557397351	NA	NA	56.6016934681684	5.11797818252844e-13	NA	NA
TACGC	11047	387	413	1810	41	53	140259	0.160715793027771	-77.7120734497439	-29.6032523731701	-23.7093096047174	NA	NA	11.7878855369054	0.00275608862715887	NA	NA
TTAGC	722	2798	596	106	490	138	1843686	0.178328474246842	-35.3759446926415	-30.4040182977915	-23.8611748069525	NA	NA	13.085686981678	0.00144038694333811	NA	NA
GTAGC	452	2546	288	105	441	56	1253051	0.183201460742544	-28.6092688515782	-26.2513123452663	-22.7086985073984	NA	NA	7.08522767573595	0.0289375899745742	NA	NA
TGAGC	674	2939	792	171	484	173	2455788	0.187968217934166	-39.2000034675002	-37.5991079211235	-24.3392934128642	NA	NA	26.5196290165186	1.74315388435284e-06	NA	NA
GGAGC	612	2471	817	147	365	120	1573218	0.162051282051282	-51.0068238265812	-36.0614122264087	-23.8202400766313	NA	NA	24.4823442995548	4.82754669598805e-06	NA	NA
TCAGC	980	6373	1044	200	836	228	2589274	0.150529951173038	-112.211636096239	-56.2191983610392	-25.5400711372495	NA	NA	61.3582544475794	4.74487020735387e-14	NA	NA
TAAGC	604	1960	550	97	273	174	1505682	0.174694926140013	-61.831846088171	-56.6624588817358	-23.3331083729863	NA	NA	66.658701017499	3.35155992316155e-15	NA	NA
GGAAA	2236	8618	1159	346	1422	269	4098565	0.169566303171564	-69.9257516786456	-40.7741644233465	-26.7778155729175	NA	NA	27.9926977008581	8.34570304091491e-07	NA	NA
GGAAC	653	2165	532	77	298	122	1543903	0.148358208955224	-60.7263647280633	-36.2679936587811	-23.156412679702	NA	NA	26.223161958158	2.02168147574737e-06	NA	NA
GGACA	1020	4676	1110	108	683	275	1927050	0.156626506024096	-95.7001179791987	-61.2534706406295	-25.1205984503031	NA	NA	72.2657443806529	2.03092082296781e-16	NA	NA
GGACC	689	2324	643	78	310	133	971477	0.142505470459519	-67.9811000674963	-34.4921656697989	-23.381766833365	NA	NA	22.2207976728678	1.49559875030037e-05	NA	NA
GGAGA	1156	4671	1062	261	724	220	3164574	0.174916533604297	-53.0612948909402	-41.8301909863949	-25.5196845903993	NA	NA	32.6210127919912	8.24967947401045e-08	NA	NA
GGATA	943	3982	1721	153	803	443	1657463	0.210502557929582	-42.3565026894212	-40.5223906822503	-25.7130189239979	NA	NA	29.6187435165048	3.70144725327874e-07	NA	NA
GGCAA	3645	1479	4198	763	277	978	2120858	0.216477150826003	-39.2942754141986	-33.0645182393491	-27.0062501095235	NA	NA	12.1165362596512	0.00233844726969427	NA	NA
GGCAC	1243	744	3800	318	121	967	1564203	0.242958354933472	-62.9204222820699	-37.849714063108	-25.2186355777085	NA	NA	25.262156970799	3.26882983605445e-06	NA	NA
GGCCA	2088	1274	5910	542	263	1579	2252827	0.257118205349439	-104.368487097323	-34.8673250339925	-26.8668171726167	NA	NA	16.0010157227516	0.000335292302645244	NA	NA
GGCCC	1507	845	4361	386	156	1087	1230651	0.242663488753166	-61.7562502622604	-33.0691299643368	-25.7285230178386	NA	NA	14.6812138929963	0.000648656701529075	NA	NA
GGCGA	1016	692	12279	168	88	2489	282359	0.19625366411668	-39.6248079719953	-39.1604993552901	-25.6364313657396	NA	NA	27.0481359791011	1.33835676733108e-06	NA	NA
GGCTA	1145	1006	3777	268	237	842	1441723	0.227226720647773	-36.5187428966165	-25.930159792304	-25.5062585994601	NA	NA	0.847802385687828	0.654488546866132	NA	NA
TTCCC	9849	1884	1743	2907	446	487	2799127	0.284951024042743	-252.662307836115	-37.7776054218411	-27.7425851002336	NA	NA	20.0700406432152	4.38375272182908e-05	NA	NA
GTCCC	4059	1072	1369	1368	245	368	1395902	0.304769230769231	-200.638033438474	-47.000029977411	-26.0805168785155	NA	NA	41.8390261977911	8.21809007457039e-10	NA	NA
TGCCC	8508	1206	2219	2198	242	626	2099488	0.256934551244448	-126.840690329671	-37.9735742211342	-27.2468185275793	NA	NA	21.4535113871098	2.194973056295e-05	NA	NA
TCCCC	7192	1181	1577	1771	276	334	2075690	0.23929648241206	-66.288056999445	-30.0161989033222	-26.6258843690157	NA	NA	6.78062906861305	0.0336980760315156	NA	NA
TACCC	5107	974	2330	1371	172	639	1215797	0.259422185233623	-110.763650422916	-42.7978915832937	-26.5121554452926	NA	NA	32.5714722760022	8.45657804979032e-08	NA	NA
TTACC	817	3020	903	140	529	96	1595157	0.161392405063291	-54.6229673735797	-35.7986133024096	-24.1644277386367	NA	NA	23.2683711275458	8.85803533188959e-06	NA	NA
GTACC	436	2280	609	89	354	47	892760	0.147368421052632	-65.0595030840486	-39.7987174466252	-22.729544447735	NA	NA	34.1383459977806	3.86324593173108e-08	NA	NA
TGACC	1141	3203	1216	237	475	143	1697042	0.153776978417266	-72.7340748682618	-40.5844483859837	-24.9175446629524	NA	NA	31.3338074460626	1.57018261506955e-07	NA	NA
TCACC	1100	5841	1803	198	646	261	2227975	0.126372369624886	-181.222263649106	-45.1164789944887	-25.7606896311045	NA	NA	38.7115787267685	3.92543225393655e-09	NA	NA
TAACC	841	2177	958	139	346	80	1299272	0.142102615694165	-77.9106306172907	-40.941833216697	-23.7380340322852	NA	NA	34.4075983688235	3.37664144288569e-08	NA	NA
GTAAA	1016	4768	1066	151	1065	201	2814674	0.206861313868613	-39.3539282828569	-38.5341266542673	-25.3415343165398	NA	NA	26.3851846754551	1.86436072630614e-06	NA	NA
GTAAC	425	1679	435	66	329	87	1190480	0.189838519102009	-24.8765451107174	-24.2225234452635	-22.5177797693759	NA	NA	3.40948735177517	0.181818984792835	NA	NA
GTACA	715	4560	656	62	762	143	1589442	0.163041645590963	-66.7718290910125	-45.2628836929798	-24.1184873953462	NA	NA	42.2887925952673	6.5630447389108e-10	NA	NA
GTAGA	411	4331	531	90	862	128	1943816	0.20481699222454	-26.3828638270497	-26.0670818053186	-23.9030543677509	NA	NA	4.32805487513542	0.114861590360075	NA	NA
GTATA	690	14257	1225	118	2400	263	2092883	0.17196388820183	-65.8619111925364	-32.7531753480434	-26.1796028986573	NA	NA	13.1471448987722	0.00139679849633558	NA	NA
GTCAA	1307	1540	2492	251	364	559	1713187	0.219891365424237	-34.1641395352781	-29.0012823790312	-25.5549075752497	NA	NA	6.89274960756302	0.031860929392654	NA	NA
GTCAC	648	681	2553	154	161	646	1484328	0.247552807831015	-45.1524874009192	-24.6863335892558	-24.229290753603	NA	NA	0.914085671305656	0.633153217950436	NA	NA
GTCCA	1120	1047	3165	294	271	1039	1486862	0.300825206301575	-152.912216741592	-35.5750049240887	-25.6453502252698	NA	NA	19.8593093976378	4.87086123364998e-05	NA	NA
GTCGA	340	402	3872	49	63	845	141144	0.2074122236671	-31.0447101646569	-30.4059704095125	-22.9284794158302	NA	NA	14.9549819873646	0.00056567491851146	NA	NA
GTCTA	803	1456	2425	179	378	558	1348659	0.238044406490179	-43.2609673030674	-27.2198521457613	-25.1185309775174	NA	NA	4.20264233648777	0.122294749534626	NA	NA
TTCAC	5410	1202	1202	1156	252	292	2735924	0.217558228820067	-34.0249657854438	-28.107810229063	-26.0319339856505	NA	NA	4.15175248682499	0.125446457687905	NA	NA
TGCAC	6557	822	1811	1602	153	441	2099974	0.238955386289445	-64.8733816966414	-31.9301675260067	-26.2619503997266	NA	NA	11.3364342525601	0.00345401786751078	NA	NA
TCCAC	5788	475	899	1299	103	155	2127977	0.217397375034906	-35.23532461375	-29.9094712175429	-24.7511021271348	NA	NA	10.3167381808162	0.00575107151897453	NA	NA
TACAC	10491	944	1339	1595	141	303	1691433	0.159621105370283	-100.55191039294	-44.9044767431915	-26.1829477958381	NA	NA	37.4430578947067	7.40190122562552e-09	NA	NA
TTAAC	878	1874	1009	145	361	211	2062576	0.190640787024727	-27.5204068347812	-26.7009955085814	-24.2378002628684	NA	NA	4.92639049142599	0.0851624009704928	NA	NA
TGAAC	785	2007	1009	151	336	160	2282763	0.170218363588529	-34.4274647347629	-25.6045304313302	-24.0623888298869	NA	NA	3.08428320288658	0.213922473824805	NA	NA
TCAAC	676	2297	1060	123	376	205	1827746	0.174559880981899	-32.8640756420791	-26.0956900790334	-24.1570607945323	NA	NA	3.87725856900215	0.143901062070495	NA	NA
TAAAC	829	1538	1265	121	291	250	2499049	0.18226872246696	-31.23818256706	-28.3272451758385	-24.1102320104837	NA	NA	8.43402633070946	0.0147426125555087	NA	NA
TAAAA	4590	6101	4393	870	1323	485	7632377	0.177539114293291	-139.091937869787	-119.484654396772	-28.3508054167032	NA	NA	182.267697960138	2.63677014884978e-40	NA	NA
TAACA	1571	5178	1366	190	918	281	2775566	0.171164510166359	-61.4932741820812	-43.873365342617	-25.9323081076145	NA	NA	35.882114470005	1.61546607916536e-08	NA	NA
TAAGA	1208	3951	1103	264	645	168	2796825	0.171989779623124	-47.2879860550165	-34.4790014699101	-25.2901263087988	NA	NA	18.3777503222227	0.000102169724575552	NA	NA
TAATA	1880	7660	1933	357	1787	323	3937040	0.215026584154101	-53.3564790040255	-46.9559214040637	-27.1091525405645	NA	NA	39.6935377269983	2.40246903578235e-09	NA	NA
TACAA	5322	2935	10556	1065	564	2054	3122659	0.195768883219051	-30.0907220169902	-29.2820297256112	-28.8912833705544	NA	NA	0.781492710113525	0.676551738205129	NA	NA
TACCA	2455	1745	6434	604	346	1696	1990172	0.248824525108144	-98.7682780660689	-39.815323907882	-27.3737206794322	NA	NA	24.8832064568996	3.95075748749764e-06	NA	NA
TACGA	699	661	12792	77	72	2158	199467	0.163015828151498	-90.4243307905272	-39.6214724243619	-24.8752120840363	NA	NA	29.4925206806511	3.9425799183512e-07	NA	NA
TACTA	1758	2252	6358	305	436	1274	1967915	0.194347993827161	-30.3997234515846	-29.5929375141859	-26.9595451466739	NA	NA	5.26678473502398	0.0718343598817034	NA	NA
TTCTA	6509	3349	2795	1427	792	627	3476788	0.224926894807556	-48.596476726234	-29.5711777880788	-28.1176628172398	NA	NA	2.90702994167805	0.233747227735436	NA	NA
TGCTA	7782	1650	1245	1886	327	277	2041376	0.233211576285473	-61.0790775381029	-33.0012917295098	-26.736735124141	NA	NA	12.5291132107377	0.00190255681493868	NA	NA
TCCTA	6081	1371	1130	1388	345	170	2079081	0.221743183407131	-53.8221068829298	-43.9450019821525	-26.1026335135102	NA	NA	35.6847369372845	1.78302663185203e-08	NA	NA
TTATA	3776	12575	2069	677	2891	332	4098764	0.211726384364821	-68.0887533649802	-61.7768264859915	-28.3128233030438	NA	NA	66.9280063658953	2.9293284885387e-15	NA	NA
TGATA	2127	5874	1125	527	1206	200	2531973	0.211812404120096	-39.6980881392956	-36.5251099020243	-26.5256631746888	NA	NA	19.9988934546709	4.54250552525773e-05	NA	NA
TCATA	1876	10298	1683	467	2222	358	2586631	0.219888864833658	-44.9190949052572	-31.5286998674273	-27.47990527004	NA	NA	8.09758919477463	0.017443388277806	NA	NA
TCAAA	2532	6320	1161	576	1010	261	4369041	0.184460201737741	-60.3963652104139	-54.2667487338185	-26.7547450736165	NA	NA	55.0240073204041	1.12638958006521e-12	NA	NA
TCACA	2083	5764	1822	376	854	292	3201218	0.157410280277174	-78.7215272337198	-31.6089625731111	-26.5950489193201	NA	NA	10.0278273075819	0.00664484672172546	NA	NA
TCAGA	1210	6082	981	332	1071	206	3110437	0.194488093799106	-50.172168135643	-49.5603019818664	-25.9176441431046	NA	NA	47.2853156775236	5.3966488854956e-11	NA	NA
TCCAA	1927	1092	5395	321	280	1219	2700032	0.21630615640599	-48.7990652993321	-43.2886075228453	-26.3448654860258	NA	NA	33.8874840736389	4.37951815092748e-08	NA	NA
TCCCA	2119	2012	9310	470	548	2352	3892070	0.250725392455918	-113.629633076489	-33.3988932520151	-27.8251595720649	NA	NA	11.1474673599005	0.00379627984492161	NA	NA
TCCGA	514	314	9613	49	54	1939	198923	0.19557513648118	-41.9764671465382	-41.4886755906045	-23.7935328586027	NA	NA	35.3902854640037	2.06584224885177e-08	NA	NA
TTCGA	11419	687	645	2456	122	113	306042	0.211042271194416	-33.6373563176021	-29.7825775640085	-25.3318890826777	NA	NA	8.90137696266174	0.0116705292622885	NA	NA
TGCGA	10394	856	1161	2037	63	185	223690	0.184110869390057	-76.1301372912712	-68.2570169451647	-25.5043151071295	NA	NA	85.5054036760703	2.70855404252437e-19	NA	NA
TTAGA	907	4316	986	165	798	234	2658812	0.192784667418264	-31.6795849204063	-30.8836188167334	-25.1720308735967	NA	NA	11.4231758862734	0.00330741638361521	NA	NA
TGAGA	1663	5513	1383	255	772	297	4008574	0.154690968571095	-91.8932287171483	-44.4203179106116	-26.0868574157357	NA	NA	36.6669209897518	1.09113697516595e-08	NA	NA
TGAAA	2827	6025	1465	475	1097	272	5206496	0.178734128138025	-40.165379524231	-28.1753702163696	-26.8679756522179	NA	NA	2.61478912830353	0.270523971837243	NA	NA
TGACA	1371	5366	1519	167	855	360	2647327	0.167393410852713	-78.9690854027867	-55.8689456284046	-25.9588435515761	NA	NA	59.820204153657	1.02378253110366e-13	NA	NA
TGCAA	4208	1953	7055	963	345	1595	2966194	0.21965799031477	-50.7045802846551	-38.2201368957758	-27.9471677467227	NA	NA	20.5459382981062	3.45546251275484e-05	NA	NA
TGCCA	2575	1423	8786	739	287	2237	2701700	0.255240926157697	-130.979029737413	-41.1118758991361	-27.597567640245	NA	NA	27.0286165177822	1.35148271758639e-06	NA	NA
TTCCA	8252	2686	2264	2758	606	546	3749614	0.29616724738676	-350.374500669539	-84.4768132865429	-28.147086687386	NA	NA	112.659453198314	3.43803719500741e-25	NA	NA
TTACA	1269	5864	1559	225	1168	210	3433885	0.184422457432121	-46.4510446488857	-41.1039492711425	-26.0134201198816	NA	NA	30.1810583025217	2.79425772726843e-07	NA	NA
TTAAA	3082	7084	23226	595	1551	2362	6160934	0.135002395783421	-720.561144635081	-323.352635085583	-29.7380543500185	NA	NA	587.229161471128	3.0535692968926e-128	NA	NA
TTCAA	3121	3093	6606	596	677	1420	4089373	0.2100624024961	-35.0216480791569	-31.76852196455	-28.0345575064421	NA	NA	7.4679289162159	0.0238979055420662	NA	NA
Summary	NA	NA	NA	NA	NA	NA	NA	0.199902570578506	-35273.5159280578	-21670.7274033597	-13060.7247451805	27205.5770493964	-5358.92115277868	17220.0053163584	-2892.29536727483	44425.5823657548	-8195.13932889632
