Context	s1	s2	s3	p1	p2	p3	same	alpha	likelihood_0	likelihood_1	likelihood_2	Chi_stat_0v1	p_0v1	Chi_stat_1v2	p_1v2	Chi_stat_0v2	p_0v2
AAA	55903	92499	36648	9809	17302	5874	87053132	0.178249121858957	-316.340983867645	-91.1255056858063	-35.7640950679779	NA	NA	110.722821235657	9.05409106567151e-25	NA	NA
AAC	27355	68187	19832	3123	12814	3662	32567324	0.16987362837381	-666.514267265797	-392.371754527092	-33.9877895712852	NA	NA	716.767929911613	2.26893271486158e-156	NA	NA
AAG	20205	74745	19964	4569	12243	2956	44655772	0.172024296430374	-474.60752081871	-240.160504341125	-33.9464685916901	NA	NA	412.428071498871	2.76937765045119e-90	NA	NA
AAT	26036	145217	35585	5063	31238	6308	57574278	0.206001798508978	-166.934413075447	-147.89536690712	-35.5922971963882	NA	NA	224.606139421463	1.68809360186249e-49	NA	NA
ACA	55184	42905	159416	9472	7482	30129	45080888	0.182843051591231	-273.463423252106	-80.6603335142136	-36.4873104095459	NA	NA	88.3460462093353	6.54485179572531e-20	NA	NA
ACC	46119	21758	84501	11112	4330	22830	25072498	0.251164866319285	-1155.6612200737	-231.403650164604	-35.4079656600952	NA	NA	391.991369009018	7.58849658184437e-86	NA	NA
ACG	14188	13396	257740	2049	1438	46697	4774356	0.175884257896286	-729.714804932475	-305.055149152875	-34.064847573638	NA	NA	541.980603158474	2.04365402447743e-118	NA	NA
ACT	27170	37091	115615	5700	7742	22394	35471868	0.199226133558674	-60.4382765293121	-60.2323877811432	-35.5147371292114	NA	NA	49.4353013038635	1.84187738797944e-11	NA	NA
TCT	105100	54935	42838	23400	12234	9890	49694377	0.224396543650461	-333.916834235191	-41.4533344507217	-36.4179109334946	NA	NA	10.0708470344543	0.00650344321320323	NA	NA
GCT	85764	22711	20118	19542	4661	4755	30105723	0.22519110682541	-259.449500739574	-62.0961489677429	-34.5578638911247	NA	NA	55.0765701532364	1.09717208674117e-12	NA	NA
CCT	107767	27669	25835	24387	6973	5058	38182202	0.225818653074638	-389.555900931358	-129.863297581673	-35.2388942241669	NA	NA	189.248806715012	8.03792164770302e-42	NA	NA
TAT	37220	180114	28361	5948	37192	3710	47899323	0.190683571094243	-601.960358262062	-548.962188720703	-35.666712641716	NA	NA	1026.59095215797	1.19841477025627e-223	NA	NA
GAT	28248	62681	14186	6958	11513	2286	30060614	0.197469438234315	-275.11305385828	-273.551288485527	-33.9056280851364	NA	NA	479.291320800781	8.3793836693937e-105	NA	NA
CAT	32063	184180	28424	7374	34451	5792	41483661	0.19461962585882	-183.891876578331	-166.679736614227	-35.8958334922791	NA	NA	261.567806243896	1.58954399374653e-57	NA	NA
CAA	30007	77249	13850	6019	11942	2852	42933145	0.171857711426354	-465.844640612602	-215.738032817841	-34.0851833820343	NA	NA	363.305698871613	1.28578947962472e-79	NA	NA
CAC	28724	89114	17395	4466	12224	3398	32598526	0.148543624706987	-1174.68417561054	-195.156186163425	-34.1980357170105	NA	NA	321.91630089283	1.24957821099595e-70	NA	NA
CAG	21650	110951	19161	5316	17190	3762	43525024	0.173086806974078	-748.789633631706	-462.925363779068	-34.523393034935	NA	NA	856.803941488266	8.85906869581958e-187	NA	NA
CCA	31799	20312	87490	6500	5212	19850	40119319	0.226087205679042	-338.715105652809	-109.293824911118	-34.9613796472549	NA	NA	148.664890527725	5.22190775243e-33	NA	NA
CCC	27684	24154	80765	6026	6227	19897	27449883	0.24245303650747	-646.680172741413	-85.3357613682747	-34.9901416897774	NA	NA	100.691239356995	1.36513369291971e-22	NA	NA
CCG	12860	9598	198086	1655	1676	40241	4874626	0.197566018572258	-241.718034282327	-238.720464199781	-33.6203698962927	NA	NA	410.200188606977	8.43647077027044e-90	NA	NA
TCG	135121	11502	8645	29317	1539	1472	4254763	0.208207744029678	-291.050207518041	-264.813430704176	-33.0662524625659	NA	NA	463.494356483221	2.25672839305809e-101	NA	NA
GCG	168260	11114	14001	33298	1003	2546	4132559	0.190546864899806	-467.669692143798	-425.032808661461	-33.5178534016013	NA	NA	783.029910519719	9.27289512578353e-171	NA	NA
TAG	11764	61688	10722	2157	11057	2251	28958613	0.183726566398175	-111.886814296246	-55.2796446681023	-32.7065729498863	NA	NA	45.1461434364319	1.57267691955438e-10	NA	NA
GAG	15628	53127	15581	3133	8453	3249	36622077	0.175903528742174	-273.931565761566	-147.317397713661	-33.196949839592	NA	NA	228.240895748138	2.74232685077868e-50	NA	NA
GAA	23033	59715	13688	3728	9561	3021	44535303	0.169127711642955	-390.951510906219	-149.886097192764	-33.4967941045761	NA	NA	232.778606176376	2.83640287060972e-51	NA	NA
GAC	13517	43289	13870	1527	6583	3054	20617919	0.157960269398381	-619.89261418581	-284.762711286545	-32.4479361772537	NA	NA	504.629550218582	2.63685025609636e-110	NA	NA
GCA	35508	19873	74093	8055	3607	16800	31403853	0.219827919118896	-241.699527144432	-117.303932249546	-34.7619295120239	NA	NA	165.084005475044	1.42057342463255e-36	NA	NA
GCC	27280	20025	73628	7378	4068	18618	24595623	0.248600464720134	-816.23015332222	-151.651933431625	-34.6978532671928	NA	NA	233.908160328865	1.6124577668819e-51	NA	NA
TCC	88270	25560	25065	28184	5948	6538	33619913	0.292811116310882	-2969.65867054462	-353.011942267418	-35.2054418325424	NA	NA	635.613000869751	9.51460028846724e-139	NA	NA
TAC	11524	60507	14288	2160	11584	1680	25187642	0.178686036677904	-332.819291591644	-232.065634131432	-32.7075601220131	NA	NA	398.716148018837	2.62959299921371e-87	NA	NA
TAA	24418	70907	41978	4238	14412	5529	47431996	0.176099575391652	-636.721310853958	-434.036494374275	-34.7432422637939	NA	NA	798.586504220963	3.88279040028102e-174	NA	NA
TCA	30120	30669	84396	6307	6493	19798	43893394	0.224527327203223	-292.631041169167	-81.0989311933517	-35.2158764600754	NA	NA	91.7661094665527	1.18370236814435e-20	NA	NA
Summary	NA	NA	NA	NA	NA	NA	NA	0.199902570578506	-16949.1365963891	-6774.94123800844	-1104.59112022817	20348.3907167614	-4372.01236710481	11340.7002355605	-2380.15250184947	31689.0909523219	-6744.47844580396
