	s1	s2	s3	p1	p2	p3	same
AAA	0.000675320406795981	0.00111632516613419	0.000441004759338213	0.00014160461495834	0.000248386732355716	8.38306654017816e-05	0.997293527655016
AAC	0.000880274556860639	0.0021937602731698	0.000638793048696243	0.000119838676775518	0.000486020905503977	0.000138400064068894	0.995542912474925
AAG	0.000476798024864852	0.00175432470499183	0.000468113138571893	0.000126902040332076	0.000340675269779583	8.26961923627744e-05	0.996750490629097
AAT	0.000474580286897809	0.00264647426294311	0.000647000863399928	0.000110024042899346	0.000677784075654068	0.000136276243012708	0.995307860225193
ACA	0.00127809610281492	0.000990933751581673	0.00370052304838667	0.000260457772878707	0.000202928355317899	0.000827797862029694	0.99273926310699
ACC	0.00191583408370168	0.000902381603432795	0.00351302220926703	0.000542014795622462	0.000210702165858348	0.00111197543552371	0.991804069706594
ACG	0.00291886437682099	0.00275506353985155	0.0532464269107749	0.000484748713468695	0.000347954466107121	0.0113081287486321	0.928938813244345
ACT	0.000803052490530319	0.00109220070399842	0.00341527780813381	0.000197463655422979	0.000265078214885963	0.000780215413877881	0.993446711713151
TCT	0.0022113108895393	0.00115323990613737	0.000903594181612739	0.000582867103056791	0.000299142374430383	0.000248023868277721	0.994601821676946
GCT	0.00298064247774382	0.000784548294411239	0.000698437320430037	0.000793734346125274	0.000187785366513881	0.000192411435722387	0.994362440759053
CCT	0.00294695990668655	0.000756020906885848	0.000708287576950127	0.000782206494541634	0.000221287757174714	0.000159797222978043	0.994425440134783
TAT	0.000814452762030308	0.00393840305173479	0.000621868403192007	0.000154382892981032	0.000970972945062018	9.73608244444893e-05	0.993402559120555
GAT	0.000984281509282001	0.00219015224229809	0.000494691564960559	0.000284166895080136	0.000474318209810841	9.44462366371495e-05	0.995477943341931
CAT	0.000806277392408478	0.00464563997295573	0.000715770762337034	0.000218355323859221	0.00102968346975754	0.000173090040213333	0.992411183038469
CAA	0.000733463797059013	0.00188874937016925	0.000338014587743851	0.000171978850687256	0.000349691877416595	8.29017920901986e-05	0.996435199724834
CAC	0.000919617167412426	0.00286992242468495	0.000559628919314424	0.00016694222208463	0.000460648179739009	0.000126183651037999	0.994897057435727
CAG	0.000520856048183726	0.00267873728000794	0.00045967039282884	0.000148685261217671	0.000484222452737513	0.000105347328815968	0.995602481236208
CCA	0.000829600400412187	0.000530075564745043	0.00228046415528114	0.000198582881187671	0.000158201135444346	0.000601606106375198	0.995401469756554
CCC	0.00105440462803855	0.00091389942637665	0.00306945925341909	0.00026735822264686	0.000274021355921548	0.00088579838604427	0.993535058727553
CCG	0.00263469152566912	0.00197382939248555	0.0406583946031928	0.000390367914948834	0.000392313916518868	0.00956148411420538	0.944388918532979
TCG	0.0320723741597651	0.00272400317038763	0.00204575992169926	0.00807026176857836	0.000422973469726332	0.000404064597210626	0.954260562912633
GCG	0.0406930808582874	0.0026868183390365	0.00338545528643313	0.00929155050413945	0.000279638148236182	0.000708493046063967	0.942954963817803
TAG	0.000426488145260768	0.00223413300979013	0.000388839631509838	9.3605079892624e-05	0.000476628807541486	9.72529249178512e-05	0.996283052401087
GAG	0.000447452112738652	0.00152154414795488	0.000447043629889703	0.000103264464214288	0.000281907630154618	0.000108002865262096	0.997090785149786
GAA	0.000542263336075446	0.00140832581508769	0.000321671390389309	0.000105021386264829	0.000268410384516466	8.46397565994429e-05	0.997269667931067
GAC	0.000686143254131606	0.00220741700422696	0.00070483912397241	9.14986498151983e-05	0.00039382101018664	0.000180919980759196	0.995735360976908
GCA	0.00118351973013951	0.000660894095705411	0.00246560801734021	0.000315888304050192	0.000139187293850802	0.000655317732464405	0.994579584826449
GCC	0.00115446068998514	0.000850580806590961	0.00312361849820299	0.000362190876976331	0.000199219125682618	0.000917135350201361	0.993392794652361
TCC	0.00274095949055781	0.000792882067586961	0.00077871025108731	0.00102915790592979	0.000216038839416396	0.000239500740218532	0.994202750705203
TAC	0.000480201475836601	0.00251856658435941	0.000593450572246023	0.000107199127222746	0.000575419291532791	8.41855189440154e-05	0.995640977429858
TAA	0.000539905908956685	0.00157130773254268	0.000928782721027448	0.000111317773414248	0.000383035675602443	0.000146490659917731	0.996319159528539
TCA	0.000718360664613064	0.000727709178268599	0.00201782675329955	0.00017884705007992	0.000180526152047176	0.000556644992712584	0.995620085208979
