	s1	s2	s3	p1	p2	p3	same
AAAAA	0.00102891394974898	0.00124456709600248	0.000673284877469558	0.000158760574107322	0.000267226767867668	9.93768479145068e-05	0.996527869886889
AAAAC	0.000639086576880755	0.000747867270817905	0.000333036278361428	0.000123424248890228	0.00015752281256668	8.09579395263019e-05	0.997918104872957
AAAAG	0.000491978754140027	0.00125402612719002	0.000262792876771275	0.000126979023515718	0.00022294952696416	6.09776484004541e-05	0.997580296043018
AAAAT	0.000587323930476846	0.000656045404682251	0.000674236383148388	0.000154357366984587	0.000154676506957677	0.000131804808886219	0.997641555598864
AAACA	0.000893514846724643	0.00188596048416286	0.000504620861587518	0.000129569804255464	0.000435590794932898	0.000137321843826303	0.99601342136451
AAACC	0.0014843633208026	0.00179611243386726	0.000699338946032765	0.000187778705530174	0.00039451759103621	0.00014949372673276	0.995288395275998
AAACG	0.000704211908393061	0.00164811040006448	0.000413618440170623	0.000108177130506163	0.000303320189458457	0.000103934890094157	0.996718627041313
AAACT	0.000947376241499168	0.00158161970422914	0.000750671016619472	0.000135624388256723	0.000347786804445089	0.000176012533289056	0.996060909311661
AAAGA	0.000364545394126871	0.00183506492395544	0.000382805565042071	0.000107586952959826	0.000383299083174914	6.67894539781181e-05	0.996859908626763
AAAGC	0.000354189016404767	0.00135543378815197	0.000408815183113959	9.86795269585419e-05	0.00026255802708612	7.82387678028439e-05	0.997442085690482
AAAGG	0.000427614579427888	0.00165776647380101	0.000455118563886689	0.000109436906583441	0.000306307532183281	8.8302265894046e-05	0.996955453678224
AAAGT	0.000558924911507665	0.0013639049891753	0.00068984203899358	0.000154832308966393	0.000290187305180645	0.000136587737527678	0.996805720708649
AAATA	0.000463978762565087	0.00177926210370966	0.000528321550480978	0.000117517596864133	0.000485045631981335	0.000119801956198425	0.9965060723982
AAATC	0.000498707093777799	0.00179146637811989	0.000485188810740805	0.000109615642886929	0.000428470797129069	0.000129599191724225	0.996556952085621
AAATG	0.000411249950826849	0.00195664028820339	0.000424964297585445	9.34741002756945e-05	0.000479280328826727	0.000112962908827384	0.996521428125455
AAATT	0.000485228157657612	0.00159171268650244	0.00156691112184324	0.000108031355264003	0.00038982581998081	0.000254406233804807	0.995603884624947
AACAA	0.00339040137934957	0.00112153710539826	0.0026680591831251	0.000490231627831314	0.000276196146435538	0.000626015208201857	0.991427559349658
AACAC	0.00101652840098496	0.000595967965573349	0.00321622235660852	0.000205477392475184	0.000110673798792528	0.000737964537609045	0.994117165547956
AACAG	0.000951868411422941	0.0017162229705444	0.00360403574007525	0.000222611765730527	0.000406875811233022	0.000744205756967748	0.992354179544026
AACAT	0.00104619508686062	0.000544031912351984	0.00388489551263952	0.000186054203791371	0.00011147551450791	0.000977373349030621	0.993249974420818
AACCA	0.00233660806716986	0.000940286470894397	0.00281056430533763	0.000551360193395498	0.000252420780102227	0.000939905170622339	0.992168855012478
AACCC	0.0031784200058791	0.000807713799194405	0.00348190853501903	0.000843200241519667	0.000195969905378315	0.00114139228673045	0.990351395226279
AACCG	0.00171544647675373	0.000851142241662974	0.00290002588525374	0.000526479737111118	0.000193042570274077	0.000895015553088901	0.992918847535855
AACCT	0.00289449218886204	0.000998158699671439	0.00359437955992796	0.000832219016855691	0.000251220076769159	0.00116325818156154	0.990266272276352
AACGA	0.00390779655279757	0.00335472093859652	0.0569788773471713	0.000516808360810815	0.000474496565188877	0.0122129975791608	0.922554302656274
AACGC	0.0029962339643863	0.00252605571151337	0.0624322966363817	0.000465568662158487	0.000235089126436464	0.013008264996151	0.918336490902973
AACGG	0.00342873836266212	0.00330573429584016	0.0649230840194654	0.000518923406905141	0.000249852010732105	0.0128193300891011	0.914754337815294
AACGT	0.0037372751359643	0.00234044531213685	0.0419374331799377	0.000564774787337889	0.00033235717937991	0.00917584716218101	0.941911867243062
AACTA	0.00109194533122479	0.00130359450156004	0.0024654046074586	0.000226033094532794	0.000318501178659846	0.000591384769150346	0.994003136517414
AACTC	0.000702753504437059	0.000918626487996784	0.00301882887422027	0.000180671691545074	0.000214176535751789	0.000857130254959141	0.99410781265109
AACTG	0.000999517078654953	0.00117783827262632	0.00377000086481952	0.000227684786293912	0.000272456416539941	0.000649379970320618	0.992903122610745
AACTT	0.00113033425690566	0.00112004972570834	0.00325312577435289	0.00029085939792426	0.000275753992728194	0.000780660196196716	0.993149216656184
TTCTT	0.00297962358546009	0.000851203536006403	0.00163233698383141	0.000575199761432733	0.000208565426793453	0.000473713272212259	0.993279357434264
GTCTT	0.00192264246667329	0.000850512300768666	0.000780157422947729	0.000565965906026208	0.000253277560155375	0.000253277560155375	0.995374166783273
CTCTT	0.00271851496676296	0.00153088880281254	0.000652682482343446	0.000730606229690768	0.000360610626410235	0.000168929583665362	0.993837767308315
ATCTT	0.0020236293829292	0.000869603894518318	0.00136824941232145	0.000577617896532871	0.000248112454246702	0.000409082973343343	0.994503703986108
TGCTT	0.00406509770085836	0.000662668283268114	0.000597072665909622	0.00103976680910577	0.000135157481347962	0.000162921207764813	0.993337315851745
GGCTT	0.00319894198104617	0.000677818478104356	0.000764113650742364	0.0008448899460605	0.000132453055676943	0.000215236215475032	0.994166546672895
CGCTT	0.00315048559137421	0.000633568727741921	0.000613317672517293	0.000896832445662079	0.000133078362904696	0.000130185355015463	0.994442531844784
AGCTT	0.00298013939023623	0.000971346487756198	0.000908470947469904	0.000779092431880801	0.000237798517749443	0.000278506399601466	0.993844645825306
TCCTT	0.0034093172215195	0.000550098231827112	0.000751675323626773	0.000811690933067793	0.000153941383857685	0.000160669591194122	0.994162607314907
GCCTT	0.00284758811922957	0.000542467489791504	0.000663558342598248	0.00076365360399092	0.000176753583532425	0.000144527792059663	0.994861451068798
CCCTT	0.00342610899295537	0.000931803469236679	0.000765253460624291	0.000873949255718692	0.000301543173487693	0.000194600536378686	0.993506741111599
ACCTT	0.00346615454008584	0.000950007207592618	0.00140152800963492	0.000902576598109286	0.000284583656899991	0.000373399798187407	0.99262175018949
TACTT	0.00406025368716836	0.00103215751309733	0.000846926301493463	0.000947501060919	0.000247819101462205	0.000200425959430747	0.992664916376429
GACTT	0.00288916385094941	0.000948936372721649	0.000774758482843954	0.000745252938657022	0.000218436206158093	0.000214153143292248	0.994209299005378
CACTT	0.00341222232820313	0.00110408878703107	0.000695118620947373	0.000873144771518952	0.000289414989736547	0.000194358824935943	0.993431651677627
TTATT	0.00158874665299574	0.00195159508482088	0.000826142030400158	0.000208521051593932	0.0005139055043017	0.00010340401662313	0.994807685659264
GTATT	0.000583515998425158	0.00287600357340281	0.000328996009025337	0.000132683005837691	0.000770067581564799	4.33840891022422e-05	0.995265349742642
CTATT	0.000584130107295478	0.00545890484068033	0.000717813342968659	0.000125392802453139	0.00152233080003026	0.000162008882508326	0.991429419224064
ATATT	0.000894944210778913	0.00253579822955245	0.000369081485113068	0.000113989184307784	0.000611262389637535	4.70343721658332e-05	0.995427890128444
TGATT	0.000861938583572067	0.00154737798870229	0.000416138661983516	0.000219375850742192	0.000337139861649313	7.10695527170154e-05	0.996546959500634
GGATT	0.000895168489407311	0.00174979792522778	0.000376020405208524	0.000237856691963588	0.000337549670682239	6.45315546892516e-05	0.996339075262821
CGATT	0.00062299915494174	0.00148964649424188	0.000373182662118567	0.000154207711619243	0.000379350970583337	7.09355473448516e-05	0.99690967745915
AGATT	0.00108688956528863	0.00198135871674	0.000430882015803876	0.000272119298116376	0.000423261405354876	7.62061044900002e-05	0.995729282894206
TCATT	0.000830296945037475	0.00304402044000677	0.000670744963146384	0.000204380786470763	0.000694364440828147	0.000147260212893439	0.994408932211617
GCATT	0.000727011066448315	0.00355482771740029	0.000610805088250376	0.000200982581509603	0.000757613352521794	0.000151770797148198	0.993996989396721
CCATT	0.000776766617656784	0.00415427025885312	0.000571800246288645	0.000186871426865334	0.000949162088919873	0.00014048256913996	0.993220646792276
ACATT	0.00100553338578776	0.00392715081332171	0.000689009856383545	0.000246184967314389	0.000960609121679295	0.000171225623773407	0.99300028623174
TAATT	0.000760880879312732	0.00137913586299872	0.000487148066413822	0.000159590209203496	0.000381173465551658	0.00012272947846883	0.996709342038051
GAATT	0.00058115484219096	0.00168270456744891	0.000421541892575133	0.000141668298475586	0.000374004307975547	8.72047081727497e-05	0.996711721383161
CAATT	0.000685339928604588	0.00609102114648866	0.000483573185633408	0.000154076421905265	0.00163180937745122	9.77151333728196e-05	0.990856464806544
ACAAA	0.000818270209456611	0.00165857147682994	0.00033487208033405	0.000180838267066359	0.000387746619334163	8.00461770973934e-05	0.996539655169882
ACAAC	0.000898056556924191	0.00145848195102125	0.000433946008649285	0.000170932391211852	0.000303762206054499	0.000100548465418737	0.99663427242072
ACAAG	0.000731345933796744	0.00224633704925113	0.000324761458491057	0.000144244699745379	0.000420081055398822	8.56189299658241e-05	0.996047610873351
ACAAT	0.000833509011219889	0.00192817984824679	0.000548309902938103	0.00021243760457436	0.000398239301541537	0.00013188022546971	0.99594744410601
ACACA	0.000735392979276883	0.00228381024756671	0.000543185338906264	0.000131412036360448	0.000441469616812323	0.000107093794756379	0.995757635986321
ACACC	0.0014091730693582	0.00348558709735245	0.000668347494222501	0.000178152229420236	0.000437634824445363	0.000119505843337798	0.993701599441863
ACACG	0.000734139707670875	0.0034407270636623	0.000581562479269398	0.000130464586604162	0.000442252835946311	0.000145943435862282	0.994524909890985
ACACT	0.00107199402819225	0.00306515303609501	0.000856828295188639	0.000224113218930494	0.000684695708785749	0.000197696831908269	0.9938995188809
ACAGA	0.000388031705986618	0.00222398474166592	0.000374783085690293	0.000117454114550119	0.000442300092969645	8.28038768520361e-05	0.996370642382285
ACAGC	0.000435740233983924	0.00211958542701589	0.00054777410158373	0.000113464087186186	0.000389496467357622	0.000103452550081523	0.996290487132791
ACAGG	0.000502567555604813	0.00274216472087286	0.000495945652999757	0.000147772984449682	0.000535328547440356	9.54948059887093e-05	0.995480725732644
ACAGT	0.000752180119331187	0.00306827957434573	0.000857098793553576	0.000240997405826615	0.000656727791655179	0.000190904655352016	0.994233811659936
ACATA	0.000764185225772312	0.00566175409023689	0.000839523203646958	0.0001890953229523	0.00140921038295405	0.000235018472812145	0.990901213301625
ACATC	0.000825198283141792	0.00395831760863718	0.00107746884483891	0.000192495609327121	0.000856605461505691	0.000282664605275089	0.992807249587274
ACATG	0.000867622054894341	0.00575856205975225	0.000888025261112461	0.000220872803821553	0.00131260626669905	0.000251315682940653	0.99070099587078
ACCAA	0.00190427057023796	0.000977196838739701	0.00195480118241633	0.00045314548985761	0.000315816326114791	0.000476373271262181	0.993918396321371
ACCAC	0.000990212502088837	0.000639425925337701	0.00246747513305261	0.000281734101012724	0.000190584833038019	0.000656458869353176	0.994774108636117
ACCAG	0.00117670783095647	0.000872174933892691	0.0022696577350673	0.000344135829865801	0.000279951766359084	0.000582208632802062	0.994475163271057
ACCAT	0.00109533613560031	0.000634141973242283	0.00262650075462895	0.00028248142444429	0.000200619460625741	0.000672959148574084	0.994487961102884
ACCCA	0.00142742367326642	0.000942630683896062	0.00273294504298163	0.00039990392650136	0.000292485064956226	0.000815900566342814	0.993388711042056
ACCCC	0.00179603245925139	0.000913388832700601	0.0036746926600304	0.000447086539428485	0.000251085850223447	0.00107800379062771	0.991839709867738
ACCCG	0.00124298600752894	0.000898774497751698	0.00265807776994651	0.000393384582602567	0.000270451900539265	0.000797696514721872	0.993738628726909
ACCCT	0.00174378562671265	0.00150552795782785	0.00346694758277012	0.000465660774266869	0.000471630784193368	0.000983423453346815	0.991363023820882
ACCGA	0.00401084751942754	0.00228800619858253	0.0417629497960393	0.000597069346642055	0.000446662564663522	0.00941637610811057	0.941478088466534
ACCGC	0.00260922100970434	0.00187289959596722	0.0463202809349394	0.000543745043990484	0.000468224898991806	0.0103915719518181	0.937794056564589
ACCGG	0.00370247765526725	0.00265335743933182	0.0490896590359298	0.000555117007460976	0.000412518143159074	0.010776399887958	0.932810470830893
ACCGT	0.00372064181071235	0.00211223936128982	0.0358822313515748	0.000558742216365656	0.000494147740485234	0.00862013280624241	0.94861186471333
ACCTA	0.0011838750642225	0.00113661700126991	0.00283306028674739	0.00024174316818054	0.000344135637911145	0.00077854629351377	0.993482022548155
ACCTC	0.000750067015930827	0.000800781774394332	0.00339788881705482	0.000191778498391405	0.000216922790402722	0.000968694504097028	0.993673866599729
ACCTG	0.000984482639444174	0.00103683568383506	0.00252358034290426	0.000222909446820555	0.000300620997088271	0.000665865283346537	0.994265705606561
TTCGT	0.0348544882781819	0.00286439247724691	0.0024088927560945	0.00824863277086904	0.000315345960797825	0.000391262580989894	0.95091698517582
GTCGT	0.026023223256197	0.00355878166139222	0.00251761743979483	0.0065293349490006	0.000394113010435171	0.000364701591745979	0.960612228091434
CTCGT	0.0257415962113949	0.00307969435486214	0.00173160173160173	0.00699613585519626	0.000444521921031988	0.000278915715157326	0.961727534210756
ATCGT	0.0270053214064183	0.00279455453625412	0.00275864320459665	0.00678397701674774	0.000470111978061441	0.000528875975319121	0.959658515882603
TGCGT	0.0432301523656776	0.00334562951082598	0.00368885324779471	0.00932477947072975	0.000314354450681636	0.000882117080994387	0.939214113873296
GGCGT	0.0302066562854654	0.00193987700915833	0.0028460327095815	0.0074076029102554	0.000230937739185516	0.00056744701628441	0.956801446330069
CGCGT	0.0372814871663682	0.00237059776583952	0.00238765242602541	0.00823740086978767	0.000255819902788437	0.000306983883346124	0.949160057985845
AGCGT	0.0337304602596228	0.00397598153730884	0.00381340807000555	0.00775758175501592	0.000342817963661296	0.00065029386921318	0.949729456545172
TCCGT	0.0394275981870548	0.00121938108629597	0.00245290812486915	0.00915808950426925	0.000246139569623548	0.000350819616474942	0.947145063911412
GCCGT	0.0327614209154434	0.00191178357901818	0.00341200263755327	0.00819146158509871	0.000380586545823063	0.000429266220288803	0.952913478516775
CCCGT	0.0346296988060156	0.00206422335671495	0.00262593561061996	0.00828179692580141	0.000390154816751754	0.000356950151496285	0.9516512403326
TACGT	0.0542311590520497	0.00260262396154742	0.00314167876264463	0.0106716005154712	0.000322871365240511	0.000547477532364345	0.928482588810682
GACGT	0.0451580914603913	0.00287959113619894	0.0029940119760479	0.0102864335024219	0.000305122239597239	0.000446241275410962	0.937930508409932
CACGT	0.0398671465592774	0.00255259399492075	0.00283415733833726	0.00891555507805047	0.000368625693025565	0.000546455173078099	0.94491546616331
TTAGT	0.000645599457344082	0.00170397985427658	0.000591904375771605	0.000134237703931193	0.000420751303259333	0.000151017416922592	0.996352509888495
GTAGT	0.000532181207701222	0.0025628726581401	0.000446752119096552	0.00011553934114566	0.000520977392802249	0.000103635287815501	0.995718041993299
CTAGT	0.000491170264318308	0.00277818180755043	0.000581071964483712	0.000106712587188204	0.000651239145100613	0.000136679820576672	0.995254944410782
ATAGT	0.00060055938585963	0.00237263566183528	0.000492467666672049	0.00013500252064507	0.000530591302070158	0.000128723333638322	0.99574002012928
TGAGT	0.000658833561728968	0.00147618051174258	0.000547520189806999	0.000124293376421704	0.000287920099812301	0.000138453381330506	0.996766798879157
GGAGT	0.000572333870629385	0.00184483026626219	0.000644488023969432	0.000128719446390578	0.000293070573442907	0.000154107018862076	0.996362450800443
CGAGT	0.000652154358190159	0.00182795975275961	0.000674642439507061	0.000118865572675054	0.000266644392757553	0.000144566237037227	0.996315167247073
AGAGT	0.000700888275818766	0.00185111422006558	0.000590221705952645	0.000148732730422907	0.000392042210270407	0.000154226815451722	0.996162774042018
TCAGT	0.000650498452613823	0.00252928877938255	0.000708585540931201	0.000158104591380415	0.000543941343581281	0.000207343977503755	0.995202237314607
GCAGT	0.000560790526103944	0.00302625192429196	0.000752836069836178	0.000150391829909033	0.000536236757955531	0.000224491594499781	0.994749001297404
CCAGT	0.000632505548777799	0.0028873855334911	0.000725750738612144	0.000153877530022195	0.000593002660473594	0.000207619831552335	0.994799858157071
TAAGT	0.000664614160562479	0.00135819979071356	0.000655965960685283	0.000105508038501786	0.000277174806064118	0.000191990037273741	0.996746547206199
GAAGT	0.00055956544385743	0.00190830525230406	0.000601660412658255	0.000109276838200121	0.00031082244639801	0.000172206690548829	0.996338162916033
CAAGT	0.000645938247958304	0.00225280133105565	0.000671396068018117	0.000102694257190432	0.00052123807851278	0.000159219247492728	0.995646712769772
AGAAA	0.000527938554344963	0.00174891496979387	0.000271824699479307	9.56194508382616e-05	0.000370017478314633	7.35430053897678e-05	0.996912141841839
AGAAC	0.000451971813173093	0.00121647301464794	0.000354281044585905	6.93158565494161e-05	0.000244429599411099	9.60693450421732e-05	0.99756745932659
AGAAG	0.00058559770470487	0.00163802109287817	0.000300286653691254	0.000117997421097939	0.00026078204662783	7.87510140806813e-05	0.997018564066919
AGAAT	0.00050959464127238	0.00105117220982127	0.000388533338766482	0.000117744554492038	0.000218431547769937	0.000107794310450457	0.997606729397427
AGACA	0.000558378694391784	0.00242156380067842	0.000667977818290998	6.92204993047666e-05	0.000467815207801381	0.000165840779584337	0.995649203199948
AGACC	0.000707892679146833	0.00209503810462005	0.000701948542146363	9.24043115527545e-05	0.000354486715664368	0.00019129313619693	0.995856936510673
AGACG	0.000408879710893134	0.00251522973670625	0.000592669075890552	5.98864223025297e-05	0.000330407847186371	0.000150748580278782	0.995942178626742
AGACT	0.000923544032434101	0.00216450648016075	0.00084977216455832	0.000126409092522284	0.000409932325277312	0.000222113137334108	0.995303722767713
AGAGA	0.000395759176171719	0.00155536269289358	0.000390557294255687	9.55065519783485e-05	0.000332296216796128	8.69754656360559e-05	0.997143542602268
AGAGC	0.000387085032604292	0.00153171117913584	0.000423576342360544	0.000106702437388534	0.000329345618433008	9.14592320473149e-05	0.99713012015803
AGAGG	0.000429356212744334	0.00158588025702612	0.000455398035912342	0.000104835031727621	0.000289798750126036	0.00012086076906178	0.997013870943402
AGATA	0.000589771305404251	0.00280612648507411	0.00100920911735271	0.000121859139586951	0.000684700248397401	0.000301618201850576	0.994486715502334
AGATC	0.000591020775120937	0.00213523495246804	0.00115394635349887	0.00013741105316122	0.000442371643262516	0.00035451030072077	0.995185504921768
AGATG	0.000442094501009648	0.00253405080308452	0.00106147890782959	8.26707028915047e-05	0.000557381379651317	0.00032616175750164	0.994996161948032
AGCAA	0.00178504026410052	0.000914794993465532	0.00175696783601552	0.000444886958129668	0.000225799965031519	0.000465941279193418	0.994406568704064
AGCAC	0.000998615633975594	0.000534040131834999	0.00212138081889438	0.000280814460466743	0.000142377858026121	0.000574438001586355	0.995348333095216
AGCAG	0.00120443954950397	0.000902892891186032	0.00224535205834421	0.000320415163009904	0.00020895121862587	0.00056221155646994	0.99455573756286
AGCAT	0.000935274978281968	0.000625604610839089	0.0024546563892122	0.000274827557452466	0.000146418100409149	0.000617774765897424	0.994945443597908
AGCCA	0.00115496976696786	0.000838958071418643	0.00217935876427584	0.000373978337928073	0.000208492923394901	0.000638256363397244	0.994605985772617
AGCCC	0.00142867719072784	0.000973738449218381	0.00304102530194086	0.000454938741509458	0.000230012506576832	0.000872578157628079	0.992999029652399
AGCCG	0.00101929361404812	0.000842409689701376	0.00204522037525925	0.000322813161932811	0.000172461826238077	0.000658892618191627	0.994938908714629
AGCCT	0.00149830607645296	0.00181846508347139	0.00256888733480795	0.000475003006448555	0.000442955375418959	0.000737730120235731	0.992458653003164
AGCGA	0.00386740331491713	0.00262864504620568	0.0387062408641578	0.000829968040036667	0.000344374798701781	0.00903054777890642	0.944592820157075
AGCGC	0.00350839137426142	0.00227762504538746	0.0425628233119403	0.000712052550421337	0.000297081527659233	0.00983198389157939	0.940810042298751
AGCGG	0.00379582018405314	0.003976048080389	0.0436077946726105	0.000779761510677583	0.000305283987670941	0.00989414369680518	0.937641147867794
AGCTA	0.0009001929763158	0.000999155189546685	0.00196607956652735	0.00023605665541312	0.000246497622864084	0.000522048372548245	0.995129969616785
AGCTC	0.00065621805494052	0.000804960814060371	0.00288104030491293	0.000188601929864386	0.00020804542778855	0.00079766950233881	0.994463463966094
AGCTG	0.000670342718459669	0.00102028656658798	0.0021840304142567	0.000188103025307243	0.000277722791291322	0.000543627591463865	0.995115886892633
TTCCT	0.00328408455036508	0.000615865167978189	0.000557297820636364	0.00117180095728102	0.000149823446688391	0.000163216754801444	0.99405791130225
GTCCT	0.00280436534372408	0.000736589631421198	0.000796936733754501	0.00107914818290142	0.000191690795646962	0.000257954280561962	0.99413331503199
CTCCT	0.00301218105854848	0.000859488082651136	0.000636465035383675	0.00112908842480246	0.00021781734960397	0.000165760372969059	0.993979199676041
ATCCT	0.00267496720988522	0.000773160613986624	0.00118160768458257	0.00102151890151009	0.000220673761127474	0.000386379694483196	0.993741692134425
TGCCT	0.00380685594248296	0.000703510231397354	0.00109825441160751	0.00110667794451855	0.000159756658657533	0.000320675183923484	0.992804269627413
GGCCT	0.00344198092862104	0.0008661905234403	0.00135573244989662	0.00101603996525113	0.000194905523976923	0.00040499849138062	0.992720152117433
CGCCT	0.0030758961591889	0.000499119024853722	0.000653966192202919	0.000920062780754451	9.77190861912408e-05	0.000237532547972554	0.994515704208836
TCCCT	0.00338534811540793	0.000530554858352056	0.000683259429762359	0.000922689314557133	0.000149983777264908	0.000157806060432919	0.994170358444223
GCCCT	0.00303740853327676	0.000576754008928103	0.000965727642856359	0.00089561484050252	0.000167661049107007	0.000210948083603725	0.994145885841726
CCCCT	0.00371033391419615	0.00177958608106815	0.00127060437745407	0.00109037305769041	0.000558135699913267	0.000345135049283488	0.991245831820394
TACCT	0.00421456058829308	0.000843957265975615	0.00159698662837243	0.00122804927247226	0.000154681950915654	0.000436871996505024	0.991524892297466
GACCT	0.00349489055554707	0.000821177081583088	0.00203094688927246	0.0011144546107199	0.000168023584401301	0.00059938595017337	0.991771121328303
CACCT	0.00411602409204025	0.000918929803681129	0.00144864812877941	0.00124202041331554	0.000188970437960592	0.000400482081244515	0.991684925042979
TTACT	0.000632670286905144	0.00176990819931728	0.000623706835378743	0.000126608752810416	0.000419041358859251	0.000115777915549348	0.99631228665118
GTACT	0.000589672102834867	0.00260623555632314	0.000592961765891129	0.000140633095655178	0.000602008339295848	8.63536552268634e-05	0.995382135484773
CTACT	0.000524655396796195	0.00307298160980629	0.000721344389707669	0.000120829727747003	0.000811285314872731	0.000129006175489281	0.994619897385581
ATACT	0.000565456580727894	0.00253724840060363	0.000653131132790637	0.000125312617342204	0.000580511806839678	0.00010184417663854	0.995436495285057
TGACT	0.000830602311244886	0.00170469828698302	0.000758394382814344	0.000197621698862535	0.000311211948849761	0.000109789832701408	0.996087681538544
GGACT	0.000772405049707197	0.00205891491440529	0.000754311555004848	0.000196532787284141	0.000381211215970192	0.000106065313772394	0.995730559163856
CGACT	0.000862912645879592	0.00230986982647037	0.00111547244467362	0.000184158186620645	0.000320961410967409	8.4186599598009e-05	0.99512243888579
TCACT	0.000589976121331048	0.00248189433957858	0.000800155114555233	0.000145650354953602	0.000420050707218512	0.000172383647951415	0.995389889714412
GCACT	0.000592841303449054	0.00263395933299089	0.00128390483468848	0.000166877560480587	0.000543229055738609	0.000292662148110099	0.994486525764542
CCACT	0.000638552593228679	0.00290952767479104	0.000912385883208339	0.000159050523221376	0.00056255308213275	0.000175112275566392	0.994642817967851
TAACT	0.000760772265629317	0.00138760263905312	0.000700211080044647	0.000144993203443589	0.000301921823024302	0.000110071059931261	0.996594427928874
GAACT	0.000712317893994996	0.00197722718358136	0.00081509455452769	0.000163730783878925	0.000418225371864644	0.000122353167300827	0.995791051044852
CAACT	0.000937920303342776	0.0038980589410975	0.00105371912219482	0.000150388076431231	0.000973010854510063	0.000165426884074354	0.992821475818349
ATAAA	0.000442614088680178	0.00162954980807092	0.000746565365529831	9.04973043769881e-05	0.000448447799210265	0.000143898193075475	0.996498427441056
ATAAC	0.00042787784087643	0.00136111140269453	0.000380391398255798	6.74807342503715e-05	0.000280919797397843	9.54727425320071e-05	0.997386746083993
ATAAG	0.00042586254336909	0.00215638367548466	0.000351518418150957	7.67683901708986e-05	0.000396771363935907	6.94955953126029e-05	0.996523200013576
ATAAT	0.000652893902762335	0.00132491298045407	0.000474612099684808	0.000118048493529755	0.000326446951381167	8.68326907714216e-05	0.997016252881416
ATACA	0.00047900826670097	0.00254258039327199	0.000399737758489561	5.95234065217342e-05	0.00062823993518437	0.000108891160745921	0.995782019079085
ATACC	0.000687713637880344	0.00262868192817301	0.000468328389502087	5.97726275521598e-05	0.000499856808430699	9.91831512129245e-05	0.995556463457249
ATACG	0.000439120068437676	0.00226065516714211	0.000387076208474692	6.18020837060433e-05	0.000497669410896033	0.000113845943669027	0.996239831117674
ATAGA	0.000317491543768502	0.00222594126441445	0.00036894827688203	6.75588400742237e-05	0.00050231572801301	7.63099851615584e-05	0.996441434361686
ATAGC	0.000354356200336793	0.00182558377555709	0.000415580046468281	7.66844133364089e-05	0.000398264211198769	8.28686402183774e-05	0.996846662712884
ATAGG	0.000313220086738785	0.0022674281421413	0.00040593798717759	8.38027177043048e-05	0.000417230551974624	9.45009369857054e-05	0.996417879577278
ATATA	0.000554819026627522	0.00419643951705288	0.000599775075319436	6.78854389885936e-05	0.00100636552372984	0.000107786189032421	0.993466929229249
ATATC	0.000635198092419379	0.00290394777125787	0.000542789940293107	7.5567414121952e-05	0.000701697416846697	0.000111839772900489	0.995028959592161
ATATG	0.000403190507671758	0.0043186880526024	0.000545013160953964	5.7419348563371e-05	0.000887646650741949	0.000117662599515105	0.993670379679951
ATCAA	0.00134545140726523	0.0010588238148365	0.00151319959920659	0.00031851361238453	0.00027934926178665	0.00043323396679071	0.99505142833773
ATCAC	0.000622619798380935	0.000497251608469655	0.00188305553937448	0.000162092205137816	0.000138875873672765	0.000514980443406604	0.996181124531558
ATCAG	0.000657062139670446	0.000878639514915992	0.00183738777318999	0.000168313583119213	0.000235639016366898	0.000481078570485041	0.995741879402252
ATCAT	0.00131961331371068	0.000745251618918108	0.00210379352538326	0.000336171491667797	0.000185075767247923	0.000530484552111695	0.994779609730961
ATCCA	0.00115446450850766	0.000835052132521786	0.00204044889875773	0.000366001572977634	0.000244001048651756	0.000882036153216866	0.994477995685367
ATCCC	0.00122374745848367	0.000768331237439327	0.00287303975147006	0.000440235680342865	0.000224280246492805	0.00110083404828783	0.993369531577483
ATCCG	0.00100091921152078	0.000727198447553876	0.00205494842202022	0.00034317230109284	0.000200183842304157	0.000947809212542131	0.994725768562966
ATCGA	0.00296196335856911	0.00339653713318543	0.0294976479647462	0.000651860661924476	0.000655672712579005	0.00763172541036725	0.955204592758629
ATCGC	0.00221309377399599	0.00220060805453762	0.0312049343563299	0.000483821629011818	0.000399543022667824	0.00780981752121012	0.955688181642247
ATCGG	0.00270437897065972	0.00311227084020138	0.0368611323748806	0.000664919622951461	0.000352016270974303	0.00929769960160698	0.947007582318726
ATCTA	0.00121576704379402	0.00130582386185284	0.00177385953647583	0.00029831320981983	0.000333383413006196	0.000494879533852055	0.994577973401199
ATCTC	0.000932434694055044	0.000900556584856581	0.00200762787712929	0.00026334090207426	0.000255024873587704	0.000635829678034562	0.995005185390263
ATCTG	0.00085907439876012	0.0010483176054526	0.0020158515495503	0.000245716969954462	0.000286856797496305	0.000489563947747931	0.995054618731038
TTCAT	0.00217496276218346	0.00050500518117512	0.000947456123614875	0.000532913995380129	0.000104417460042879	0.000237465513968482	0.995497778963635
GTCAT	0.00195140573190778	0.00053690316175714	0.000814685234523247	0.000602483190452401	0.000108766876860433	0.000220199608545878	0.995765556195953
CTCAT	0.00324878480634986	0.000621527924561393	0.000648778727324624	0.0010201582572902	0.000130314736290837	0.000172588417500466	0.994157847130683
TGCAT	0.00327940729556896	0.000531378797017246	0.000951171634633842	0.000795094810391774	8.39585675233191e-05	0.000238600202576954	0.994120388692288
GGCAT	0.00270612688717389	0.000508349493220698	0.000803251081469385	0.000730629725295	8.34164226327401e-05	0.000209031741420866	0.994959194648787
CGCAT	0.00354551813730389	0.000407714599780154	0.000671529929049665	0.000883381632857	4.79664235035475e-05	0.000111921654841611	0.994331967622664
TCCAT	0.00263722778326096	0.000281613519569323	0.000593707561256738	0.000673553276805217	6.36115244203648e-05	0.000134843179370253	0.995615443155317
GCCAT	0.00210675369977033	0.00034339591921315	0.000603903168271401	0.000617717946630551	8.09151303893054e-05	0.000132227164294719	0.996115086971431
CCCAT	0.00273634442061823	0.000445410716371819	0.000737684153048023	0.000725870705757218	0.000133885735962452	0.000195578182925543	0.995025226085317
TACAT	0.0054555306955705	0.000596940150471419	0.00109632212101142	0.00108698486946683	9.20846186811358e-05	0.000178373701920801	0.991493763842878
GACAT	0.00367498790842458	0.000638737767178902	0.000748897574545804	0.000975836233499077	8.5574785980297e-05	0.000158384272394472	0.993717581457977
CACAT	0.00431862927489164	0.000559348888324886	0.000743847778251431	0.000983480727104273	0.000107188002828778	0.000169714337812231	0.993117790990787
TTAAT	0.000755381327641477	0.000959277844162386	0.000796066561041843	0.000104417593235621	0.000249755594631148	0.000170266525906734	0.996964834553381
GTAAT	0.000354563721187102	0.00141988881894743	0.000562481848012258	9.35427328938323e-05	0.000330054708201819	0.000112741459732304	0.997126726711025
CTAAT	0.000344743552403992	0.00176809854118001	0.000660164090005805	8.12326761411705e-05	0.000464016896396637	0.000152955185319472	0.996528789058553
TGAAT	0.000393181146450242	0.000900206352498526	0.000575710220627624	0.000113573646154815	0.000176579978426415	0.000132232173737392	0.997708516482105
GGAAT	0.000427940703441118	0.00124235654827779	0.000478262987476998	0.000106280663883777	0.000219405158396434	0.000114332229329518	0.997411421709194
CGAAT	0.000474073410454252	0.00103400263540022	0.000574860670944526	9.70543989906343e-05	0.000205307382480188	0.00016051304448451	0.997454188457246
TCAAT	0.000450859212938871	0.00182458207716359	0.000733273409914889	0.000118628298475967	0.00035731847003184	0.000194607752484743	0.99632073077899
GCAAT	0.000362676769827539	0.00227948199461928	0.000688383907633948	9.87416753982074e-05	0.000337406388446007	0.000189995830387072	0.996043313433688
CCAAT	0.000420090114637588	0.00206304182651744	0.000703183332684578	9.35218666762379e-05	0.000395824981662131	0.000176933261279369	0.996147404616543
TAAAT	0.000459574405354208	0.000657482549440182	0.000894272088686435	9.96911601028975e-05	0.000156078396686052	0.000229971474692081	0.997502929925038
GAAAT	0.000344324979477282	0.000863412407500813	0.00050077467468298	0.000103094018806067	0.000164814780064963	0.000135650024744825	0.997887929114723
CAAAT	0.000513009877429953	0.0017122036294665	0.000690284094595452	0.000104676204421533	0.000474660761063539	0.000177515406576608	0.996327650026446
CAAAA	0.000693144615873603	0.00165766963204068	0.000274171366297706	0.000118205619002604	0.000432107207242852	5.12224349011284e-05	0.996773479124641
CAAAC	0.000712198470027428	0.00148558368161004	0.000365600281839053	0.000127694069332559	0.000390303003584935	7.98087933328494e-05	0.996838811700273
CAAAG	0.000512471491070401	0.00162525900622696	0.000263533599047279	0.000109467802681177	0.000385705072656889	6.18966094172583e-05	0.9970416664189
CAACA	0.000766546562396302	0.00301980805961492	0.00050460777115564	9.53692357135578e-05	0.000734539079177369	0.000109413335493294	0.994769715956449
CAACC	0.00121382455327477	0.00342138794222902	0.000815109707548148	0.000118273211117682	0.00075902138062636	0.000128027702756254	0.993544355502448
CAACG	0.000686038922510977	0.00424231636406788	0.000619289189509909	0.000100124599501602	0.0010123709505162	0.000114957873501839	0.993224902100392
CAAGA	0.000391660689677404	0.00217137975775061	0.000399397197127822	0.000102186369240936	0.000484498779082418	6.02802872178391e-05	0.996390596919903
CAAGC	0.000567609174779325	0.00217795793600691	0.000503926194194327	9.02637029161267e-05	0.000402033425258331	8.02959320419532e-05	0.996177913634803
CAAGG	0.000535432043891699	0.00206192820748678	0.000454774011638782	0.000127851561762601	0.000406293385869742	8.36612568580779e-05	0.996330059532492
CAATA	0.000378473920177775	0.00549609953649465	0.000471840359843559	7.90574067668132e-05	0.0014902857764278	9.80168753579494e-05	0.991986226124931
CAATC	0.000486039224300092	0.00662695788516856	0.00053978394621789	8.99639910363151e-05	0.00176247636984781	0.000109826170875502	0.990384952412554
CAATG	0.000459649512202504	0.00905618498975978	0.000638424520021388	8.51501730243445e-05	0.00221915071782403	0.000129541258487273	0.987411898828681
CACAA	0.00171036016184973	0.00100483659508671	0.00261760967512123	0.000384831036416189	0.00024758842665486	0.000642419552727024	0.993392354552144
CACAC	0.000777697544127897	0.000673104134517804	0.0034829919494484	0.000178405575551149	0.000113388050658389	0.000807536504827473	0.993966876240869
CACAG	0.000690591087743573	0.00149732419432344	0.00353935758750174	0.000184074143061297	0.000275798163328236	0.00072471367548793	0.993088141148554
CACCA	0.0011944679127667	0.000967043307444507	0.00307837775226944	0.000345372609801609	0.00024697399832983	0.000979424589682677	0.993188339829705
CACCC	0.002036278502016	0.000969322640743294	0.00395589782257891	0.000596814353184921	0.000207282837431676	0.0012537106882341	0.990980693155811
CACCG	0.000982887026358182	0.000754091471528961	0.00287862162351458	0.00029650036187052	0.000210118366679896	0.000996894917470175	0.993880886232578
CACGA	0.00240707285810886	0.00284862186247893	0.0441523772998395	0.000433979592866587	0.000449118415873561	0.0104281259146372	0.939280704056195
CACGC	0.00236235139036648	0.0022656364737025	0.0492887871591247	0.00054984221140448	0.000404769836408509	0.0109807250753123	0.934147887853681
CACGG	0.00239418115970775	0.00253419175384271	0.0514935630129346	0.000487703569570097	0.000305689797194654	0.0113105224962022	0.931474148210548
CACTA	0.000647745345611948	0.00145591924050954	0.0029468191421415	0.000161031664132579	0.000366693826938607	0.000715897323315998	0.99370589345735
CACTC	0.000493921927437797	0.00111349466897864	0.0034286680328337	0.000158091569744198	0.000294708273078057	0.00093210058461897	0.993579014943309
CACTG	0.000597551243026898	0.00108466193623261	0.00385369650381621	0.000173681646785825	0.000276101374552955	0.000674366038852245	0.993339941256733
TTCTG	0.00206920488499485	0.000767524024000498	0.000600867090858416	0.000509466920972802	0.000187785803583172	0.000177102666843295	0.995688048608747
GTCTG	0.00187628298137409	0.00115575699740579	0.000499786809688992	0.000471153190383894	0.00029310413943219	0.00014837420912642	0.995555541672589
CTCTG	0.00185648686252635	0.0015091249002352	0.000388068442247139	0.00050448897492128	0.000351975363352824	0.000101766199889984	0.995288089256827
TGCTG	0.00292270742847485	0.000702431187338913	0.000595203658094421	0.000749078191586516	0.000147816480992406	0.00015629775449197	0.994726465299021
GGCTG	0.0021104952451138	0.000696494790400853	0.000668271228430535	0.000539697223899085	0.000171536537752934	0.000174986084215973	0.995638518890187
CGCTG	0.00281547150132591	0.000771134066373007	0.00056864202736139	0.000685144296381772	0.000158110222241947	0.000152562495145739	0.99484893539117
TCCTG	0.00228816717972617	0.000487865837985976	0.000466310244473173	0.000574088212037189	0.000141339208096608	0.000100410865983691	0.995941818451697
GCCTG	0.00204545217250578	0.000628742436819053	0.000557939578080218	0.000570664515825907	0.00019054778573032	0.000115503281076256	0.995891150229962
CCCTG	0.00250807625682575	0.000890469153174829	0.000583437901947882	0.00061955922562164	0.000242248442464228	0.000128780371358617	0.995027428648607
TACTG	0.00447544577039139	0.00105551551837706	0.000692182288329657	0.000761650402465268	0.000238890349329658	0.000153429575824696	0.992622886095282
GACTG	0.0035172485662419	0.00101216614494242	0.000755382242414367	0.000621808553206949	0.00021072400969791	0.000175027592754549	0.993707642890742
TTATG	0.000825601228162382	0.00252155656979517	0.000599330640045025	0.000215171872560968	0.000656614333239293	9.80983245951833e-05	0.995083627031602
GTATG	0.000743865045491695	0.00558575025069218	0.000397372063262663	0.000170670335112813	0.00109615437872456	6.82681340451252e-05	0.991937919792671
CTATG	0.00059737880295613	0.00779437104809426	0.000777540664165121	0.000144866993662201	0.00200074487974196	0.000171733236123191	0.988513364375257
TGATG	0.000875131472127173	0.00223199006663217	0.000496079572929953	0.000274168606700902	0.000454862279036664	8.39066339970544e-05	0.995583861368576
GGATG	0.00122475906963107	0.00259205036681687	0.000650557810053409	0.000348694913839268	0.000489700010384491	0.000116061956723143	0.994578175872552
CGATG	0.000614978305980004	0.00259573665346161	0.00043010752688172	0.000173552159969817	0.000437653272967365	9.43218260705527e-05	0.995653650254669
TCATG	0.000765281584513407	0.00413717143893021	0.000789240676477915	0.000249104088513342	0.000909740815475882	0.000180397868909238	0.99296906352718
GCATG	0.000723235045903939	0.00687301876113768	0.000945417240789725	0.00021075306963446	0.00111822561458978	0.000248697765468864	0.989880652502476
CCATG	0.000648236784775334	0.0058311523758567	0.000602439470285176	0.000191008311654076	0.00126780370600805	0.000152285379077031	0.991307073972344
TAATG	0.000436418176927462	0.00179056563990643	0.000443777674008869	0.000104136883701915	0.00049455820387058	0.000110760431075182	0.99661978299051
GAATG	0.000388809941381928	0.00213863551943381	0.000454274685000653	0.000103079844924511	0.000420638104025286	9.54844879300735e-05	0.996399077417304
CCAAA	0.00102401404856443	0.00198450029844549	0.000258166160606926	0.000195719686156455	0.000408199897922992	6.56904471491968e-05	0.996063709461155
CCAAC	0.000794232963931974	0.00168237667486095	0.000320098216898323	0.000125977831337444	0.000291466891594358	7.3296192778149e-05	0.996712551228599
CCAAG	0.000694248662245434	0.00313229364844221	0.00027434984470124	0.000138371215278096	0.000419898817544194	6.42010537745634e-05	0.995276636758014
CCACA	0.000885764246482047	0.00285248501969716	0.000436892468431877	0.000125430418356248	0.000504188001875819	9.75961401255079e-05	0.995097643705031
CCACC	0.00121897622886205	0.00346894199105081	0.000482083068824059	0.000154942159210779	0.000410119411939432	0.000100969416547309	0.994163967723566
CCACG	0.000609360453635004	0.00353767596693655	0.000385552138874	0.000116606012732624	0.000502158151606624	0.000101560075605834	0.994747087200609
CCAGA	0.000400434945156794	0.00256096349016186	0.000323624242040354	0.000106661308119037	0.000528210095838644	6.77099089083306e-05	0.996012396009775
CCAGC	0.000445778459876166	0.00235263581227807	0.000374550486598728	0.00010442745234743	0.000371834165583911	8.5111391797616e-05	0.996265662231518
CCAGG	0.000543072662218966	0.00361380420706311	0.000392909119443243	0.000141413411523754	0.000609686564653309	9.68159683685578e-05	0.994602298066729
CCATA	0.000530081452455338	0.00620661599538202	0.000580999286614345	0.000136138209225132	0.00157041320090409	0.000169904772930579	0.990805847082489
CCATC	0.00060097000916191	0.0054441817603253	0.000698782469785987	0.000139671068227395	0.000977697477591763	0.000170424330956362	0.991968272883951
CCCAA	0.00120640221654182	0.000734660741462595	0.00181773679852099	0.000250813631096653	0.000239086296912647	0.000512597994171893	0.995238702321293
CCCAC	0.00106106282319287	0.000773242380899989	0.00277742325888437	0.000274177577291231	0.000255693695676092	0.000778963582352294	0.994079436681703
CCCAG	0.000671196683076191	0.000605598493685987	0.00218668945393124	0.000177090169076215	0.00017284998192932	0.000592877932245301	0.995593697286056
CCCCA	0.0010442570995217	0.00129229193700372	0.00271735098793569	0.000256404111139389	0.000419985368987961	0.000812960809354413	0.993456749686057
CCCCC	0.00183343506841225	0.00186722433649998	0.00410245787543366	0.000376089244802513	0.000498758978947082	0.00114442781914515	0.990177606676759
CCCCG	0.00085198818923243	0.000962551542033585	0.00270338237143216	0.000238469976629942	0.000260149065414483	0.000745760654188183	0.994237698201069
CCCGA	0.00223024910123231	0.00263600688937	0.037165143419772	0.000368870716488805	0.000743416367077437	0.00894369614132856	0.947912617364731
CCCGC	0.00241475124754272	0.00219737637985786	0.0389644450325117	0.00039930818085589	0.000411122032360502	0.00929513836382882	0.946317858763043
CCCGG	0.00230150920521544	0.00225222635285537	0.0421532663853163	0.00035483653699253	0.000409047674588611	0.00976129029078526	0.942767823554246
CCCTA	0.000636837546539533	0.00109766838583592	0.00300233847915599	0.000124884427131032	0.000318418773269766	0.000874190989917226	0.993945661398151
CCCTC	0.000684859365310126	0.00108821791563761	0.00371855019523215	0.000156809178815836	0.00033298334658182	0.00104570940330801	0.992972870595114
TTCGG	0.0456982821812155	0.00283248876565637	0.00209548395321414	0.0106088854893712	0.000254963827007043	0.000470089556044236	0.938039806227492
GTCGG	0.033197753691849	0.00414249728455548	0.00202213953918329	0.00846987589840771	0.000381317741674563	0.000496868572485036	0.951289547271845
CTCGG	0.0315274995628394	0.00234768201028063	0.00136428718591529	0.00817533514199494	0.000379161032633819	0.000297788573575419	0.95590824649276
TGCGG	0.0492913452545063	0.00389116470967805	0.00409321848857255	0.0108489843538679	0.000267232417247571	0.00102330462214314	0.930584750153985
GGCGG	0.0384587282833197	0.00223292648806819	0.00288872612702197	0.00914377159639096	0.000194245001755333	0.000650453446244923	0.946431149057199
CGCGG	0.0361309420163678	0.0017760752220094	0.00245516280689535	0.00786174473271809	0.000243775030471879	0.000330837541354693	0.951201462650183
TCCGG	0.0499820106804005	0.00191212318439255	0.00261552579345027	0.0113433777069883	0.000262765342464092	0.000242552623813008	0.933641644668491
GCCGG	0.0402423279868348	0.00207766781787444	0.00259209037855008	0.00948435381284508	0.000374579534472555	0.000397054306540908	0.944831926162882
TACGG	0.0694338139467533	0.00298918102645787	0.00290643553091579	0.0133116815953332	0.000274094453983161	0.000501644566723899	0.910583148879833
GACGG	0.0599574873561533	0.00264957473782512	0.00224508023379239	0.0120913994695421	0.000247040267563613	0.00033662629865811	0.922472791636465
TTAGG	0.000450291046942577	0.00165919006944018	0.000413208254841423	9.21772260800098e-05	0.00036288160841843	0.000118664934723691	0.996903586859554
GTAGG	0.000426542072633553	0.00287587789741007	0.000301860543709899	0.0001099166110248	0.000493804476394998	7.79259555772837e-05	0.995714072443249
CTAGG	0.000367826894115925	0.00326037137035739	0.000500706766859375	8.08834008003605e-05	0.000558480624573918	0.0001110541931624	0.995120676750131
TGAGG	0.00034989055116245	0.00129680386345753	0.000415515036970594	9.3794996789202e-05	0.000227604923949224	9.6676071775901e-05	0.997519714555895
GGAGG	0.00043874646632571	0.00138713353922055	0.000461238984716191	0.000127837224776278	0.000234605508275396	0.000106483568076454	0.997243954708609
CGAGG	0.00042568315947827	0.00143409763435883	0.000489742275710436	9.91883090046453e-05	0.000241771503198823	8.47233472748012e-05	0.997224793770974
TCAGG	0.000379606592723563	0.00276961812840957	0.000435792582395876	0.000100783618974711	0.000490573922326381	0.000134846375213551	0.995688778779956
GCAGG	0.000458167816147978	0.0031998635244803	0.000577583895888675	0.00010154428549379	0.000442733084752922	0.000154753491092535	0.995065353902144
TAAGG	0.00041844534248817	0.00139123167319815	0.000526029395360636	7.36101414390556e-05	0.000246877089749448	0.000144389123591994	0.997199417234172
GAAGG	0.000396999440419836	0.00177893558778603	0.000510049757263199	7.03256151600853e-05	0.000284327218281635	0.000124393157998215	0.996834969223091
CGAAA	0.00055628356698199	0.00153694841186777	0.000303948753093252	0.000149106935479709	0.000315418517360922	7.45534677398543e-05	0.997063740347476
CGAAC	0.000418639825701784	0.000981327763473	0.000346615769667069	7.65255595368853e-05	0.000256585699623674	9.90330770477339e-05	0.99782127230495
CGAAG	0.000591072691386171	0.0013439867149376	0.000249798577907251	0.000130176723698145	0.000182951071143339	8.09206660826306e-05	0.997421093554845
CGACA	0.000554878620301809	0.00221951448120724	0.000438654044427781	7.49835973380823e-05	0.000408660605492548	0.000119973755740932	0.996183334895492
CGACC	0.00140026688847532	0.0028065178234826	0.00064627702545015	9.57447445111333e-05	0.000293218280065346	0.000161569256362537	0.994596405981653
CGACG	0.000760288419090597	0.00232991612301957	0.000343356060234463	7.35762986216707e-05	0.000294305194486683	0.000171678030117232	0.99602687987443
CGAGA	0.000350321619526441	0.00121745434112654	0.000306964983446436	0.000116195784694414	0.000197706260524823	6.24335559552074e-05	0.997748923454726
CGAGC	0.000553686669179194	0.00200536936484229	0.000386184819679606	6.04867789859624e-05	0.000232641457638317	5.58339498331961e-05	0.996705796959841
CGATA	0.000442302182861796	0.0023924527163888	0.000623243984941621	0.000100523223377681	0.000583034695590549	0.000140732512728753	0.995717710684111
CGATC	0.0004826358351745	0.0015444346725584	0.000493361075956155	8.58019262532444e-05	0.000400408989181807	0.000125127809119315	0.996868229691757
CGCAA	0.000894627196666779	0.00071402170625987	0.00232267060918652	0.000134404085884211	0.000155404724303619	0.000562817109640133	0.995216054568059
CGCAC	0.00049753829931013	0.000397288044971521	0.00311147085687977	0.000122528088636077	9.65372819556968e-05	0.000831705813772157	0.994942931614475
CGCAG	0.000702010884069574	0.00072811872686555	0.00239321892296446	0.000139241828245205	0.000113133985449229	0.000594678641463896	0.995329597010942
CGCCA	0.000650092885788151	0.00054030898785704	0.00272091856833187	0.000176515286869631	0.000133462777877038	0.000725434776525189	0.995053266716751
CGCCC	0.000948188556372836	0.000617331272872527	0.00326217211841463	0.000296561101674057	0.000137184727305006	0.000966345358516145	0.993772216864845
CGCCG	0.000616376653548907	0.000699350433834337	0.00247736001137926	0.000213361149305391	5.92669859181641e-05	0.000663790242283438	0.995270494523731
CGCGA	0.0021192764611068	0.00311921676317832	0.0403259506895111	0.00037311205301176	0.000477583427855053	0.00935765028953495	0.944227210315802
CGCGC	0.00156090016683016	0.00115993498636002	0.0437338450412779	0.00032936425538618	0.000221962867760251	0.00887135461790166	0.944122638064484
CGCTA	0.000697027418414743	0.00073308056074654	0.00341903966446542	0.000162239140493087	0.000150221426382488	0.000967425985903221	0.993870965803594
CGCTC	0.000620934556854111	0.000667924198994422	0.00341681826420262	0.000130899717390867	0.000184602165551222	0.000933080036786177	0.994045741060221
TTCCG	0.00259617487495326	0.000617297015104376	0.000691372656916901	0.000959455932047945	0.000218699513922693	0.000239863983011986	0.994677136024043
GTCCG	0.00211687371177093	0.000897504936277149	0.000662296746080379	0.000748952395100242	0.000198070054902543	0.000259966947059588	0.995116335208809
CTCCG	0.00190049488353918	0.000861439269641592	0.000617216796289595	0.000774851301816793	0.000259763903474398	0.000137652666798399	0.99544858117844
TGCCG	0.0030924484853991	0.000594029652562539	0.00100985040935632	0.000894538770917706	0.000136277390881994	0.000300509118355167	0.993972346172527
GGCCG	0.00251082566136603	0.000684563880499254	0.000884702157854518	0.000620883519522579	0.000152378006622758	0.00025017284669408	0.994896473927441
TCCCG	0.00244627015509435	0.000661763199409945	0.000665860804359852	0.000657665594460038	0.000141367370771784	0.000155708988096458	0.995271363887808
GCCCG	0.00211441052093499	0.000613411403875645	0.00078302895115944	0.000613411403875645	0.000157999907058878	0.00018588224359868	0.995531855569497
TACCG	0.00337373333575612	0.000884317894112018	0.00121745134737339	0.00114476768484364	0.000151424296936989	0.00043004500330105	0.992798260437677
GACCG	0.00299631678055829	0.000894157774435378	0.00130274642632969	0.000900079349100513	0.000159882515958644	0.000467804398545661	0.993279012755072
TTACG	0.000455230023937512	0.00151363982959223	0.000462817191003137	8.72524212546898e-05	0.000269344430829695	6.44909200578142e-05	0.997147225183325
GTACG	0.000530446937385757	0.00304648578903982	0.000344073689115085	0.000114691229705028	0.000487437726246371	4.30092111393857e-05	0.995433855417369
CTACG	0.000490806992556094	0.00325279928399921	0.000606290990804587	5.77419991242463e-05	0.000741022322094495	8.66129986863695e-05	0.994764725412735
TGACG	0.000521007777901827	0.00232964906404674	0.000461464031855904	0.000104201555580365	0.000360983960403409	7.81511666852741e-05	0.996144542443526
GGACG	0.000609028852741899	0.00337080552524509	0.000752827331861514	0.000211468351646493	0.000422936703292985	0.000114192909889106	0.994518740325323
TCACG	0.000454600932904794	0.00220755628118748	0.000670403710392673	0.000106132513518629	0.000327241916682439	0.000155661019827322	0.996078403625487
GCACG	0.000422701759830491	0.00600611044822438	0.000741065743500292	0.000104337776160691	0.00053239019117891	0.000163194983225696	0.992030199097879
TAACG	0.000431528107417304	0.00152279630213606	0.000423229489966972	9.54341006788269e-05	0.000319496771837812	7.05382483278286e-05	0.997136976979635
GAACG	0.000464678571289112	0.00213986434509608	0.000597443877371716	8.59069627593316e-05	0.000355342436868145	7.02875149849077e-05	0.996286476291631
CTAAA	0.00045384899463333	0.00244148129522971	0.000367102233886239	9.20898583293391e-05	0.000674801794652188	9.36613576182357e-05	0.995877014465651
CTAAC	0.000595456314509336	0.00170657328064812	0.00033950796187574	0.00012044628359228	0.000384675318222845	7.45261379727234e-05	0.996778814703179
CTAAG	0.000533554114346166	0.00241824203118532	0.000264477254956074	0.000107515753645187	0.000503656685525045	5.69201048709811e-05	0.996115634055471
CTACA	0.000578930198423206	0.00364763255244461	0.000332279872728432	7.77181214925044e-05	0.000869791431553837	8.23719012225945e-05	0.994411275922135
CTACC	0.000909346684926141	0.00287182564171119	0.000543276352789207	0.000111142372602084	0.000593795613062882	9.17118878814398e-05	0.994878901447027
CTAGA	0.00028943062984247	0.00295239447020809	0.000281853911783767	7.17262642890589e-05	0.000667761418240393	5.65728281716521e-05	0.995680260477465
CTAGC	0.000376831724183546	0.00234366705133092	0.000361166664055823	9.7471485239162e-05	0.000474303209422708	7.39738950475783e-05	0.99627258597072
CTATA	0.00129085485459643	0.00773063039551606	0.000458347013588586	0.000200643743703575	0.00206302926218291	0.000117860660637065	0.988138634069775
CTATC	0.00121826796945255	0.00691360197562914	0.000566508355998251	0.00027637907659138	0.00168371233475694	0.000114814193509354	0.989226716094062
CTCAA	0.000656644021244713	0.0011057714846023	0.00177061126247763	0.000144573146964013	0.000309471770371946	0.000537313804702987	0.995475614509636
CTCAC	0.00044242419917652	0.000603920299045708	0.00268083525782852	0.000119431999438144	0.000154360225688922	0.000817245379803148	0.995181782639019
CTCAG	0.000358754395726937	0.00082282601594514	0.00198835540677229	8.92662036463414e-05	0.00019233065328218	0.00058290549384204	0.995965561830785
CTCCA	0.000604913952689426	0.0010451603176447	0.001993620907408	0.000172391208171961	0.000288245514739139	0.000789971898379399	0.995105696200967
CTCCC	0.000706722735660038	0.000887917448702415	0.00294504763488632	0.000198934055577994	0.000242648863969336	0.00101019220260863	0.994008537058595
CTCGA	0.00145996661359367	0.00295023442105437	0.0269515346177367	0.00026720143682752	0.000614287839304505	0.00715108175262105	0.960605693318862
CTCGC	0.00148383677795442	0.00232843137254902	0.029954954954955	0.000294780074191839	0.000443826179120297	0.00749205087440382	0.958002119766826
CTCTA	0.000994168185051088	0.00220727971383278	0.00193262116533574	0.000130147236134096	0.000600244276350898	0.000578480524489009	0.993557058898806
CTCTC	0.000741780478738555	0.00221108280385726	0.00276153233211206	0.000132638440543327	0.000534532915389607	0.000763665821428204	0.992854767207931
TTCAG	0.00199793473931844	0.000693008365472743	0.000467092425951188	0.000480557614399493	0.000141534091912179	0.000104130790666889	0.996115741972279
GTCAG	0.00165284927962795	0.000824329773806843	0.000434684696480101	0.000458251939060348	0.000215771198734701	0.000122025944915498	0.996292087167375
TGCAG	0.00261258813799544	0.000612532179751118	0.00104846495404354	0.000691054232263418	0.000111013936310492	0.00030205417901283	0.994622292380623
GGCAG	0.00209442601434778	0.000773424865929037	0.00128264950217433	0.000600132242157976	0.000147014643936924	0.000367536609842311	0.994734816121612
TCCAG	0.00235718663753032	0.000336334528943578	0.000439384394014636	0.000581947244158953	7.87098662659312e-05	9.23023331311322e-05	0.996114134995955
GCCAG	0.00183725085215005	0.000433489984307248	0.00052723997134403	0.000465016528620502	0.000127765469058978	0.000117809718223214	0.996491427476296
TACAG	0.00472890470513232	0.00132693159674823	0.000757834983593449	0.000971786495121257	0.0002629370427867	0.000176131799894105	0.991775473376724
GACAG	0.00329631995696249	0.00195391960728275	0.000814098145688684	0.000693475446766303	0.000387925962039574	0.000176521022813241	0.992677739858447
TTAAG	0.000337040654584339	0.00127486005444794	0.000654433199260173	7.02797777496491e-05	0.000272806449114229	0.000148494369116194	0.997242085495727
GTAAG	0.000345763247671861	0.00257708873931427	0.000467603630184802	8.69347594146393e-05	0.000455748890264624	8.49589694279429e-05	0.995981901763722
TGAAG	0.000256149413287544	0.00104938630604897	0.000607004192778176	6.29250419738632e-05	0.000180830044864284	0.000110277725075407	0.997733427275972
GGAAG	0.000274260361089207	0.00166956394842753	0.000589483763274585	7.58456307796291e-05	0.000227216868580323	8.60863910536718e-05	0.997077543036795
TCAAG	0.000256362280877332	0.00193921566921071	0.000622231504929988	6.41812216623589e-05	0.000333597310335425	0.000171149924432957	0.996613262088551
GCAAG	0.000257308954612055	0.00217722961594816	0.000576601240395839	6.30250678300782e-05	0.00028283150274159	0.000155739630423086	0.996487263988049
TAAAG	0.000231904923812589	0.000930035371540072	0.000647099286107264	5.79762309531474e-05	0.000171513016569728	0.000167587542598942	0.997793883628418
GAAAG	0.00019795390886213	0.00161300861936895	0.00054389277871828	4.74979559405666e-05	0.000241333544923457	0.000113391074008405	0.997242922118178
GAAAA	0.000454060788651143	0.00124910823808375	0.00026961362971479	9.2383968302034e-05	0.000261594188021905	6.3193200539933e-05	0.997610045986686
GAAAC	0.000428788407725502	0.000960661496592174	0.000224812336531274	9.35804197593594e-05	0.000173635544475374	6.21432474964496e-05	0.99805637854742
GAACA	0.000592706484364403	0.00232651869862644	0.000509533246558513	8.27845778161428e-05	0.000508367266589272	0.000108436137139455	0.995871653588906
GAACC	0.000871157176670815	0.00244216484299324	0.000637177311473857	0.00010097345373083	0.000362808064784568	0.000135791886051806	0.995449927264295
GAAGA	0.000435027557488246	0.00187133636445604	0.000358072187582734	0.000113135879637207	0.000354339277848512	5.5132205305441e-05	0.996812956527682
GAAGC	0.000389354963480659	0.00209554021846969	0.000361653819833814	0.000108752638020948	0.000305738548398515	6.15580969929896e-05	0.996677401714803
GAATA	0.000611493587795875	0.00216946989354405	0.000432925001886044	0.000169570943984142	0.000542973083900242	0.000107625639957282	0.995965941848932
GAATC	0.000694024379440574	0.00190055070861683	0.000484784452984332	0.000188587673974847	0.000429349459481639	0.00010978302634847	0.996192920299153
GACAA	0.00181325874307831	0.00114740338998976	0.00247053115742284	0.000493293110971977	0.000257036428702431	0.000629264930021945	0.993189212239813
GACAC	0.0007400138651292	0.000814202281262625	0.003024892395625	0.000179548435684254	0.000100372563004045	0.000741260729265896	0.994399709730029
GACCA	0.00138547720328321	0.000910209555587304	0.00297488743357775	0.000447039629832752	0.000237345782849348	0.000932676753478383	0.993112363641391
GACCC	0.00239592039861701	0.00076523030556047	0.00340605926438533	0.000725138512786231	0.000179541506771591	0.00112431331910365	0.991403796692776
GACGA	0.00339247487391604	0.00339247487391604	0.059722071042415	0.000408185479481877	0.000426327056347738	0.0128260948441639	0.919832371829759
GACGC	0.00251737322430298	0.00338254584019425	0.0621919566855516	0.00035723256398091	0.000273506181797884	0.0134966928079038	0.917780692696269
GACTA	0.000954586105452376	0.00108479075740418	0.00252001803520436	0.000197167044384162	0.000293890500119788	0.000662183658497751	0.994287363898937
GACTC	0.000782321550974337	0.000858333877079324	0.00309497975583226	0.000168841538516387	0.000217946846531114	0.000807210542707828	0.994070365888359
TTCTC	0.00236730344643703	0.000808762739271965	0.000955025790252071	0.0006850385846724	0.000214119515615139	0.000298520489295463	0.994671229434456
GTCTC	0.00188817854274388	0.000964853993761713	0.000553188332403289	0.000614877701833102	0.000279013357159676	0.000173375351992284	0.995526512720106
TGCTC	0.00391226973668516	0.000725678325548553	0.000622146309346031	0.00112310767806791	0.000175575032085383	0.000180346092739877	0.993260876825527
GGCTC	0.00293598719437043	0.000601925958504442	0.000711878448800495	0.00083103626386552	0.000149330824029989	0.000202517144917382	0.994567324165512
TCCTC	0.00337866583981713	0.000586245934856755	0.000526395488862769	0.000886940344248228	0.000166571723188082	0.000111047815458721	0.994344132853568
GCCTC	0.00289124090558627	0.000561847920241918	0.000488185731564561	0.000828699622620268	0.000159138124595423	0.00012543419864399	0.994945453496748
TACTC	0.00397464652597926	0.000945488791682673	0.000643130645980743	0.00104648136903803	0.000192691359248566	0.000175342941052553	0.993022218367018
TTATC	0.000900929591723851	0.00240611056543179	0.00082215063207544	0.00023675591596464	0.000663335601720398	0.000116073254375585	0.994854644438708
GTATC	0.000600521610092733	0.00409446552335955	0.000544274406943552	0.000169568774199739	0.0010083138329243	5.54200383969878e-05	0.993527435814083
TGATC	0.000907617044359277	0.00188766111848606	0.000426458454994705	0.000288695153618743	0.000388978733296833	9.16733733420921e-05	0.996008916121902
GGATC	0.00108000633351635	0.00207651108325974	0.000687706439941486	0.000346610347736831	0.000332430833511234	0.000125252375659446	0.995351482586375
TCATC	0.000939698749914612	0.00352824646492247	0.00071043104037161	0.000243356786665756	0.000722385408839402	0.000165226449894118	0.993690655099392
GCATC	0.000764821666676287	0.00417982256137333	0.000904798462275532	0.000208522133650422	0.000732352822336256	0.000192648476417518	0.993017033877271
TAATC	0.000492001558004934	0.00155885910305383	0.000411709637080517	0.000116167034528943	0.000417688822681272	0.000101219070527057	0.996902354774123
GCAAA	0.000574906070300929	0.00165269125448695	0.000256350485789082	0.000171227719115823	0.000310370703100957	6.54790512871217e-05	0.996968974715919
GCAAC	0.000640474815971566	0.00162213715073172	0.00031923978366184	0.000164940554891951	0.000258717241342616	7.31591170891716e-05	0.996921331336311
GCACA	0.000787444028270056	0.00327210631309916	0.000400971211173187	0.000178058402249788	0.000478447004518515	0.000106472581497965	0.994776500459191
GCACC	0.00104341689991158	0.00435294885392665	0.000471868261265855	0.000179998379297461	0.00044820313570085	0.000109720127619568	0.993393844342278
GCAGA	0.000504260931036965	0.00282696208629654	0.000347371549125757	0.00014802974622681	0.000427477421772186	7.05079339883311e-05	0.995675390331553
GCAGC	0.000490259198824645	0.00225181485617304	0.00042640412556546	0.000140903343472745	0.000329829923859422	9.34078344369882e-05	0.996267380717668
GCATA	0.000829666277576178	0.00536749515264883	0.000654453458102769	0.000199632724626498	0.00128448701105245	0.000193527748338225	0.991470737627655
GCCAA	0.000732687673819831	0.000470008354140506	0.00179935333980338	0.000136030361976793	0.000150571538601899	0.000460626949866245	0.996250721781791
GCCAC	0.000473602113395119	0.000267457258736897	0.00197503185106976	0.000105244914087804	6.42090530902659e-05	0.000550846087037544	0.996563608722583
GCCCA	0.000695338187209234	0.000598472893634631	0.00233704574497597	0.000183270954509693	0.000182361421236692	0.000685333321206223	0.995318177477228
GCCCC	0.00103357320595888	0.000658678878363967	0.00328517957587652	0.000277063337724526	0.000191927972493809	0.000908857363910372	0.993644719665672
GCCGA	0.00230382907949843	0.00186667939592948	0.0343489107687051	0.000366803757477395	0.000462273228601649	0.00870530835382996	0.951946195415958
GCCGC	0.00239002322816951	0.00139032985680863	0.0379127410500141	0.000394836877764383	0.000235221969731973	0.00902244269614782	0.948654404321364
GCCTA	0.000693792924920029	0.000752479927839104	0.00274140657471298	0.000134256568321721	0.000204198612896509	0.000758911380213798	0.994714954011096
TTCGC	0.0446243582198106	0.00202881491370359	0.00194268597868787	0.0102924077343784	0.000215322337539296	0.000320591035891841	0.940575819779988
GTCGC	0.0283265916235444	0.00182568163535432	0.00194549199267445	0.00749099996006321	0.000313789031076525	0.000456420408838581	0.959641025348448
TGCGC	0.0532643952881496	0.00237787478964954	0.00386963555512198	0.0113812810444764	0.00026014356673089	0.000869855051256412	0.927976814704615
GGCGC	0.0389224129217458	0.00167030545616269	0.00254462571006934	0.00910708148866921	0.000227424343501728	0.000553399235854206	0.946974750843997
TCCGC	0.0497089104150119	0.0012903500683216	0.00175292839470104	0.0115157657040777	0.000130860973909974	0.000200856378559495	0.935400328065418
TACGC	0.0761040162028746	0.00263101339602613	0.00279382363092873	0.0147180452351957	0.000345157697993527	0.000397256973162361	0.903010686863819
TTAGC	0.000415069688301654	0.00159679750676048	0.000340736946736521	7.70456153448822e-05	0.000341279521492471	9.27802832674286e-05	0.997136290438097
GTAGC	0.000387821139444043	0.00213221828105861	0.000241789722739805	9.97482354537148e-05	0.000438892235996345	5.58590118540803e-05	0.996643671373453
TGAGC	0.000290175087246112	0.00125973482398558	0.000337450803707557	8.19174052478491e-05	0.000242899370784667	8.35476023672092e-05	0.997704274906661
GGAGC	0.000403040988759988	0.00165157805804172	0.000546076039976072	0.000111249484279176	0.000282891545738477	8.77281647458649e-05	0.996917435718459
TCAGC	0.000395584581386607	0.00260198170508147	0.000421056369066135	9.53262357097482e-05	0.000392111155793944	0.000106904321018625	0.995987035631943
TAAGC	0.00042863266180883	0.00136763723721329	0.000384772575484205	7.97456114993172e-05	0.000237907740972963	0.000138225726598816	0.997363078446423
GGAAA	0.000577253716055555	0.00220926971429965	0.00029728444439025	0.000109012425465498	0.000438000707239449	8.24299771976247e-05	0.996286749015352
GGAAC	0.000449068329018692	0.00148328629887992	0.000357699448222681	6.41526184312417e-05	0.000235874273828	0.000101736980744494	0.997308182050875
GGACA	0.000556723026665685	0.00256020021294397	0.000609077799191974	6.84240591432686e-05	0.000441127835840315	0.000173133604195846	0.995591313462019
GGACC	0.000745288236370477	0.00249800057155898	0.000700056950301096	9.56024910102819e-05	0.000376242061395303	0.000164477403888657	0.995420332285475
GGAGA	0.000385667459181683	0.00155626303405855	0.000352790888890786	9.92619526090562e-05	0.000282928177022628	8.25075465954257e-05	0.997240580941642
GGATA	0.00059676075132841	0.00253337283636591	0.00108813993708419	0.00011742517306664	0.000600976013951315	0.00032818830421189	0.994735136983992
GGCAA	0.00180570874891523	0.000726234516364971	0.00207428381941031	0.000440726516731851	0.000159922108525965	0.000572897435837133	0.994220226854215
GGCAC	0.000841225406283788	0.000495927269106603	0.00253707965855695	0.000247644505036502	9.57388550398848e-05	0.000733359629605518	0.995049024676371
GGCCA	0.000968228292817748	0.00059085843669665	0.002738588991076	0.000295429218348325	0.000139077623030546	0.000838894961846667	0.994428922476184
GGCCC	0.00126368622371537	0.000715630122847139	0.00370605735564955	0.000370767642832568	0.000155430976907976	0.00106049260286171	0.992727935075186
GGCGA	0.00361145202502867	0.00246463996137054	0.043391076326714	0.000677356832920883	0.000338678416460442	0.0100865809575545	0.939430215479951
GGCTA	0.00084032159259631	0.00073787711508045	0.00274938827495267	0.000223578150254208	0.000197967030875243	0.000706036263960656	0.99454483157228
TTCCC	0.00368342749623075	0.00070435224164196	0.000655211387573916	0.00127659392633287	0.000193358577963389	0.00021151932837984	0.993275537041877
GTCCC	0.00304624362092302	0.000800665673869801	0.00101922383283872	0.00117921411914277	0.000219986643668063	0.000324266026705521	0.993410400082852
TGCCC	0.00421833050308797	0.000601466667931581	0.00110237266267586	0.00126886698479257	0.000135662040243243	0.000357180126934133	0.992316121014335
TCCCC	0.00361343629529105	0.000590870332784897	0.000799356287604934	0.00105491971609401	0.000163330010688508	0.000200799836669989	0.993577287520867
TACCC	0.00438352220916434	0.000830088627295113	0.00199221270550827	0.00139029622305585	0.000170924653305102	0.000643625369144093	0.990589330212527
TTACC	0.000537638451300484	0.00200079204545739	0.000594034093045289	0.000108404955798349	0.000414194657703519	7.45675707514657e-05	0.996270368225944
GTACC	0.000510139583587378	0.00270060735697353	0.000701441927432644	0.000119703805797915	0.00049335867623253	7.27172652043411e-05	0.995402031384772
TGACC	0.000706596430981427	0.00199319076572678	0.000748403386481162	0.000169583143435543	0.000355064706568167	0.000103045312851458	0.995924116253955
TCACC	0.000515902203588187	0.00276283334745229	0.000846689194246816	0.000112055213637747	0.000346026499713363	0.000141637790038112	0.995274855751323
TAACC	0.000685386724266844	0.00175308231717636	0.000782310099415691	0.000130000400001231	0.000328462549115536	8.38464118351133e-05	0.996236911498189
GTAAA	0.000379481964480062	0.00179365632649377	0.00039795861443602	6.92874373348427e-05	0.000470443933494009	8.91853680566437e-05	0.996799986355705
GTAAC	0.0003697373352358	0.00148231058944534	0.000391585450499734	7.31071549216241e-05	0.00035545202910169	9.66358944366295e-05	0.997231171546359
GTACA	0.000472511694978621	0.00301289039550863	0.0004341829537636	5.02672015934703e-05	0.000598179698962296	0.000108074483425961	0.995323893571767
GTAGA	0.00022835664988451	0.00234065566131623	0.000286474445913676	5.70891624711275e-05	0.000539003984412087	8.22906846430667e-05	0.996466129411359
GTATA	0.000345304687451761	0.0071331303936046	0.000613663901221011	7.40956413238991e-05	0.00141684165428969	0.000157215751783401	0.990259747970326
GTCAA	0.000798426708627324	0.000940732126381208	0.00153269933548036	0.000186046837145447	0.000260115640648493	0.000416418312607677	0.99586556103911
GTCAC	0.000454665167731032	0.000484302600886833	0.0018045155323725	0.000129326981043494	0.000126632668938421	0.000543577467198434	0.996456979581829
GTCCA	0.000784944113859199	0.000739284404926414	0.00221852468108708	0.000249785466514647	0.000220912415277739	0.000856791008797552	0.994929757909537
GTCGA	0.00241981789844968	0.00293932682580045	0.0279167692013234	0.000375960407951221	0.000587865365160091	0.0072321111202253	0.95852814918109
GTCTA	0.000631723635351047	0.00112569745103586	0.00187887791663025	0.000177001112366823	0.00034511513959389	0.000516932118962522	0.99532465262606
TTCAC	0.00208126999482331	0.000460677806472213	0.000457755187557242	0.000513650274306052	0.00011215550086199	0.000129325886987441	0.996245165348992
TGCAC	0.00327269963277735	0.000410928317949254	0.00090784279260234	0.000939196860792688	8.40859101468416e-05	0.000258908593389992	0.994126337892342
TCCAC	0.00284786879243698	0.000237517984007435	0.000437953120709362	0.00073555470541433	6.05530038279825e-05	9.1533610437648e-05	0.995589018783166
TACAC	0.00649343014889154	0.00057727217148393	0.00082828563097847	0.00118687628739924	9.93472474346072e-05	0.000219269368598275	0.990595519145214
TTAAC	0.000449771620817779	0.00095776610517184	0.000520124247590786	9.21862005991133e-05	0.000223672834085217	0.000131001442956635	0.997625477548779
TGAAC	0.000359598337427784	0.000938902488332788	0.000470547580560991	7.8936220410977e-05	0.000188131325312829	8.37601005472034e-05	0.997880123947407
TCAAC	0.000388608197005746	0.00132783589568442	0.000608637063479423	7.88163103786303e-05	0.000258889686174251	0.000141212556095046	0.997196000291182
TAAAC	0.000350580701874585	0.000648674464382804	0.000538491958079363	6.13015398706417e-05	0.000148646217594824	0.00012460639803771	0.99812769872016
TAAAA	0.000635105689899289	0.000847244625955658	0.000606916647098226	0.000140289654870404	0.000217645632789599	7.84048725350485e-05	0.997474392876852
TAACA	0.000595634867903383	0.00195471950603359	0.000522170833409858	8.57080402424457e-05	0.000417376548911742	0.000128562060363669	0.996295828143135
TAAGA	0.000459276417872863	0.00149193297425834	0.00041671108007935	0.000125192169980921	0.000292234293926892	7.2611458588934e-05	0.997142041605293
TAATA	0.000509514361983679	0.00204897379948693	0.000515353340720911	0.000115256362900145	0.000575520208578475	9.8247163969947e-05	0.99613713476236
TACAA	0.00177568233655303	0.00098128134870217	0.00355455375776223	0.000425742801598114	0.00021909011587858	0.000831394369862385	0.992212255269644
TACCA	0.00129618828524153	0.000918195950225168	0.00338941471266324	0.000373987118221483	0.000217283011121986	0.00106739027583427	0.992737540646692
TACGA	0.0033536627850265	0.00325611857659775	0.0626094469243382	0.000445916381388565	0.000431981494470172	0.0124531439427369	0.917449729895442
TACTA	0.000935009258921589	0.00119180757651273	0.00339510675111127	0.000195511145148285	0.000282630101017468	0.000812434914035877	0.993187500253253
TTCTA	0.00196874364573987	0.00101409683633953	0.000845798692444045	0.00051063839564194	0.000278582251840653	0.000226312179845809	0.995155827998148
TGCTA	0.00401119384768009	0.000841198515038071	0.000636635440284182	0.00115219297474745	0.000197728031683354	0.000171364294125573	0.992989686896441
TCCTA	0.00306470340054881	0.000687818319966555	0.000574061905568736	0.000810694446911033	0.000198233751672147	0.000100796822884143	0.994563691352449
TTATA	0.000975456843822739	0.00321793672380845	0.000535430403295915	0.000209547989653538	0.000884677052718478	0.000100514889346006	0.994076436097355
TGATA	0.000893326554831911	0.00244728091511347	0.000466186308084467	0.00025833505228031	0.000608171985673645	9.5840332372695e-05	0.995230858851644
TCATA	0.000765854596264032	0.00418176641974148	0.000680716836820193	0.000219971315124126	0.00106865223844891	0.000169505041426647	0.992913533552175
TCAAA	0.000609456233166691	0.00153119582547664	0.000278857134484233	0.000163467975387309	0.000299691288210067	7.44076918779769e-05	0.997042923851397
TCACA	0.000683789505236142	0.00188900753729619	0.000601047852776061	0.000143002554063083	0.000331903307792702	0.000116462778745699	0.99623478646409
TCAGA	0.000414022904338529	0.00206336414825234	0.000328196727740402	0.000132114451617341	0.000434274024659436	8.10044812836253e-05	0.996547023262108
TCCAA	0.00075347269124088	0.000422625645086977	0.0020935142506629	0.000143959173326475	0.000125825498537279	0.000561033693477983	0.995899569047668
TCCCA	0.000571430037667683	0.000537303322351202	0.00250844187168355	0.000149336453490162	0.000171916535804826	0.000733082899693116	0.995328488879309
TCCGA	0.00259014511454039	0.00155598461093269	0.0481026949843216	0.000279887475747039	0.000298862897831584	0.0114848742166709	0.935687550699956
TTCGA	0.0375074487634273	0.00222760925113018	0.00212465252103593	0.00945641966411147	0.00047422493861595	0.000411826920377009	0.947797817941302
TGCGA	0.0461737151414953	0.00380714396893707	0.00511124853288237	0.0106137284349483	0.000349163480024063	0.000988595395248853	0.932956405046464
TTAGA	0.000357363724045989	0.00171534587542075	0.000391595407086184	8.23817427011281e-05	0.000375043824077738	0.0001083376342371	0.996969931792431
TGAGA	0.000439783043693019	0.00144489446080527	0.000362908368632038	7.93706060694553e-05	0.000237113445804976	9.28486335152118e-05	0.99734308144148
TGAAA	0.000570414147962124	0.00122000977468449	0.000293278972301281	0.000112045636206846	0.000264642952070029	6.68814432246696e-05	0.997472727073551
TGACA	0.000543965923045243	0.00213849198754428	0.000607384573337818	7.70083610695555e-05	0.000411466242969684	0.000166851448984037	0.996054831463049
TGCAA	0.00149021773456636	0.000688775879122524	0.00250387520511093	0.000397525922423253	0.000142598131224585	0.000666915316552717	0.994110091811
TGCCA	0.000990887890907118	0.000547663921827249	0.00340260199410191	0.000343950657104445	0.000128058881990603	0.00102299487284713	0.993563841781222
TTCCA	0.00230063310014571	0.000751167358276741	0.000632674102540069	0.000910134714849308	0.000201837950221116	0.000182133453761535	0.995021419320205
TTACA	0.000389652370676475	0.00178954694903359	0.000476727153062324	8.21240422501988e-05	0.000431005611809554	7.6882082106569e-05	0.996754061791061
TTAAA	0.000524912128997641	0.00120904544632256	0.00395852352768135	0.000118283220190282	0.000324591162382635	0.000486077692820257	0.993378566821605
TTCAA	0.000804869878147978	0.000793141355333436	0.00170454531571351	0.000183013824751923	0.00020329439545207	0.000431756246110345	0.995879378984491
