	s1	s2	s3	p1	p2	p3	same
AAAAA	0.000976195743843113	0.00118134564600809	0.00064184247369173	0.000202793405093831	0.000338123665465212	0.000124557702331868	0.996535141363566
AAAAC	0.000607289143268358	0.000711885964361771	0.000315882399702108	0.000160242329915109	0.00021358670867275	0.000102714078313732	0.997888399375766
AAAAG	0.000463395481452314	0.00119547372616913	0.000250493407917774	0.000150711801444304	0.000312510448052327	7.77811481017156e-05	0.997549633986862
AAAAT	0.000554665273230624	0.000619876207732038	0.000642747905803497	0.000198398683271023	0.000198505063262053	0.000170101605657033	0.997615705261044
AAACA	0.000852724352792368	0.00179367429879572	0.000479149874426188	0.000172944311378019	0.000587493856047209	0.000157809376977808	0.995956203929583
AAACC	0.00141071031397329	0.00170860391090174	0.000665794012229316	0.000187049467838795	0.000494058535909487	0.000198717270900864	0.995335066488247
AAACG	0.000676637345715019	0.00155265999079434	0.00040513395934661	0.000161205135656243	0.000403012839140607	0.000114540491124172	0.996686810238223
AAACT	0.00090000742942421	0.00150383512861131	0.000716016990943582	0.000168283937634721	0.000436540999701327	0.000232855107779006	0.996042460405906
AAAGA	0.000344311150680298	0.00174787672048646	0.000365532430392557	0.000139336619506074	0.000475257961928037	8.73527095132529e-05	0.996840332407493
AAAGC	0.00033903466047899	0.00128741539992698	0.000391898692778209	0.000113481456002323	0.000372162787386501	0.000107137772126417	0.997388869231301
AAAGG	0.000398663016839676	0.0015769916141799	0.000436589563830234	0.000152285219213994	0.000379554985531457	0.000125360266006957	0.996930555334398
AAAGT	0.000530818409561536	0.00129585766867414	0.000653599444378835	0.000204141961503461	0.000369575845765324	0.000182692262649837	0.996763314407467
AAATA	0.00043897771873978	0.00168636482411512	0.000499640149950423	0.000142645549541345	0.000624010824817432	0.000151529169174703	0.996456831763661
AAATC	0.000473139906294788	0.00169860165117011	0.000459621623257795	0.000132831824624375	0.000561302621753445	0.000157223509234604	0.996517278863665
AAATG	0.000391219786482057	0.00185468494716909	0.000402407806206175	0.000117474207103238	0.000613536565516141	0.000146887871861806	0.996473788815662
AAATT	0.000462404631897612	0.00150604838648324	0.00149600603514884	0.000142570957580804	0.000484163059788812	0.000322116026892808	0.995586690902208
AACAA	0.00322397832223957	0.0010686344117474	0.00252610362182862	0.000596257443023248	0.000334829965231909	0.00082594330462407	0.991424252931305
AACAC	0.000964323778913008	0.000570074473025663	0.00304791465504856	0.000273134582680428	0.000148678763660905	0.00105202754399388	0.993943846202678
AACAG	0.000905071193517545	0.00163530278124965	0.00342724625021042	0.000286957940350446	0.000518344184438235	0.000991516054370568	0.992235561595863
AACAT	0.000989933970383625	0.000518125630811414	0.00369386939622925	0.000252782504729205	0.000149942417401485	0.0012848468925677	0.993110499187877
AACCA	0.00222984399099369	0.000901012542872449	0.00268511651583063	0.000745823332144947	0.000311903622543235	0.00103256113673237	0.992093738858883
AACCC	0.00301952548800479	0.000767990169725828	0.00330977280732186	0.0011392736931588	0.000248405096276837	0.00136649285371906	0.990148539891793
AACCG	0.00162331252275928	0.000816043592522233	0.00269382132155189	0.000653712340246305	0.000320275173409263	0.00112754410364631	0.992765290945865
AACCT	0.00274955752918753	0.0009515275482979	0.0034112157581364	0.00115653657415634	0.000312974844804387	0.00129054862179742	0.99012763912362
AACGA	0.00370832665915129	0.0031643178582978	0.0539324280623918	0.000686055543298567	0.000547031071969342	0.0159394578650072	0.922022382939884
AACGC	0.00285333665223865	0.00240159676222348	0.0591779255919867	0.000608465974306141	0.000373376847869678	0.0183415614527586	0.916243736718617
AACGG	0.00319426186028276	0.00313275982687178	0.0613329028190995	0.000691897875873521	0.000384387708818623	0.0174665774887182	0.913797212420336
AACGT	0.00354669269743876	0.00223353321247618	0.0397085483196207	0.000952912192627713	0.000348626411936968	0.0124552596104681	0.940754427555432
AACTA	0.0010381083577997	0.00123825038877692	0.002333483474104	0.000295897869206566	0.000403160846793947	0.000752073750900023	0.993939025312419
AACTC	0.000667976324374393	0.000880456412318247	0.00286784501931406	0.000254467171190245	0.000289668463204895	0.00109505706002202	0.993944529549576
AACTG	0.000942117552698505	0.00112732668978464	0.00358479172773338	0.000322585335875239	0.000340953184181303	0.000790200140667105	0.99289202536906
AACTT	0.00106894846132165	0.00107473351012014	0.0030879304919959	0.000372492864303003	0.000342603445510786	0.00100049205053947	0.993052799176209
TTCTT	0.00284244411704863	0.000812878816414231	0.00154664093701801	0.000610070321748357	0.000246396695060404	0.000614346899900274	0.99332722221281
GTCTT	0.00183079026507373	0.000808690234508442	0.000740289658849197	0.00063514820255013	0.000322459856679297	0.000300571672468338	0.995362050109871
CTCTT	0.00258627211086331	0.00145524020137316	0.000622252405824601	0.000929397103397987	0.000483468505439589	0.000225523838125644	0.993697845834976
ATCTT	0.00191833287795621	0.000826638079270719	0.00129865689466688	0.000632989334492805	0.000319823005047273	0.00056490969765682	0.994438650110909
TGCTT	0.00386709046520412	0.000634904556851264	0.000566257980545865	0.00139001689621065	0.00018031167376218	0.000238279893753406	0.993123138533673
GGCTT	0.00303889453876986	0.000656746401064842	0.000729495238463163	0.00112785783773397	0.000181621235435808	0.000267916408073816	0.993997468340459
CGCTT	0.00297401211013102	0.000616210680406525	0.000572815562068038	0.00120927729769919	0.000167794457575486	0.000205403560135508	0.994254486331984
AGCTT	0.00282617492620185	0.000920562397524961	0.000868569162288218	0.000970943439421029	0.000306316734728096	0.000356697776624164	0.993750735563212
TCCTT	0.00323303818930484	0.000524261915655193	0.000712113464488522	0.00108001184164491	0.00021341873671179	0.000238447668003337	0.993998708184191
GCCTT	0.00270013070976329	0.000519030550538586	0.000629379472854409	0.00100583530960441	0.000228021888148184	0.000208979375005188	0.994708622694086
CCCTT	0.00327709056419692	0.000888851098594537	0.000729313721923723	0.0011575225598561	0.000384818177793887	0.000252454749896673	0.993309949127738
ACCTT	0.00328852225751101	0.000899321556281998	0.00132526702968133	0.00116716499807023	0.000354334553199009	0.000495696369698351	0.992469693235558
TACTT	0.00383522670744648	0.00097789055657276	0.00080098027830266	0.00109836320005731	0.000313663008712017	0.000277846817405801	0.992696029431503
GACTT	0.00274353971351068	0.000901346785323371	0.000733355541807453	0.000937038975872079	0.000292200066625422	0.00028839289963356	0.994104126017227
CACTT	0.00322798976137309	0.00105019096162867	0.000665066500116942	0.0011214014218573	0.000377284777816831	0.000270142433986597	0.993287924143221
TTATT	0.00150605458548538	0.00185005981548612	0.000786275421581602	0.000236085074097387	0.000638021470037596	0.000137664383576577	0.994845839249735
GTATT	0.000550977931598476	0.00272777460230348	0.000307303964474216	0.00016485953858852	0.000934204052001615	5.8930054363879e-05	0.99525594985667
CTATT	0.000552695548002817	0.0051987924984015	0.000678433785173458	0.000166499533835849	0.00193512528744486	0.000221078219201127	0.99124737512794
ATATT	0.00085141436046073	0.00240336419341493	0.000347869905508869	0.000147005469083016	0.000760112343903525	5.7916834745379e-05	0.995432316892884
TGATT	0.000818768235434046	0.00145986258907555	0.000392057243294279	0.000299255678589416	0.000439339053159732	0.000110715790802954	0.996480001409644
GGATT	0.000857938746317358	0.00166127386943612	0.000360714844160432	0.000347063938360783	0.000412836484486366	8.64557367311127e-05	0.996273716380508
CGATT	0.000607578383779816	0.00140020602150272	0.000342341119794719	0.000200470025105015	0.000468791443322498	0.00010794539813347	0.996872667608362
AGATT	0.00103481539388713	0.00188165573003225	0.000408972760763001	0.000379442895273126	0.000534395307736126	9.30349525648752e-05	0.995667682959744
TCATT	0.000790529457103895	0.00289145789538885	0.000637243867250823	0.000282469671867611	0.00087295661391168	0.000203416726157222	0.99432192576832
GCATT	0.000684002448182886	0.00337865780027459	0.000573586091674524	0.000257224620779779	0.000954874034373811	0.000202223214728798	0.993949431789986
CCATT	0.000743208720578854	0.00394272390766578	0.000545151328020877	0.000249052236156792	0.00123604920903708	0.000169434480344449	0.993114380118196
ACATT	0.000955988340228138	0.00372152603874525	0.000658204646709169	0.000328075483032105	0.00115801917367592	0.000215123047559393	0.99296306327005
TAATT	0.000724020148578066	0.00129661809078589	0.000462644057914072	0.000195194324117662	0.000464947853584989	0.000135086200703747	0.996721489324316
GAATT	0.000552821182495843	0.00160274068342046	0.000397615691054812	0.000190150338398342	0.000474746209113742	0.000119001370719492	0.996662924524797
CAATT	0.00065098955748718	0.00579020527514981	0.000460895270720944	0.000191094783012374	0.00215473541543272	0.000118725554541719	0.990633354143655
ACAAA	0.000774024501473878	0.00158238073486797	0.000318899563344432	0.000219576210569914	0.000484499682018397	0.000101342866416883	0.996519276441309
ACAAC	0.000855720360958407	0.00137698477378712	0.00041436551801511	0.000217502206774215	0.000362503677957025	0.000139180244237515	0.996633743218271
ACAAG	0.000693808570412713	0.00213499026348277	0.000309999574014191	0.000188530353175977	0.00050063876782972	0.000110081481384631	0.9960619509897
ACAAT	0.000792905493526013	0.00183235554648924	0.000516476745066104	0.000249468012711175	0.000499260853563901	0.000169885118031178	0.995939648230612
ACACA	0.000700084763101745	0.002167830941455	0.000515359658609301	0.000180048519568585	0.000565165288048403	0.000143571157162482	0.995727939672055
ACACC	0.0013494201476893	0.0033035619933796	0.000630172016489593	0.000194196995423922	0.000565439684681619	0.000177598961627006	0.993779610200709
ACACG	0.000705393273334365	0.00326382592928377	0.000532914667315304	0.00015699975676094	0.000530703403135573	0.000176901134378524	0.994633261835791
ACACT	0.00102001339566464	0.00291176756306273	0.000810386582520532	0.000286319549660251	0.000869184347182905	0.00025052960595272	0.993851798955956
ACAGA	0.000367394432063496	0.00210678540827534	0.000356438842203072	0.000148537416014576	0.000578098451006984	0.000103186369615614	0.996339559080821
ACAGC	0.000410473021291202	0.00200612133982971	0.000522506888891008	0.000130626722222752	0.000521553409166754	0.000144928918086557	0.996263789700512
ACAGG	0.000478171072323026	0.00260484737211538	0.000467366915441092	0.000172866510110948	0.000657659485039031	0.000143939251362544	0.995475149393608
ACAGT	0.000719047906418853	0.00290695725195115	0.000820811131792449	0.000285962551921925	0.000815683527413159	0.000261507823343774	0.994190029807159
ACATA	0.000726366161181852	0.0053718079283767	0.000795701112931029	0.000268635419114776	0.00182522009344911	0.000319360989874996	0.990692908295072
ACATC	0.000783659756918571	0.00374809214055624	0.00102326613379154	0.000248218022553393	0.00107544257526705	0.000383471516475345	0.992737849854438
ACATG	0.000826167921625779	0.00546708768520768	0.000845599546595417	0.000282730143308234	0.00167727309529593	0.000363047526516072	0.990538094081451
ACCAA	0.00180891441499814	0.00093114878086748	0.00184640486919499	0.000588437128915817	0.000396502303625408	0.000662603027435677	0.993765989474963
ACCAC	0.000940955069395436	0.000607661786498031	0.00235561012235638	0.000365057421737075	0.000258256259261663	0.000895380435408084	0.994577078905343
ACCAG	0.00112754556954707	0.000825288703104096	0.00216860197550354	0.000440639528187956	0.000354150364597345	0.00079023783154369	0.994293536027516
ACCAT	0.00104268313539777	0.000600321068002695	0.00249698206070007	0.000351660548797993	0.000234056037396697	0.000914317426874783	0.99435997972283
ACCCA	0.00135943195940452	0.000896364133043289	0.00260701956109538	0.000508127423713498	0.000378581081325734	0.000953493265400626	0.993296982576017
ACCCC	0.00171212366746754	0.000874316799885218	0.00349854824979711	0.000655897731195944	0.000392641903538197	0.00137841007571648	0.9914880615724
ACCCG	0.00117469007304933	0.000846869587547193	0.00247777650292033	0.000448021330186257	0.000366066208810722	0.00106541657788195	0.993621159719604
ACCCT	0.00166183367226708	0.00144311421768719	0.00330847095563034	0.000646931984762364	0.000621423760530962	0.00120268563610184	0.99111553977302
ACCGA	0.00381486292472824	0.00218773501059684	0.0395524258790821	0.00089788291059912	0.000692782753355666	0.0128894054374331	0.939964905084205
ACCGC	0.00247706075595665	0.00178227542196881	0.0439338443529812	0.000694785333987841	0.000675905297738172	0.0145489559339954	0.935887172903372
ACCGG	0.00348857935881439	0.00251075857502992	0.0466858496091263	0.000865778818975835	0.000585673906954241	0.0148659316034733	0.930997428127626
ACCGT	0.00354946644962923	0.00199919902849908	0.0338378161899594	0.00071053923468465	0.000662093377774333	0.0116722217915924	0.947568663927861
ACCTA	0.00112389367662883	0.00108451195750167	0.00267856277324854	0.000320506606434852	0.000447739852845662	0.000974243143945636	0.993370541989395
ACCTC	0.000717677758424723	0.000762426074716051	0.00325043246051387	0.000270620769952315	0.000309828818512336	0.0012738354037598	0.993415178714121
ACCTG	0.000942354799035886	0.000983664623125567	0.0024188742541225	0.000311255209230169	0.000406554110347947	0.000870369362998422	0.994066927641139
TTCGT	0.0328718965431659	0.00271839897687755	0.00228041847576946	0.0109407529176801	0.000443820241122865	0.000490538161241062	0.950254174684143
GTCGT	0.0246938271314455	0.00337054858178139	0.0024058540487759	0.00868813308078729	0.000517640968929777	0.000588228373783838	0.959735767814496
CTCGT	0.0244022197042331	0.00293733112525059	0.0016357244545164	0.00973590168221041	0.000569452918446207	0.000456143409163543	0.96026322670618
ATCGT	0.0257059841337207	0.00265417387613855	0.00264437987659561	0.00920309490385557	0.000630080637262904	0.00078025529692142	0.958382031275505
TGCGT	0.0409462710505213	0.00315316760224539	0.00352846832397755	0.0130200481154771	0.000474739374498797	0.00105533279871692	0.937821972734563
GGCGT	0.0286318808449242	0.0018606983557233	0.0027008718449506	0.0102096474790397	0.000307916985580687	0.000778590092111167	0.95551039439767
CGCGT	0.0354054745459197	0.00218299650379466	0.00220005116398056	0.0102669054319093	0.000460475825019186	0.000409311844461499	0.949074784684915
AGCGT	0.0318643995914458	0.00381340807000555	0.00356601366323967	0.0104965912584953	0.000512459842586473	0.000897688275979063	0.948849439298248
TCCGT	0.0373170221072942	0.00115148051536533	0.0023312529352851	0.0122815157670784	0.000353648806930385	0.000444182901504563	0.946120896966542
GCCGT	0.0309514221103081	0.00184540220474671	0.00323941106444746	0.0114529997743033	0.000464669619900251	0.000712493417180385	0.951333601809114
CCCGT	0.0328421809930962	0.00193970586200695	0.00250141811591195	0.0114777459566402	0.000683462693175058	0.000539575810401361	0.950015910568768
TACGT	0.0512972409939946	0.00246505268418408	0.00302376052490461	0.0141923021851372	0.000485710836405291	0.000758045814042939	0.927777886961331
GACGT	0.0428391624394523	0.00274228612838018	0.00286052099622411	0.0140203669094931	0.000369960715511652	0.000636942675159236	0.936530760135779
CACGT	0.0377554214836536	0.00240069798070921	0.00272671869413885	0.0120257185885526	0.000446426090548548	0.000733546605216702	0.94391147055718
TTAGT	0.000614556988309993	0.00161882281084523	0.000562120385211871	0.000184576842905391	0.000533175380301708	0.000213102354990769	0.996273645237435
GTAGT	0.00050907333947209	0.00243893045582021	0.000420843297142677	0.000151951739567323	0.00065822412531467	0.000142848639961907	0.995678128402721
CTAGT	0.0004685121122441	0.00263346199752807	0.000550373822963818	0.000146181626285211	0.000816424382802901	0.000176879767805105	0.995208166290371
ATAGT	0.000571854530971641	0.00225826475564095	0.000463314298426436	0.000168192509109306	0.00066200571585423	0.000145318327870441	0.995731049862127
TGAGT	0.000632873552729498	0.00139790715127448	0.000516446845701573	0.000171493392784376	0.000352820122310976	0.000182900063405355	0.996745558871794
GGAGT	0.000543828526099983	0.00175886883666571	0.000606183967258049	0.000170141275159864	0.000392839279295811	0.000187511719482468	0.996340626396038
CGAGT	0.000603965612511083	0.00172836967835619	0.000639304026009072	0.000176692067489945	0.000330896053662987	0.000173479484444673	0.996347293077526
AGAGT	0.000664391853841641	0.00176006938244522	0.000563536150098403	0.000208775231094952	0.000501923910846697	0.000184051848465286	0.996117251623208
TCAGT	0.000614722961133583	0.00238772554427794	0.000671656001338696	0.000195418813677009	0.00067588751108367	0.000270047258270197	0.995184541910219
GCAGT	0.000532290616645964	0.00287322933350989	0.000716443877759065	0.000199937826351367	0.000693643950192681	0.000269652989487041	0.994714801406054
CCAGT	0.000603567386415416	0.0027431540575897	0.000689922537592051	0.000205782487910279	0.000787761086531536	0.000252175414872194	0.994717637029089
TAAGT	0.000632615821016855	0.00128987901168372	0.000617049061237903	0.000131020228139513	0.000357170654928177	0.00023393380667814	0.996738331416316
GAAGT	0.000534903744964017	0.00181943809594676	0.000571471091599077	0.000134788940503651	0.000432430134044838	0.000227482912206478	0.996279485080735
CAAGT	0.00061228214686228	0.00215269600471876	0.000643349317104764	0.000138507800664406	0.000663629275457496	0.000207114468283224	0.995582420986909
AGAAA	0.000504643164055755	0.00166169269452497	0.000259093497809624	0.000129208153115725	0.00047376322809099	9.73801489415157e-05	0.996874219113461
AGAAC	0.000428866527656621	0.00116174997000366	0.000335229317931972	9.80961244734427e-05	0.000321041861913085	0.000130524595373754	0.997524491602647
AGAAG	0.000559519500042087	0.00155797907856666	0.000286602051244447	0.000145624826037719	0.000350119262601324	9.88906176816424e-05	0.997001264663826
AGAAT	0.000488272689754708	0.000992892209006298	0.00037052813526267	0.00014593691260985	0.000287846345488583	0.000140014148299385	0.997574509559578
AGACA	0.000530690494669877	0.00229523638944722	0.000633944406132821	0.000100658142739015	0.000664516793325759	0.000240541235084064	0.995534412538601
AGACC	0.000676010489780678	0.00199398777561207	0.000670066352780208	0.000114019355190826	0.000474450207855663	0.000259920899747806	0.995811544919033
AGACG	0.000379969024264326	0.00236654620547238	0.000555498193082086	5.98864223025297e-05	0.000563758389261745	0.000214765100671141	0.995859576664946
AGACT	0.00087888214485525	0.00205325052806701	0.000812288080340355	0.000154721539112449	0.000545513055427396	0.000296682538916654	0.995258662113281
AGAGA	0.000378905078763775	0.00147962329219616	0.000373495121571101	0.000130463198454084	0.00043654193039341	0.000102789186660793	0.997098182191961
AGAGC	0.00036722267412937	0.00145734281368322	0.000398171000125179	0.000109935844582126	0.000442052954895355	0.000121483727416383	0.997103790985168
AGAGG	0.000405651476270891	0.00151042574374445	0.000428020734633154	0.000155583199952457	0.000380945131214063	0.000159255764758202	0.996960117949427
AGATA	0.000560821344065914	0.00265969354109531	0.000964774292972935	0.000155185257871781	0.000934141194347486	0.000418764557033612	0.994306619812613
AGATC	0.000558328182547264	0.00202387580901396	0.00109622349473598	0.000161419675832512	0.00060685624964881	0.000514908333035354	0.995038388255186
AGATG	0.000419489230687752	0.00240487782981655	0.00101013265095557	0.0001085052975451	0.000738223542226484	0.00043531291991308	0.994883458528856
AGCAA	0.00169472027808791	0.000872686351338033	0.00167244541667264	0.000592572340663797	0.000323748328241137	0.000565415317842439	0.994278411967154
AGCAC	0.000952798537794178	0.000503988057995576	0.0020198934875678	0.00037885319315601	0.000189180268103911	0.00078283189066957	0.995172454564713
AGCAG	0.00114224336737118	0.000862709964527211	0.00215170836839148	0.000433276774408158	0.000300148991303716	0.000731329265190544	0.994378583268808
AGCAT	0.000888687400879057	0.000591936277589927	0.00233251080812221	0.000342555716197874	0.000181652402646644	0.000763801374059489	0.994898856020505
AGCCA	0.00110479433996251	0.000798755400091375	0.00206903515458706	0.000509545485426999	0.00030790883156078	0.000798443751476435	0.994411517036895
AGCCC	0.00136481622452838	0.000937569406415145	0.00291330336954194	0.000611482879892216	0.000298394603126701	0.00114215055477095	0.992732282961725
AGCCG	0.000970650534852766	0.000800399757669024	0.00193024582443386	0.000413466173160518	0.000243215395976775	0.000745123531310666	0.994896898782596
AGCCT	0.00142500901934566	0.00172327410021516	0.00243530265497171	0.000637779587816696	0.000581616907695525	0.000942390734236611	0.992254626995719
AGCGA	0.00364690434308649	0.00249733666972227	0.0367267051507569	0.00106533211109184	0.000577261353219533	0.0121125783514605	0.943373882020663
AGCGC	0.00336220840033386	0.0021644511300887	0.040535123996171	0.000924253641606504	0.000443264501586793	0.0131989078717174	0.939371790458496
AGCGG	0.00359352356571698	0.00378846394338637	0.0412685101405778	0.00112918294234914	0.000386202635005407	0.0134508860591883	0.936383230713776
AGCTA	0.000864784478003832	0.00096283878102159	0.00187846623096056	0.000302334100971419	0.0003763287833413	0.000705446235599977	0.994909801390101
AGCTC	0.000622191933573234	0.000770448605244981	0.00275319930606156	0.00024255763660394	0.000267348096457249	0.00107328108541383	0.994270973336645
AGCTG	0.000636530132758716	0.0009753125448304	0.00207143122109722	0.000265904800172543	0.000379817103456336	0.000715645017748325	0.994955359179936
TTCCT	0.00312245683211942	0.000587262509974042	0.000530511204410257	0.00109121410338045	0.000201353632140307	0.000239490509479171	0.994227711208496
GTCCT	0.00267183837389408	0.000705824441996377	0.00076557990607151	0.00106672377947986	0.000248488068431247	0.000318301382895265	0.994223244047232
CTCCT	0.00288477845783673	0.000812362819592164	0.000605504833490281	0.00120826982610504	0.000300012575869619	0.000237270219820173	0.993951801267286
ATCCT	0.00253373600276364	0.000739056487266923	0.00112102270652757	0.00101108705098406	0.000278450164040849	0.000509957000714582	0.993806690587702
TGCCT	0.0036203763518318	0.00066604003327586	0.00104916554740183	0.00136054579845797	0.000199550589995864	0.000461841976846322	0.99264247970219
GGCCT	0.00328453776509683	0.000825184426188012	0.00129498267618953	0.00132485131492885	0.000250592816541758	0.000583197827588092	0.992436653173467
CGCCT	0.0029210489918397	0.000472058354831532	0.000620892039953576	0.00107490994810365	0.000174390984587445	0.000305184223028029	0.994431515457656
TCCCT	0.00322210046668422	0.000505387512507151	0.000651290098553966	0.00124782421493185	0.000204739759440986	0.000249292763571831	0.99391936518431
GCCCT	0.00289840228165349	0.000556634683035262	0.000912076107142117	0.00118947893384644	0.000228628703327736	0.000283499592126393	0.993931279698869
CCCCT	0.00353063113202711	0.00170611935541669	0.00120665132850567	0.00131658714818556	0.000770607812948431	0.000497882414127176	0.990971520808789
TACCT	0.00401441468558803	0.00080110618497871	0.00151964565291461	0.00140102131893537	0.000227319758946992	0.000643811363270562	0.991392681035366
GACCT	0.00332197901232682	0.000785128385293354	0.00193624268715536	0.00127514625689279	0.000227290085081033	0.000794904302931248	0.991659309270319
CACCT	0.0039221697262596	0.000875725826811411	0.00138365432009714	0.00148321131027518	0.000271997210901528	0.000589076832449718	0.991474164773205
TTACT	0.000597563435093407	0.00168475540981647	0.000592708232183273	0.000162089081769087	0.000562456583281669	0.000157607356005886	0.99624281990185
GTACT	0.000557597888036318	0.00245820071879138	0.000575691034845756	0.000166950400105269	0.000753332839883875	0.000139810679891112	0.995348416438446
CTACT	0.00050148879485974	0.00292625979754207	0.000680462150996277	0.000144450576780251	0.00101705924972007	0.000171705402587846	0.994558574027514
ATACT	0.000534017726200344	0.00240219416636556	0.000621249477495094	0.000182876717181378	0.000750990102517234	0.000119556207358286	0.995389115602882
TGACT	0.000795131749910585	0.00160926558625026	0.000722079284305417	0.000261806524134128	0.000440426136567573	0.000146527199797649	0.996024763519034
GGACT	0.000738713714744202	0.00194973003258077	0.000713757170327168	0.000280137211081205	0.000477293911975772	0.000131021858189428	0.995709346101102
CGACT	0.000820819346080588	0.00220463657697286	0.00107864080734949	0.000194681511570396	0.000405148010565418	0.000131541561871889	0.995164532185589
TCACT	0.000564779224482534	0.00235191522534783	0.000758979697754004	0.000200038778638808	0.00054296239916248	0.000219397370119983	0.995361927304494
GCACT	0.000561771006903118	0.00250366454102407	0.00122677557974918	0.000209473934777434	0.000665004572846064	0.000369335621844423	0.994463974742856
CCACT	0.00060525383836706	0.00275439465214162	0.000865375876344878	0.000210761530771183	0.000742758108442684	0.000223689282658635	0.994597766711274
TAACT	0.000707283919237018	0.00130891730303801	0.00067236177572469	0.000178589189607347	0.000393426680075591	0.000142782941195973	0.996596638191121
GAACT	0.000678503927759131	0.0018766751260905	0.000763038843348793	0.000203328718023556	0.000565494093234003	0.000137925388593659	0.99577503390295
CAACT	0.000893806467589615	0.00370105056097259	0.000996070359562852	0.000210042013415619	0.00127378700737252	0.000210042013415619	0.992715201577671
ATAAA	0.000420924652093958	0.00154653161975815	0.000711263937706741	0.000109344676858807	0.000574396113731627	0.00017306674572591	0.996464472254125
ATAAC	0.000406883834665203	0.00129912909864234	0.000361896678498289	9.69723144042376e-05	0.000377892111802081	0.000129463038302565	0.997327762923685
ATAAG	0.000400811805523849	0.00203719064864037	0.000336164740116777	0.000109900011192023	0.000511519905033461	0.000113536408621171	0.996490876480872
ATAAT	0.000623656566376008	0.00125368819106182	0.000451310162414503	0.000152781569838324	0.000418335722881051	0.000112113094413734	0.996988114693015
ATACA	0.000453901237409812	0.00242212307296498	0.000377451743725499	7.67315951370223e-05	0.000822607836101313	0.000119046813043468	0.995728137701618
ATACC	0.000652244166585656	0.00248680404299425	0.000438113654695501	7.88210473215294e-05	0.000713987320320854	0.000132682096324575	0.995497347671758
ATACG	0.000403339914713124	0.00213705099973002	0.000377317984731633	7.15603074491027e-05	0.000627779060803492	9.43294961829081e-05	0.99628862223639
ATAGA	0.000303489711628767	0.00211567683631403	0.000347595482868933	8.64613134628666e-05	0.000640933866196392	8.92616798908137e-05	0.996416581109638
ATAGC	0.000338277210443675	0.00174395198071511	0.000386514180123029	9.15265578531333e-05	0.000509580295074201	0.000118118733445598	0.996812031042345
ATAGG	0.000300738830910484	0.00216044594932729	0.000386918930677322	9.8661355595139e-05	0.000549175256445231	0.000109953920392173	0.996394105756652
ATATA	0.00051852920418947	0.00397563129395966	0.000569623829811204	9.29813858487386e-05	0.00128187930005057	0.000139742898343541	0.993421612087797
ATATC	0.000592880340511086	0.00276144921891362	0.000519040181569064	0.000109680703925576	0.000941354073062031	0.00014206673854927	0.994933528743469
ATATG	0.000381854356293019	0.00409716859858196	0.000513008933885856	7.3107695165385e-05	0.00112234431590808	0.000166610240913388	0.993645905859252
ATCAA	0.0012823725417005	0.00101030161055594	0.00143487089801083	0.00041971706702684	0.000397188900753723	0.000514681952547364	0.994940867029405
ATCAC	0.000591383279682502	0.000478678543297614	0.00179103444374936	0.000225409472769776	0.000189951802895879	0.000665253425253121	0.996058289032352
ATCAG	0.000625956085068668	0.000843272356944107	0.00174620016106971	0.000232230133670813	0.000292311691189317	0.000607633340577209	0.99565239623148
ATCAT	0.00125165322805458	0.000714900512702763	0.00199492542700213	0.000465823499739871	0.000236210783154212	0.00066574491676704	0.994670741632579
ATCCA	0.00109642542411962	0.000799912822926307	0.00194055850181777	0.000472209149170712	0.000299276367116555	0.000834262485115146	0.994557355249734
ATCCC	0.00116155621109374	0.000738949545759047	0.0027511057309969	0.00057637085179483	0.00029920356027752	0.00114490658580825	0.99332790751427
ATCCG	0.000960065366152589	0.00069451537125932	0.0019037891941579	0.000445306914513329	0.000277806148503728	0.000931467674394852	0.994787049331018
ATCGA	0.00287047414286041	0.00319831049914991	0.0280185723107889	0.000865335498578105	0.000956824714286803	0.0101553029436655	0.95393517989067
ATCGC	0.00209135800927689	0.00206326514049556	0.0296598265733567	0.000774114606418908	0.000608678823595513	0.0108937902274274	0.953908966619429
ATCGG	0.00257586509395482	0.00303404500220709	0.0350004749425878	0.000888422017220859	0.000603456464527376	0.0128513876704904	0.945046348809012
ATCTA	0.00115558484326433	0.00124087904113735	0.00168683347671707	0.000364989892421069	0.00044682036652259	0.000555927665324618	0.994548964714613
ATCTC	0.000887736040939808	0.00086486696260178	0.00190610302935593	0.000359321730856589	0.000349619697622274	0.000773390649249669	0.994858961889374
ATCTG	0.000812324594735299	0.000996331823376996	0.00192272593993286	0.000362030482368218	0.000373998432198572	0.000600267483678708	0.994932321243709
TTCAT	0.00206116216633028	0.000483832977295458	0.000899337478433825	0.000669811540920216	0.000135935172636466	0.000328169160134761	0.995421751504249
GTCAT	0.00183784031636232	0.000508645100612027	0.000775230583113089	0.000695788109327773	0.000154086408885614	0.000278848414696111	0.995749561067003
CTCAT	0.00309436359069154	0.000596373337395333	0.00061803423189944	0.00130349673217457	0.000199140481731306	0.000221500114767804	0.99396709151134
TGCAT	0.00311579572808762	0.000510209756487862	0.000908115958980858	0.0010631163913316	0.000104410013458487	0.000348033378194955	0.993950318773459
GGCAT	0.00257315129580052	0.000487250045143005	0.000764977664026128	0.000990692689973542	0.000112366828134691	0.000285087891468365	0.994786473585454
CGCAT	0.00339362446287599	0.000375736984111122	0.000639552313380634	0.0010352753072849	7.99440391725792e-05	0.000275806935145398	0.994200059958029
TCCAT	0.00251066735446627	0.000270680288809573	0.00056720275941492	0.000885591691539767	8.24961957326606e-05	0.00019149719330714	0.99549186451673
GCCAT	0.0020041296319595	0.000323167136615823	0.000568379452490731	0.000797803450240895	0.00010163729792803	0.000167750880075389	0.99603713215069
CCCAT	0.00260770910567391	0.000423533962129588	0.000701806276090764	0.000977015844458028	0.000155762490204683	0.000257270629888634	0.994876901691554
TACAT	0.00515867049129076	0.000564098782969755	0.00103868874078792	0.00137611769315795	0.000132009418389041	0.000237294978909081	0.991493119894496
GACAT	0.00349958323660861	0.000610370434809743	0.000710128886974619	0.0012405980022779	0.000100704029910515	0.000205190370803585	0.993633425038615
CACAT	0.00411657372932935	0.000534399956631981	0.000706886397965646	0.00128687205695009	0.000135833072550261	0.000223616350729002	0.992995818435844
TTAAT	0.000716107142798349	0.000912713241773528	0.000753735104324699	0.000126053671113273	0.000300553342691721	0.000230471264348894	0.99696036623295
GTAAT	0.00033536499434863	0.00134472784579256	0.000533479515979672	0.000120094163627889	0.000427682276593198	0.000146645594361947	0.997092005609296
CTAAT	0.000327308246305399	0.00167458189937847	0.000629652304333268	0.000123632170517294	0.0006086506856236	0.000204468589701678	0.99643170610414
TGAAT	0.000375333859197343	0.000853965653706922	0.000542449367110857	0.000144400778682551	0.000231473907401243	0.0001711717095619	0.997681204724339
GGAAT	0.000408214368099054	0.00117874918125644	0.000452497978050627	0.000159420995825666	0.00028784346468523	0.000150966852107638	0.997362307159975
CGAAT	0.000444210518457134	0.000974276851405982	0.000541264917447768	0.000145581598485951	0.000227704551478027	0.00017544449048307	0.997491517072242
TCAAT	0.000425413263718951	0.00174107635648413	0.000698867619420348	0.000146583003252781	0.000429355593879783	0.000255534673152158	0.996303169490092
GCAAT	0.000350041579136773	0.00215640587789071	0.000656561945894242	0.000124480026805323	0.000420705052999945	0.000237728772996632	0.996054076744276
CCAAT	0.000395824981662131	0.00195688186974982	0.000665269062410428	0.00014104108541984	0.000536866067081971	0.000199176299840204	0.996104940633836
TAAAT	0.000435250499377161	0.000622102322564477	0.000845440004717364	0.000130280314589184	0.000195696879906242	0.000304601640758021	0.997466628338088
GAAAT	0.000327368726384179	0.000814126231843527	0.000476131586854337	0.000143110776105791	0.000231509375564502	0.000167301697185285	0.997840451606062
CAAAT	0.000488167368085672	0.00163019922968926	0.000657964713506776	0.000160390958387832	0.000588984541929453	0.00022720042526517	0.996247092763136
CAAAA	0.000658996325939517	0.0015693437667304	0.000265634293814185	0.000146443627986559	0.000561640864733206	7.38785118766275e-05	0.99672406260892
CAAAC	0.000674574324599084	0.00140501480453116	0.000345458062569334	0.000180519889681445	0.000488733848695449	8.96898820312022e-05	0.996816009187892
CAAAG	0.000487875021825988	0.00155201018023536	0.000251640800731299	0.000154336087236919	0.000505984510170775	7.46002803456912e-05	0.996973553119454
CAACA	0.000727680332773311	0.00286989545964052	0.000481092069198872	0.000127703325904113	0.000965123601142341	0.000129989574705466	0.994698515636635
CAACC	0.00115651691489816	0.00326287745310223	0.000776091740993861	0.000157900833399379	0.00097544916385717	0.000212160193138934	0.99345900370061
CAACG	0.00066749733001068	0.00406060875756497	0.000582206004509315	8.8999644001424e-05	0.00137949448202207	0.000148332740002373	0.993072861041889
CAAGA	0.000374575902391064	0.00206403571687606	0.000382957118795684	0.000121849992344081	0.000634071256457163	9.02592535882083e-05	0.996332250759548
CAAGC	0.000531614446622587	0.00207994152241087	0.000484544417494545	0.000127365961169995	0.000521092910699848	0.000114629365052995	0.996140811376549
CAAGG	0.000508403022445243	0.00196282179551644	0.000433322407316198	0.000181909604655513	0.000600644921032354	0.000101251572402597	0.996211646676632
CAATA	0.000356652645006845	0.00521099205598266	0.000446441826447886	0.000107675472564755	0.00198072787904002	0.000132716280137953	0.99176479384082
CAATC	0.000460335226861145	0.00629514264550215	0.0005175850393388	0.000108657807355549	0.00233964794870417	0.000168828528633085	0.990109802803605
CAATG	0.000439471746082991	0.0086288199033485	0.00060936853680929	0.000105327939143857	0.00298388805375357	0.000198145663293617	0.987034978157568
CACAA	0.00163173876731309	0.000958284453584756	0.00247967740400431	0.000488969901109458	0.000313106255435394	0.000843800668557718	0.993284422549995
CACAC	0.000742518979934712	0.000637611476001466	0.00331715014682339	0.00023431436507246	0.000152335746729414	0.00109210596160448	0.993823963323834
CACAG	0.000658659858845185	0.00143659224916376	0.00335684870075899	0.000226649114925815	0.000389748823318563	0.000980163506675036	0.992951337746313
CACCA	0.00113777467304455	0.000921753880310145	0.00293892541548162	0.000491015587708515	0.000327126509661147	0.00117524434297585	0.993008159590818
CACCC	0.00195666987604586	0.000930770035713731	0.00377865597607936	0.000893218797048573	0.000329950217071194	0.00151106184388598	0.990599673254155
CACCG	0.000929190110428875	0.000716737095230313	0.00273620806387598	0.0003385240352065	0.000226460906310555	0.00103658394228749	0.99401629584666
CACGA	0.00227082345104609	0.00273508068992663	0.0418184754195977	0.000638353703460735	0.000656015663635538	0.0138293148168707	0.938051936255463
CACGC	0.00224772630394991	0.002165339523088	0.0467974825465396	0.000755809163559252	0.000560588313256033	0.0154905058190142	0.931982548330593
CACGG	0.00227050513488854	0.00239651466961	0.0486560149717995	0.000695385950870283	0.000471369000254353	0.0152448201913945	0.930265390081183
CACTA	0.000613367799336453	0.0013817361143361	0.00280870584219259	0.000201440358877459	0.000449320560969181	0.000952921458162828	0.993592507866125
CACTC	0.000472903973078742	0.0010554668384656	0.0032509292448843	0.000214291752052106	0.000385633771283535	0.00121081693590209	0.993409957484334
CACTG	0.000563616995875138	0.00102759070238647	0.00365749485664786	0.000234763291658993	0.000336566033114272	0.000906352892107912	0.993273615228209
TTCTG	0.00196403533886672	0.000733100583394227	0.000569529889754777	0.000600154881742424	0.000244287726785188	0.000219360407725475	0.995669531171731
GTCTG	0.00179298517975926	0.00110421648265662	0.000471153190383894	0.000592976225245585	0.00036442788206489	0.000195229222534763	0.995479011817355
CTCTG	0.00177046050155268	0.00143666736591353	0.000365544190004822	0.00063257869851614	0.000472466544022565	0.000131617618524379	0.995190665081466
TGCTG	0.00278367512360699	0.000670929314340531	0.000561278564096164	0.00102108474882254	0.000190525751115212	0.000239898878987675	0.994532607619031
GGCTG	0.00200700885122263	0.000664508086834492	0.000639734071327213	0.000779283905513786	0.000224220520097528	0.000248680940471804	0.995436563624533
CGCTG	0.00266290900618017	0.000735073840247651	0.000554772709620868	0.00090705338023012	0.000205265902559721	0.000213587493204034	0.994721337667957
TCCTG	0.00218584632444388	0.000466583100087259	0.000441753239205423	0.000803559783483613	0.000193727486001143	0.000136154951428972	0.99577237511535
GCCTG	0.00194626291418041	0.000602313719962621	0.000530858300313751	0.000761864862466263	0.0002381847321629	0.000154656935678376	0.995765858535236
CCCTG	0.00239107457796945	0.00084453225241581	0.0005539911706921	0.000895180630175754	0.000367495206072152	0.000191992687787695	0.994755733474887
TACTG	0.00423055817379823	0.00100353937542668	0.000665694446249172	0.00102402997024366	0.000314355710728775	0.00021640067209151	0.992545421651462
GACTG	0.00334394821946848	0.000952864032923611	0.000720837322791759	0.000783593926772831	0.000296510560094054	0.000238359945395997	0.993663885992553
TTATG	0.000786576712173787	0.00238658186770617	0.000569614724200499	0.000287850558301195	0.000842786336120662	0.000146073417645382	0.994980516383852
GTATG	0.000705866744466578	0.00529464462249976	0.000381915127252446	0.000231854040153256	0.00145424006296125	0.000100470084066411	0.9918310093186
CTATG	0.000567351826087964	0.00739822566906163	0.000746986898229093	0.000187536908159067	0.00260971304219106	0.00021703709595937	0.988273148560312
TGATG	0.000829498039602459	0.00212158660084657	0.000473998879772834	0.000362123367776761	0.000578882172269152	0.000117027673732734	0.995516883266
GGATG	0.00116469191659014	0.00247191606073502	0.000618997102523431	0.000513116019197055	0.000664811032808883	0.000147113620583283	0.994419354247562
CGATG	0.000603659686851537	0.00242973023957744	0.000399924542539144	0.000252782493869081	0.000558385210337672	0.000128277683455952	0.995627240143369
TCATG	0.000732161663268351	0.00391132176320595	0.000751188001004872	0.000305478422547479	0.00112995305779673	0.000252979823978189	0.992916917268198
GCATG	0.000691233495200225	0.00653014500359789	0.000898786409764313	0.000281613646192684	0.00144875591685814	0.000330530302268361	0.989818935226118
CCATG	0.000622173272463862	0.00553551767906657	0.000572652599072065	0.000236805626144235	0.00163455455781948	0.000191008311654076	0.99120728795378
TAATG	0.00041507563539138	0.00169047647959929	0.000420963233056506	0.00013872651998453	0.000597223188156214	0.000130263098340912	0.996607271845471
GAATG	0.000367832288730624	0.00203410893984369	0.000435105450681358	0.000121164028244601	0.000582310702906888	0.00012297244657661	0.996336506143016
CCAAA	0.000966974195278506	0.00188393714478499	0.000244108945579114	0.000247893580394294	0.000527686225659392	9.19125597972301e-05	0.996037487348507
CCAAC	0.00074899546995171	0.00161537937364968	0.000307500433764578	0.000164343807244756	0.000368198843408983	0.000108226409648986	0.996687355662331
CCAAG	0.000664341339058525	0.00294766577330169	0.000260393093880683	0.000180241467739768	0.00055507991834902	9.0120733869884e-05	0.9953021576738
CCACA	0.000848064654448006	0.00270873330427764	0.000417161840825276	0.000180746642181897	0.000628561422324571	0.000140580721697031	0.995076151414246
CCACC	0.00117014374740463	0.00327875232642715	0.000459319054911575	0.000189088180079505	0.000535321488458094	0.000142825829225102	0.994224549373494
CCACG	0.000573626352958878	0.00333267507358404	0.000364863975324663	0.000135413434141112	0.000567984126536331	0.000167386050535541	0.994858050986919
CCAGA	0.000384053515582198	0.00242663576765017	0.000308698939539056	0.000142700453183148	0.000653072992373899	9.31921326910357e-05	0.995991646198981
CCAGC	0.000422237011081081	0.00222889229938083	0.000360365254632459	0.000143361386893147	0.000481996073407066	0.000110161907823155	0.996252986066782
CCAGG	0.000522185252133621	0.00342327715560895	0.000376537906133108	0.000156937837938537	0.000764930828801142	0.000124195411318267	0.994631935608066
CCATA	0.000502210637968303	0.00589735715001627	0.000560096175749068	0.000164545000913841	0.00190593492915185	0.000215998812274521	0.990753857293926
CCATC	0.000570643875081955	0.00514989012115504	0.000671019107600114	0.00017512274609551	0.0012933455492127	0.000243890458586674	0.991896088142268
CCCAA	0.00114625234121095	0.000701370244424125	0.00173526715813024	0.000309450302016685	0.000298101268935389	0.00068661650141844	0.995122942183864
CCCAC	0.00101177247221917	0.000736714710089119	0.00264407525580372	0.000433491033116955	0.000320827373748487	0.00107690615029156	0.993776213004731
CCCAG	0.000638771722541109	0.000576166606431067	0.00208442611685906	0.000274614473454807	0.000252914692173637	0.00079141845982934	0.995381687928711
CCCCA	0.000993661036047603	0.00123522870752166	0.00258572513859707	0.000373193520812672	0.000558458805864426	0.00100773663265318	0.993245996158503
CCCCC	0.00175263464472421	0.0017886275607307	0.0039210241967887	0.000574417557491338	0.000724265615967339	0.00140886556939691	0.989830164854901
CCCCG	0.000810797920541804	0.000914857546707597	0.00256897202096801	0.000297003516348201	0.000351201238309551	0.000966887359790493	0.994090280397334
CCCGA	0.00213377522153524	0.00250832087212387	0.0351590542154829	0.000612892882781399	0.000947713994671237	0.0122663700567777	0.946371872756628
CCCGC	0.00228952442159383	0.00207923786481173	0.0369371881143203	0.000588329804929684	0.000602506426735218	0.0127636851655829	0.944739528202026
CCCGG	0.00219637245351395	0.00213394750719119	0.0401293839150626	0.000566752802140847	0.000637391557190286	0.0136924191473738	0.940643732617527
CCCTA	0.000611276406483474	0.0010465461057238	0.00286942055086448	0.000200837529011894	0.000441112245538851	0.00112469016246661	0.993706116999911
CCCTC	0.000652741822661099	0.0010433478192897	0.00354709919550279	0.000228129016168821	0.00046003656676694	0.00139616847162533	0.992672477107985
TTCGG	0.0432123848678969	0.00271297447174682	0.0019719858495076	0.0144492781336648	0.000302769544570864	0.000533830512795997	0.936816776619817
GTCGG	0.0316724827251508	0.00394028333063715	0.00189503362529177	0.0114510873333179	0.000496868572485036	0.000647084652538652	0.949897159760579
CTCGG	0.0299156323419167	0.00224380227531246	0.00130369067385053	0.0111497582199169	0.000470921465189035	0.000496891398931078	0.954419303624883
TGCGG	0.0467461194268191	0.00369888772653651	0.00388464684584274	0.0147434079954636	0.000319375327930024	0.00119928694569642	0.929408275731712
GGCGG	0.0364449956963149	0.00211887437694579	0.00276041750200928	0.0123782181852527	0.000276219956624556	0.000908852760506605	0.945112421522346
CGCGG	0.0339892042486505	0.00167160020895003	0.00233327529165941	0.0114051889256486	0.000304718788089849	0.000618143827267978	0.949677868709734
TCCGG	0.047305846730997	0.00181105959113713	0.00245786658797182	0.0157335801980038	0.000319360954687127	0.000359786391989295	0.932012499545214
GCCGG	0.0380822526713764	0.0019602995637397	0.00245474454924347	0.0129679434834398	0.000536897332743995	0.00052690854515806	0.943470953854299
TACGG	0.0658964440123291	0.00287023437661612	0.00273060135288885	0.0175472166483937	0.000444757038538715	0.000667135557808072	0.909843611013425
GACGG	0.0568762708321456	0.00254912979387069	0.0021202027359031	0.0163290902131333	0.000314908472938232	0.000475077437622332	0.921335320514387
TTAGG	0.000430160388373379	0.00157813768099051	0.000397845383828088	0.000114956655513575	0.000440225717657978	0.00015945600603496	0.996879218167601
GTAGG	0.000397012236835845	0.00272494762555512	0.00029119699189406	0.000115658523541021	0.000625868464268078	9.84327859923583e-05	0.995746883371914
CTAGG	0.00035177860030633	0.00307934661618515	0.000470535974497335	0.000101425216876643	0.000686866975050681	0.000127102486971995	0.995182944130112
TGAGG	0.000334844937343021	0.00123694152762279	0.000391185959305136	0.000126127060528825	0.000265379018219278	0.00012100514944136	0.99752451634754
GGAGG	0.000421094110120523	0.00131908655320377	0.00043874646632571	0.000158017059578695	0.000329985174867942	0.000148906166053437	0.99718416446985
CGAGG	0.000405018928435635	0.00135144071018829	0.000456679506042221	0.000146716040402705	0.000264502157345721	0.000148782463506968	0.997226860194078
TCAGG	0.000363804283128225	0.0026224810679552	0.00041858562305873	0.000133441725471743	0.000645787718796145	0.000176283542596881	0.995639616038993
GCAGG	0.00043542189619737	0.00302967530199271	0.000543871193104737	0.00014175582254933	0.000575146833036824	0.000218523302382635	0.995055605650736
TAAGG	0.000398060995628124	0.00132045269104521	0.000496585338785014	9.85243431568898e-05	0.000313126217044598	0.000190253904027098	0.997182996510313
GAAGG	0.000375826136930778	0.00169613284735561	0.000479045991439936	0.000106622706855613	0.000364861390481088	0.000167117859681493	0.996810393067255
CGAAA	0.000516139392045145	0.00145092517986024	0.00028387666562483	0.000160576699747378	0.000467392893907548	0.000114697642676699	0.997006391526138
CGAAC	0.000382627797684427	0.000913805210940454	0.000306102238147541	8.55285665412248e-05	0.000310603741649711	0.000130543601562922	0.997870788843474
CGAAG	0.000573481242237773	0.00126306604885497	0.000242761998247892	0.000105548694890388	0.000299054635522765	8.09206660826306e-05	0.997435166714164
CGACA	0.00052863436123348	0.0020995407254663	0.000412409785359453	8.99803168056988e-05	0.000532383541100384	0.000172462273877589	0.996164588996157
CGACC	0.00130452214396419	0.00257912405526865	0.000628324885854312	0.000119680930638917	0.000376994931512587	0.000227393768213942	0.994763959284547
CGACG	0.000735762986216707	0.00215823809290234	0.000343356060234463	0.000147152597243341	0.000416932358856134	0.000318830627360573	0.995879727277186
CGAGA	0.00033818176142404	0.00114288092706894	0.000291356594457634	9.53845993760113e-05	0.000274013940025632	0.000105790192035213	0.997752391985612
CGAGC	0.000530422523415363	0.0018937014651759	0.000362920673915775	0.000153543362041289	0.00038153199052684	0.000148890532888523	0.996528989452036
CGATA	0.000407119054679607	0.0022667986871667	0.000598113179097201	0.000170889479742057	0.000794133464683679	0.000392040571172955	0.995370905563458
CGATC	0.000454035193090085	0.0014550576660446	0.000471910594392844	0.000107252407816555	0.000471910594392844	0.000218079895893663	0.996821753648369
CGCAA	0.000861026175195726	0.000667820301737173	0.00220086690635395	0.000252007661032895	0.000197406001142435	0.000848425792144081	0.994972447162394
CGCAC	0.000475260465012661	0.000375010210674053	0.00294438709964875	0.000174509701996837	0.000137379978167722	0.00115844738346836	0.994735005161032
CGCAG	0.000678803912695374	0.000690407398382474	0.002282985808937	0.000229168842320233	0.000165349671041181	0.000931179726389808	0.995022104640234
CGCCA	0.000622108754942966	0.000525240609709632	0.00257454003775705	0.000256162428505927	0.000170057410520742	0.000942849946937783	0.994909040811626
CGCCC	0.000879596192720333	0.000568913133823701	0.00310077832158521	0.000423658716677224	0.000191655133734935	0.00129115037463535	0.993544248126823
CGCCG	0.000604523256365274	0.000651936845099806	0.00239438623109383	0.000320041723958086	0.000189654354938125	0.000723057228201603	0.995116400360343
CGCGA	0.00199988060414304	0.00286550056713032	0.0379081845859949	0.000626828249059758	0.000567130320577876	0.0114769267506418	0.944555548922452
CGCGC	0.00142485840917065	0.0010525335987341	0.0415142163636754	0.000443925735520503	0.000293563792844204	0.0126232430923008	0.942647659007754
CGCTA	0.000685009704304144	0.000709045132525342	0.00322074738164054	0.000222327711046082	0.000204301139880183	0.00137001940860829	0.993588549521995
CGCTC	0.000584014123743866	0.000647785780934288	0.0032322160986514	0.000187958568561244	0.000278581449831844	0.00139626365216924	0.993673180326108
TTCCG	0.00247624288344727	0.000592605134500201	0.000659625953282962	0.00093476405144377	0.00024691880604175	0.000292775155735218	0.994797068015549
GTCCG	0.00199307992745684	0.000854177111767218	0.000631348300001857	0.00077371115196306	0.000315674150000928	0.000321863839216633	0.995110145519593
CTCCG	0.00178282405546958	0.000823695796487193	0.000575032914528795	0.000739328032965594	0.000337471054086397	0.000184276957165598	0.995557371189297
TGCCG	0.00292821675792593	0.000569569608045258	0.000967918904469549	0.00118107072097728	0.000174714603694864	0.000443775093384956	0.993734734311502
GGCCG	0.00239483643244423	0.000639077908373058	0.000830118991303082	0.000886976456460828	0.000159200902441687	0.000332047596521233	0.994757741712456
TCCCG	0.00232129320412219	0.000633079964760597	0.00061668954496097	0.000909668298879305	0.000239709889569547	0.000237661087094593	0.995041898010613
GCCCG	0.00199823411868581	0.000573911427110925	0.000724940750034853	0.000850411264463962	0.000204470467958548	0.000262558669083136	0.995385473302663
TACCG	0.0031738532637993	0.000872203950357058	0.00117505254423104	0.00121745134737339	0.000248335846976662	0.000393703172036172	0.992919399875226
GACCG	0.00291933630991153	0.000840863602449163	0.00123760910501321	0.00105404029039402	0.000189490389284318	0.000497412271871336	0.993261248031076
TTACG	0.000436262106273449	0.00144156174246879	0.000432468522740637	0.00017450484250938	0.0004817851086672	8.72524212546898e-05	0.996946165256086
GTACG	0.000508942331816064	0.00289595355005197	0.000344073689115085	0.000186373248270671	0.000695315580086735	0.0001003548259919	0.995268986774668
CTACG	0.000457124159733617	0.0030555141203247	0.000577419991242463	0.00014916683107097	0.00103935598423643	0.000163602330852031	0.99455781658254
TGACG	0.000472628484239515	0.0022105615719549	0.000446578095344423	0.000152580849242678	0.000524729262029697	0.000104201555580365	0.996088720181608
GGACG	0.0005667351824126	0.00316779590766446	0.000735909863729794	0.000215697718679422	0.00057096454944553	5.49817714280881e-05	0.99468791500664
TCACG	0.000428067804525137	0.00206781513838795	0.0006244129545346	0.000175118647305738	0.000433374430201068	0.000162736520728564	0.996108474504317
GCACG	0.000395948483891853	0.00565564253342822	0.000703611157186197	0.000152493672850241	0.000636727967339601	0.000163194983225696	0.992292381202078
TAACG	0.000419080181241805	0.00143566081890757	0.00040248294634114	0.000161823040281489	0.000452274651043136	8.29861745033277e-05	0.997045692187682
GAACG	0.000449059123514688	0.0019563358337466	0.000585729291540898	0.000132765306082603	0.000488107742950748	0.000136670168026209	0.996251332534138
CTAAA	0.000431533704730999	0.00232110444970024	0.000352644440428391	0.00011440514823167	0.000835723321835197	0.00010089025434716	0.995843698680726
CTAAC	0.00057136705779088	0.00162000251431617	0.000314665915884832	0.000143029961765833	0.000494582552000801	8.95819234217585e-05	0.99676677007482
CTAAG	0.000506531438296307	0.00230037716756359	0.000247803688882756	0.000136838231912056	0.000638770065774343	8.91173359091118e-05	0.996080562071662
CTACA	0.000554730543826738	0.00347590808040428	0.000320645423403207	0.000107502311765081	0.00107874614143488	0.000116344493252252	0.994346123005914
CTACC	0.000865822399151898	0.00271949064150134	0.000518405332346783	0.000144562806321592	0.000772556072492807	0.000153112219598675	0.994826050528587
CTAGA	0.000275287422799557	0.00280086010903402	0.000270741391964335	9.29410748534284e-05	0.000862230515080447	6.81904625283306e-05	0.99562974902374
CTAGC	0.000356815258464789	0.00224097387938252	0.000343761041691687	0.00010617429642123	0.000589180317026006	0.000107914858657644	0.996255180348356
CTATA	0.00122303820462669	0.00733963233086294	0.000438703570149075	0.000241333733685419	0.00262894751365453	0.000151535135104798	0.987976809511917
CTATC	0.00115914209734594	0.00657603449650882	0.000535570399663395	0.000347192621091161	0.00224609562991054	0.000150564720829632	0.988985400034651
CTCAA	0.000630089769761526	0.0010575804356143	0.00167783529741909	0.000198337310460834	0.000410771322326323	0.000653365718592467	0.995372020145825
CTCAC	0.000421767721286275	0.000579883670227969	0.00254638036537929	0.000175016703579167	0.000198302187746352	0.00108202386912356	0.994996625482657
CTCAG	0.000339324212598869	0.000785936827687504	0.00189317566913045	0.000130379344757906	0.000265545836083596	0.000761719497991651	0.99582391861175
CTCCA	0.000577108919113304	0.00100067226392291	0.001906807413687	0.000232944392404406	0.000395449366415968	0.000859484482319706	0.995027533162137
CTCCC	0.000675995660196558	0.000843569092363371	0.00279774773704592	0.000279711418909822	0.000316773973850308	0.00115083984699817	0.993935362270636
CTCGA	0.00138559095592003	0.00277944587380379	0.0255742076237804	0.000402179482235236	0.00096137424178149	0.00956140399204456	0.959335797830435
CTCGC	0.00141096979332273	0.00219594594594595	0.028361817700053	0.000347774244833068	0.000569687334393217	0.010519342872284	0.956594462109168
CTCTA	0.000943241005694268	0.00210237842985847	0.00183947230736686	0.000158004838517314	0.000759119664942687	0.000729956237447756	0.993467827516173
CTCTC	0.000708289272501365	0.00212122026038915	0.0026292254876701	0.000160492513057425	0.000715915982832607	0.000977876902905677	0.992686979580644
TTCAG	0.00188961477891208	0.00066039268678685	0.00044285508674424	0.000612217234782916	0.000182528110077018	0.000152306242670823	0.996060085860026
GTCAG	0.00157114950534976	0.000795001649706981	0.000412164886903421	0.000590752214011511	0.00024614675583813	0.000161304682549242	0.996223480305641
TGCAG	0.00250097250013313	0.000581544549832471	0.00100213393455352	0.000867051936170296	0.000144408372436413	0.000381177933076948	0.994522710773797
GGCAG	0.00198576301665527	0.000735428327520218	0.00121659944475339	0.000764192062203529	0.000199925711440793	0.000468387235151699	0.994629704202275
TCCAG	0.00224338924051933	0.000318632711630758	0.000415992706851267	0.000785202039375796	0.000115061812533329	0.000128970383279116	0.99599275110581
GCCAG	0.00175096767824009	0.000412334013781248	0.000507743292623992	0.00070105078801842	0.000167173649450546	0.000164269888790115	0.996296460689096
TACAG	0.00447821404516034	0.00126461911948508	0.000717854145580677	0.00134566135870015	0.000359467354385105	0.000232321085749893	0.991601862890939
GACAG	0.00312568296824303	0.00186776053662391	0.000775011347780038	0.000934720844611065	0.000506867508363734	0.000237462804498764	0.992552493989879
TTAAG	0.000321548875618018	0.00120080179402357	0.000621182551722705	8.91721911232106e-05	0.000323815965222845	0.000190057678538029	0.997253420943752
GTAAG	0.000326005347804897	0.00243944203690776	0.000442576957019982	0.00011525441589062	0.000546635229652656	0.000117888802539549	0.996012197210185
TGAAG	0.000241530464142101	0.00100171581970514	0.000583804556090842	9.08917272955802e-05	0.000257102823014421	0.00013061713258211	0.99769433747717
GGAAG	0.00026113938698809	0.00159147815133796	0.000561961720038096	0.00010848805415314	0.000308502903255538	0.000114248481807289	0.99705418130242
TCAAG	0.000246934530802635	0.00184675119732426	0.00059322304316169	9.21018661143456e-05	0.000437665166929193	0.000212486982452781	0.996570837213215
GCAAG	0.000247933324686919	0.00208503592168432	0.000545870008974561	8.38598009970462e-05	0.000384921695259734	0.000187512598502712	0.996464866649895
TAAAG	0.00022284613772616	0.000887459076933855	0.000615091575268548	6.31095430687906e-05	0.000235528438247161	0.000196575658075515	0.99777938957068
GAAAG	0.000190266378420882	0.00153256410439447	0.000520555632735921	6.42457901161421e-05	0.000306677553674063	0.000167203787097139	0.997218486753561
GAAAA	0.000430804407741777	0.00118960398072255	0.000255980578836886	0.000125905234578293	0.000315645225031949	7.40996412422564e-05	0.997607960931846
GAAAC	0.000410145433476567	0.000917892320374029	0.000210555944458559	0.000145122760329944	0.000217135817722889	6.50676356139296e-05	0.998034080088024
GAACA	0.000558893065256401	0.00220992070170229	0.000485047667204443	0.000116597996924145	0.000647118882929004	0.000136808316390997	0.995845613369593
GAACC	0.000832160532471322	0.00232238943580909	0.000602358879152881	0.00012952456823403	0.000568236815478325	0.000164343000555006	0.995380986768299
GAAGA	0.000412342952180278	0.00177284497685309	0.000339407638911621	0.000167693791137383	0.000469198038901514	7.69553699055114e-05	0.996761557232111
GAAGC	0.00036575769296668	0.00198832653287356	0.000344725343160742	0.000144148543791917	0.000385764074489401	7.95125419492782e-05	0.996691765270768
GAATA	0.000580001841055963	0.00205596118001997	0.000412853339128738	0.000207983953743815	0.000694894807183994	0.000134964628885338	0.995913340249982
GAATC	0.000657611197433903	0.00179620248555293	0.000458697397218359	0.000245109628134455	0.0005559803760123	0.00017065282313574	0.996115746092512
GACAA	0.0017323984254373	0.00109409882305323	0.00235488735118765	0.000622037192132246	0.000309889262020857	0.000784209561032374	0.993102479385136
GACAC	0.000701361076891618	0.000778043221298434	0.00286903437853798	0.000241268210450716	0.000133414462626494	0.000994997581083575	0.994281881069111
GACCA	0.0013128908716351	0.000873916389763253	0.00283201909827037	0.000569745095237876	0.000293801818575649	0.00109225146670476	0.993025375259813
GACCC	0.00229220467383148	0.000721652269936298	0.0032282608790387	0.00108596464775438	0.000223991103108247	0.00133087320796223	0.991117053218369
GACGA	0.00321559449947389	0.00324734225898915	0.0566833569173833	0.000625884401872211	0.000526105729109974	0.0170530822539095	0.918648633939262
GACGC	0.00238899277162234	0.0032430018698892	0.0588708101922916	0.00051910356953476	0.000457704222600541	0.0183807317685803	0.916139655605481
GACTA	0.000898040085176163	0.00103122084345829	0.00238832533008739	0.000267105543146846	0.000337788068492111	0.000715009545861055	0.994362510583778
GACTC	0.000733888918411867	0.000822009402657472	0.00294026440181326	0.000235436408289783	0.000291268470827075	0.00107157199544464	0.993905560402556
TTCTC	0.00224789525071885	0.000778311251608894	0.000909468446504169	0.000759848538616323	0.000289169245052472	0.000389874952284677	0.994625432315215
GTCTC	0.00179745888181768	0.000914454182136049	0.000529399621315975	0.000747933204524855	0.000370539415071882	0.000241112698817177	0.995399101996316
TGCTC	0.00371808756804725	0.000694189325228892	0.000589225990830021	0.00148093722715497	0.000216606153714032	0.000212789305190437	0.993088164429834
GGCTC	0.00280199857828873	0.000575844204992354	0.000677614184382655	0.00116805343179621	0.000229110305361079	0.000277182556932377	0.994270196738247
TCCTC	0.00321714174460445	0.000559205070702846	0.00049935462470886	0.00123450558483981	0.000212360919822035	0.000160442460646529	0.994116989594675
GCCTC	0.00276372192801745	0.000535440720527393	0.000466295552853836	0.00117894248199185	0.00022133402918621	0.000178248598073039	0.99465601668935
TACTC	0.00378629227127969	0.000895302296187065	0.000601618359583142	0.00133582820109295	0.000292444763875637	0.000203224327439002	0.992885289780542
TTATC	0.000854835519589143	0.00227788523749342	0.000781085004173609	0.000291230728487477	0.000827598113327724	0.000144986808714629	0.994822378588214
GTATC	0.000569916514261561	0.00387030387551501	0.000516150805368961	0.0002150628355704	0.00131932777974919	7.52719924496401e-05	0.993433966197085
TGATC	0.000857981737245879	0.00178585809063103	0.000409744525048356	0.000398095422358477	0.000519651276513738	0.000105854889660206	0.995922814058542
GGATC	0.00102013727345272	0.00196858922498714	0.000651469903587181	0.000509674761331204	0.000445079196525704	0.00016070116122344	0.995244348478893
TCATC	0.000888038800464513	0.00336814331580026	0.000675421818430221	0.000343261151718014	0.000927317439715828	0.000221582758385136	0.993576234715486
GCATC	0.000728023643090919	0.00396047747960957	0.000854291371079928	0.000289333479563388	0.00102385089152231	0.000258307694971803	0.992885715440162
TAATC	0.000468938984973452	0.00148625470647324	0.00039249082622095	0.000158021333734223	0.000524032909437547	0.00012385455887277	0.996846406680288
GCAAA	0.000550024030811822	0.00156167537319785	0.000244891651813835	0.000216408264503937	0.00042790560016134	8.4467976160387e-05	0.996914627103351
GCAAC	0.000606555588957496	0.00154498753634678	0.000300617462948233	0.000206840776497567	0.00030793337465715	7.44892828544293e-05	0.996958575977738
GCACA	0.000755728791228109	0.0031053747812215	0.000382395143762904	0.00021838206077455	0.000595340306758834	0.000154951586690655	0.994787827329564
GCACC	0.000991066773661719	0.0041227517234307	0.000444617510615243	0.000204380629879588	0.000561508888406025	0.000150596253595486	0.993525078220411
GCAGA	0.000477682023983772	0.00268336215791193	0.00033445124708601	0.000191589621675099	0.0005592645025776	9.37644776598749e-05	0.995659885969106
GCAGC	0.000468094627941291	0.0021467970084162	0.000404767282560282	0.000184177029483101	0.000444346873423413	0.000122960595614792	0.996228856582561
GCATA	0.000791204926960064	0.00510803366039726	0.000623928576661408	0.000294870354723542	0.00159706179701198	0.000263124478024527	0.991321776206221
GCCAA	0.000696569267363924	0.000448431124309705	0.00170600836727447	0.000217648579162869	0.000194195068477215	0.000602286154407595	0.996134861439004
GCCAC	0.000442704523938149	0.000255387887855268	0.00187847688401673	0.000150625748602729	9.60721922177662e-05	0.00073864549795569	0.996438087265414
GCCCA	0.000660321156198697	0.000577098861719109	0.00223017558539835	0.000250121650075264	0.00025603361634977	0.000915900005911966	0.995110349124347
GCCCC	0.000980550303052028	0.000629553621837669	0.00313133847730172	0.00038460274643701	0.00024868488264762	0.00131287694803158	0.993312393020692
GCCGA	0.00219579783585783	0.00177120992480523	0.0327158803415797	0.000567792117738981	0.000532619154693204	0.0116271766411328	0.950589523984192
GCCGC	0.00225561067403696	0.001268518479626	0.0359217550919256	0.000499846685680443	0.000411638447030953	0.0124373616495781	0.947205268972122
GCCTA	0.000651184552937686	0.000723538392152985	0.00261277752721911	0.000162394172461003	0.000276552452111808	0.00102260092757622	0.994550951975541
TTCGC	0.0422510275660441	0.00193311609701946	0.00183741728033533	0.0139002531233701	0.000311021154223428	0.000550268195933757	0.939216896583074
GTCGC	0.0268146990192666	0.00175151331891806	0.00184850265579625	0.0102409329233157	0.00042789413328617	0.00042789413328617	0.958488563816131
TGCGC	0.0506304416749994	0.00223560877659358	0.00367859262330399	0.0154500890178767	0.000353632661024803	0.00119503450967002	0.926456600736531
GGCGC	0.03684021671013	0.00158691653021206	0.00239806335536823	0.0125765661956456	0.000328501829502497	0.000735338710655589	0.945534396668486
TCCGC	0.0471251669999057	0.00119296515750488	0.00167075987619943	0.0158920001339043	0.000319544238617378	0.000346933744784582	0.933452629849084
TACGC	0.0719425865987639	0.00252030243629235	0.00268962508059107	0.0198498238393258	0.000579604436253281	0.000677290577194845	0.901740767031579
TTAGC	0.00039173897379581	0.00151812416714775	0.000323374554546125	0.000116653572529223	0.000467156864872842	0.000116653572529223	0.997066298294579
GTAGC	0.000360689619400633	0.00203167205972126	0.000229819934485359	0.000130071699031644	0.000563378033842581	7.42126871775638e-05	0.996610155966341
TGAGC	0.00027468821461219	0.00119778733344989	0.000322779029633316	0.000101072221400331	0.000320741283234115	0.000104332615639052	0.997678599302031
GGAGC	0.000389055339307748	0.00157084271802197	0.00051937616374907	0.000121420865698987	0.000379519669226676	0.000132227958457535	0.996887557285538
TCAGC	0.000378217453423292	0.00245957125578229	0.000402917368748895	0.000121183959566239	0.000497085795927756	0.00015630415166983	0.995984720014882
TAAGC	0.000401386244546563	0.00130251165448885	0.00036550071937187	0.000106992028761584	0.000300375136647428	0.000142213007173782	0.99738102120901
GGAAA	0.000545306002999671	0.00210172054286725	0.000282651904059311	0.00013339999268373	0.000546769257032765	0.000102183906644393	0.996287968393713
GGAAC	0.000423148079147483	0.00140293352427917	0.000344739323287076	9.00728683024504e-05	0.000311042998454505	0.000149689443006231	0.997278373763523
GGACA	0.000528731366107075	0.00242387045874185	0.000575384133704758	9.84891760395533e-05	0.000631367454821978	0.000233782202072834	0.995508375208512
GGACC	0.000708280820495529	0.00238903429148274	0.00066099356687754	0.000114106198947756	0.000519131806023574	0.000283723521707933	0.995324729794465
GGAGA	0.000365435723618054	0.00147660057527676	0.000335720362008973	0.000122654896854503	0.000362274514936237	0.000110642303863598	0.997226671623442
GGATA	0.000567856093342776	0.00239788225205825	0.00103635242485993	0.000171019226415003	0.000771393059991618	0.000437785132407421	0.994617711810925
GGCAA	0.00171445907522689	0.000695661172087948	0.00197456768115294	0.000627929455535774	0.000202724790513797	0.000726704875507694	0.994057952949975
GGCAC	0.000793355978763845	0.000474864720997829	0.00242538432767708	0.000338915546841192	0.000135949174156636	0.000943985110693264	0.99488754514087
GGCCA	0.000924821900916495	0.000564283094716291	0.00261767118506537	0.000391986294210296	0.00017539725707037	0.00105149769768954	0.994274342570332
GGCCC	0.00121997126146	0.000684058205662707	0.00353038797029002	0.00053186537410698	0.000219384347614904	0.00147902288963996	0.992335309951225
GGCGA	0.00340690367449316	0.00232045014050124	0.0411745769873046	0.00100932874608508	0.000358797926349181	0.0131581594672354	0.938571783058031
GGCTA	0.000792560315916618	0.000696345570141588	0.00261441075390137	0.000297642738728512	0.000249189269633173	0.00096076307291901	0.99438908827876
TTCCC	0.00350716138924755	0.000670879485972423	0.000620670352468117	0.00127623783318745	0.000271342976810502	0.000295913403844524	0.993357794558469
GTCCC	0.00289910969691126	0.000765667798740791	0.000977797776563566	0.00129206441037508	0.000340693600745669	0.000450686922579701	0.993273979794084
TGCCC	0.00403570852583745	0.000572057414452276	0.00105256666888027	0.00162936751131308	0.000185468034038839	0.000500905994744282	0.992023925850734
TCCCC	0.00345491010844632	0.000567331595950377	0.000757563020164051	0.00133306111664885	0.000232505074038935	0.000305042814080008	0.993349586270671
TACCC	0.00417661341832132	0.000796557953680237	0.0019055236468942	0.00165445250543647	0.000242075107073255	0.000848080696064071	0.99037669667253
TTACC	0.000511947103394516	0.00189238708965904	0.000565836272172886	0.000135349540187534	0.000583381582937937	0.000105271864590304	0.996205826547058
GTACC	0.00048776504044758	0.00255069791793689	0.000681304838606827	0.00016221543776353	0.000663405204094989	8.166708246026e-05	0.99537294447869
TGACC	0.000671855439791507	0.00188602364036126	0.000716017716727846	0.000264384831258884	0.000432201483616973	0.000119532562907691	0.995909984325336
TCACC	0.000493042940006087	0.00261805801143232	0.000808142200755431	0.00015418797396554	0.000490801835733332	0.000170772145583926	0.995264994892523
TAACC	0.000646925067461746	0.00167462053729396	0.000736925344385675	0.000157692792900901	0.000423847457992178	0.000117692669823599	0.996242296130142
GTAAA	0.000361005314524104	0.00169416667288477	0.00037877132409714	9.84236930346228e-05	0.000603333685100323	0.000124006746819795	0.996740292563539
GTAAC	0.000357132653352761	0.00141088405877479	0.00036553577460812	0.000111761512696276	0.000422676999144562	0.000130248379458066	0.997201760621965
GTACA	0.000449263114241641	0.00286523049082781	0.000412191053066456	8.35692226491444e-05	0.000775999924599198	0.000141376504481635	0.995272369690134
GTAGA	0.000211384196176878	0.00222750596993201	0.000273102209659178	6.84041316095492e-05	0.000703071036919201	9.41199705605076e-05	0.996422412485143
GTATA	0.000327730721240323	0.0067716766561207	0.000581840773216516	8.4545026638808e-05	0.00175644667702422	0.00020803776217864	0.990269722383581
GTCAA	0.000762267135263633	0.000898157144840087	0.00145338156165032	0.00025136735677018	0.000320187189946239	0.000533062097651844	0.995781577513878
GTCAC	0.000436478561021791	0.000458706635888641	0.0017196447010627	0.000170415240645854	0.000157617258146758	0.000686376008767292	0.996370761594467
GTCCA	0.00075204226477528	0.00070302522430332	0.002125190864298	0.000323646760376505	0.0002833587819064	0.000858133941413222	0.994954602162927
GTCGA	0.00232411888551664	0.00274792879993438	0.0264676127197659	0.000669893090531266	0.000827112897492686	0.00981598446941733	0.957147349137342
GTCTA	0.000594694113935394	0.00107829966362383	0.00179593178865919	0.000226620671063799	0.000412508868570379	0.000686527327046214	0.995205417567101
TTCAC	0.00197642104124875	0.000439123491974306	0.000439123491974306	0.000689372736568648	0.00012896055962307	0.000161109367687744	0.996165889310923
TGCAC	0.00311497916854712	0.000390500667461603	0.000860336628677571	0.0012760155630193	0.000106413807191483	0.000368172770416962	0.993883581394686
TCCAC	0.00271690531904157	0.000222966486963502	0.00042199341427408	0.00102611524316256	7.79209196546132e-05	0.000133310489047651	0.995400788127856
TACAC	0.00616717143690215	0.000554933737149522	0.000787135883520349	0.00151372285292375	0.000132267045401104	0.000298041742303822	0.990546727301799
TTAAC	0.000425997284873797	0.000909247052224938	0.000489557244234238	0.000104801154365308	0.000279469744974154	0.000149438683076457	0.997641488836251
TGAAC	0.000344249627903428	0.000880138857582394	0.00044248136885931	0.000108318035786174	0.000256981250893514	9.60390681666887e-05	0.997871791790809
TCAAC	0.00036999879038857	0.0012572296176369	0.000580175618064917	0.000113845781658022	0.000322927938356888	0.000196493440457835	0.997159328813437
TAAAC	0.000332150173547464	0.000616220707980699	0.000506839528995829	9.61592782284576e-05	0.000171484046174083	0.000135023653179126	0.998142122611894
TAAAA	0.000601803285845941	0.000799913256415269	0.000575974255930548	0.000185392123352105	0.00027599039579645	0.000110002822837635	0.997450923859822
TAACA	0.000565745089163371	0.00186469005199741	0.000491920936853701	0.000113797229901735	0.000547018962723845	0.00016061254600055	0.996256215183359
TAAGA	0.000432091832391292	0.00141324075312748	0.000394534181397016	0.000177415189458676	0.000409914933708958	9.83652764135806e-05	0.997074437833503
TAATA	0.000477273044608528	0.001944633788139	0.000490728082568237	0.000135311985519333	0.000719463727883281	0.000133534905034088	0.996099054466248
TACAA	0.00169723085401136	0.000935996346584618	0.00336639776304846	0.000535128405304596	0.000287336527520525	0.00103230670320082	0.99214560340033
TACCA	0.00122910090392737	0.00087363791338218	0.00322119560727848	0.000530190573221621	0.000298889303317571	0.00122910090392737	0.992617884794945
TACGA	0.00324682865198549	0.00307032008435252	0.0594183578200263	0.000817513365879036	0.000622424949021539	0.0172421000803578	0.915582455048377
TACTA	0.000890436769872239	0.00114065051521745	0.00322036233381553	0.000239070623082876	0.000380385673591611	0.00101250460920057	0.99311658947522
TTCTA	0.00186937306931012	0.000961826764344688	0.000802718962777965	0.000573534800954417	0.000343776242735322	0.000288346990564965	0.995160423169313
TGCTA	0.00379930751249348	0.000805558647598849	0.000607830615915495	0.00139337235166492	0.000265102027664349	0.000216768508808418	0.992912060335854
TCCTA	0.00291878799980225	0.000658059257972189	0.000542382904090863	0.00112796444656064	0.000281751119204723	0.00016415482583989	0.994306899446529
TTATA	0.000918993274020625	0.00306047150974824	0.000503547956554204	0.000280857584274312	0.00109641543947641	0.000120715218197624	0.994018999017729
TGATA	0.000838898711756059	0.00231673297266342	0.000443705242466181	0.000330905509714778	0.000798275031779155	0.00013015353779008	0.99514132899383
TCATA	0.00072270785844634	0.00396718844684457	0.000648356783456924	0.00028969952534736	0.00134294221457566	0.000251175652295849	0.992777929519033
TCAAA	0.0005796931564155	0.00144694342359635	0.000265807170062557	0.000206509963304416	0.000359446388456688	9.54707923480503e-05	0.997046129105816
TCACA	0.000650380611601316	0.00179970899916946	0.000568887889744406	0.000170479027332846	0.000427446498935287	0.000149247207078939	0.996233849766138
TCAGA	0.000388950088703121	0.00195503672685321	0.000315338873568398	0.000164901979755952	0.000533600948138167	9.77196917072305e-05	0.996544451691274
TCCAA	0.000713134516709811	0.000404121895302083	0.00199655460179005	0.000193179147754292	0.000164683373085556	0.000737189391430173	0.995791137073928
TCCCA	0.000543718118463323	0.000516262791103448	0.00238887007215363	0.000209635536944094	0.000217589884123123	0.000899867598608246	0.995224055998604
TCCGA	0.00243834173786403	0.00148957063363678	0.0456026831246828	0.000365276875127491	0.000407971574817717	0.0151850815231571	0.934511074530714
TTCGA	0.0356261485135232	0.00214337192650761	0.00201233608820584	0.012663677801593	0.000570941866886308	0.000561582164150467	0.946421941639134
TGCGA	0.043725363992411	0.00360101131205539	0.00488408193142093	0.0144124588260535	0.000593157237149312	0.00127465704153363	0.931509269659376
TTAGA	0.000341188313378645	0.00162355982419209	0.000370905928325627	0.000102318876779483	0.000477738873198323	0.000134293525773072	0.996949994658353
TGAGA	0.000415073326709132	0.00137600676497141	0.000345187258471876	9.43461921202959e-05	0.000327715741412562	0.000128041260734687	0.99731362945558
TGAAA	0.000543315632172819	0.0011579330328409	0.000281555500931439	0.000140489468382855	0.00034209473833308	9.93612245607878e-05	0.997435250402778
TGACA	0.000517541485423336	0.00202562188970213	0.000573410296395367	9.47504834728355e-05	0.000554158206127978	0.000222720259956067	0.996011797378922
TGCAA	0.00141521918913456	0.000656825826135883	0.00237271182969209	0.000537769839217244	0.00019069136887816	0.00085861563447256	0.99396816631247
TGCCA	0.000950292856270327	0.000525152129892301	0.0032424361301713	0.000425140726378026	0.000170868191243946	0.00129092210144994	0.993395187864594
TTCCA	0.0021973176322225	0.000715219966086964	0.000602851080871514	0.000861139750679539	0.000274797842517404	0.000241513220119463	0.995107160507503
TTACA	0.000369558190125894	0.00170771412679137	0.000454011992439929	0.000111246043048142	0.00056525803548807	9.95972427289645e-05	0.996692614369378
TTAAA	0.000498698884577907	0.00114626310783579	0.00375820256106634	0.000148703528529233	0.000399509262174838	0.000601771950598714	0.993446850705217
TTCAA	0.000762598327170565	0.000755756688862082	0.00161413795235141	0.000250941519386149	0.000250941519386149	0.000529005247780927	0.995836618745063
