	s1	s2	s3	p1	p2	p3	same
AAA	0.000675320406795981	0.00111632516613419	0.000441004759338213	0.000218800786747816	0.000378979692112975	0.000129928364542209	0.997039640824329
AAC	0.000880274556860639	0.0021937602731698	0.000638793048696243	0.000179131147882364	0.000756919307533657	0.000210566248603271	0.995140555417254
AAG	0.000476798024864852	0.00175432470499183	0.000468113138571893	0.000196649044905863	0.000528974321180134	0.000130518882438655	0.996444621883047
AAT	0.000474580286897809	0.00264647426294311	0.000647000863399928	0.000162165270397229	0.00104811649543505	0.000211210882730229	0.994810451938197
ACA	0.00127809610281492	0.000990933751581673	0.00370052304838667	0.000395545041766225	0.000311178844967936	0.00129043485188962	0.992033288358593
ACC	0.00191583408370168	0.000902381603432795	0.00351302220926703	0.000883975346223677	0.000330718879531561	0.00151802142789173	0.990936046449951
ACG	0.00291886437682099	0.00275506353985155	0.0532464269107749	0.0008186127849978	0.000553243687111829	0.0179881499781599	0.921719638722283
ACT	0.000803052490530319	0.00109220070399842	0.00341527780813381	0.000311733101544011	0.000403837973883351	0.00117079947701693	0.992803098444893
TCT	0.0022113108895393	0.00115323990613737	0.000903594181612739	0.00080788464012832	0.000456902934546647	0.000383879357602363	0.994083188090433
GCT	0.00298064247774382	0.000784548294411239	0.000698437320430037	0.00123770481673596	0.000291343230081451	0.000303139706563143	0.993704184154034
CCT	0.00294695990668655	0.000756020906885848	0.000708287576950127	0.00123061839857753	0.000349766496210216	0.000260943940669347	0.99374740277402
TAT	0.000814452762030308	0.00393840305173479	0.000621868403192007	0.000235807418795221	0.00147929522051314	0.000152017348653096	0.992758155795081
GAT	0.000984281509282001	0.00219015224229809	0.000494691564960559	0.00046447937000683	0.000737747348267036	0.000148212017788357	0.994980435947397
CAT	0.000806277392408478	0.00464563997295573	0.000715770762337034	0.000346634887612955	0.00155438733941267	0.000272238006824262	0.991659051638449
CAA	0.000733463797059013	0.00188874937016925	0.000338014587743851	0.00025439312173744	0.000528426376801205	0.000129123429741161	0.996127829316748
CAC	0.000919617167412426	0.00286992242468495	0.000559628919314424	0.000243849218688724	0.000695857191981143	0.000198480502152923	0.994512644575765
CAG	0.000520856048183726	0.00267873728000794	0.00045967039282884	0.00022035073338353	0.000728004042921119	0.000161590537814588	0.99523079096486
CCA	0.000829600400412187	0.000530075564745043	0.00228046415528114	0.000318288572472278	0.000237822918077773	0.000954270043232543	0.994849478345779
CCC	0.00105440462803855	0.00091389942637665	0.00306945925341909	0.000438716628385035	0.000434153830599107	0.00131031964353975	0.992779046589642
CCG	0.00263469152566912	0.00197382939248555	0.0406583946031928	0.000647045522036327	0.000648602323292354	0.0152319380891277	0.938205498544196
TCG	0.0320723741597651	0.00272400317038763	0.00204575992169926	0.0128546567263024	0.000669914340556448	0.000675316875560935	0.948957974805728
GCG	0.0406930808582874	0.0026868183390365	0.00338545528643313	0.0146915465158577	0.000453380538697679	0.00109448537526866	0.936995233086419
TAG	0.000426488145260768	0.00223413300979013	0.000388839631509838	0.000142059474189982	0.000721344146922533	0.00014501904656894	0.995942116545758
GAG	0.000447452112738652	0.00152154414795488	0.000447043629889703	0.000156067680488419	0.000431140030970625	0.00016731457492948	0.996829437823028
GAA	0.000542263336075446	0.00140832581508769	0.000321671390389309	0.00015931267231856	0.000415942026940528	0.000135369856810541	0.997017114902378
GAC	0.000686143254131606	0.00220741700422696	0.00070483912397241	0.000136088540934221	0.000638703088282332	0.000296670120652129	0.9953301388678
GCA	0.00118351973013951	0.000660894095705411	0.00246560801734021	0.000501904375572627	0.000218523734506938	0.000996743245447842	0.993972806801288
GCC	0.00115446068998514	0.000850580806590961	0.00312361849820299	0.000579109389484301	0.000309577631207817	0.00135917551568659	0.992623477468842
TCC	0.00274095949055781	0.000792882067586961	0.00077871025108731	0.00122072891184888	0.000336484486535561	0.000377431864480274	0.993752802927903
TAC	0.000480201475836601	0.00251856658435941	0.000593450572246023	0.000164930859330901	0.000896542165813839	0.000133771540905404	0.995212536801508
TAA	0.000539905908956685	0.00157130773254268	0.000928782721027448	0.00017252363863805	0.000578041386258848	0.000219735989876596	0.9959897026227
TCA	0.000718360664613064	0.000727709178268599	0.00201782675329955	0.000289236659143458	0.000278617473728918	0.000832948028594743	0.995135301242352
