Context	s1	s2	s3	p1	p2	p3	same	alpha	likelihood_0	likelihood_1	likelihood_2	Chi_stat_0v1	p_0v1	Chi_stat_1v2	p_1v2	Chi_stat_0v2	p_0v2
AAAAA	14499	17546	9533	3012	5022	1850	14845536	0.237721872143922	-682.422196596861	-182.678936779499	-31.7979170084	NA	NA	301.762039542198	2.97307379818453e-66	NA	NA
AAAAC	2903	3403	1510	766	1021	491	4784549	0.291453428863869	-45.6657527685165	-34.287107527256	-27.1090168058872	NA	NA	14.3561814427376	0.000763123467440888	NA	NA
AAAAG	2675	6901	1446	870	1804	449	5775885	0.283342406096897	-69.5329168438911	-43.4471296817064	-27.7033168822527	NA	NA	31.4876255989075	1.45394834377741e-07	NA	NA
AAAAT	5214	5827	6042	1865	1866	1599	9405918	0.312006087923667	-72.3319500386715	-69.8790102303028	-29.700403213501	NA	NA	80.3572140336037	3.5534702353199e-18	NA	NA
AAACA	4620	9718	2596	937	3183	855	5412158	0.293787646155663	-146.605241268873	-125.689493015409	-29.082370698452	NA	NA	193.214244633913	1.10677633671707e-42	NA	NA
AAACC	3869	4686	1826	513	1355	545	2738021	0.232443887872074	-313.493156522512	-171.607378870249	-27.4995557963848	NA	NA	288.215646147728	2.59876877492121e-63	NA	NA
AAACG	319	732	191	76	190	54	471268	0.257648953301127	-30.0419659269974	-21.5760444626212	-21.1058596111834	NA	NA	0.940369702875614	0.624886746392299	NA	NA
AAACT	3610	6032	2872	675	1751	934	4007356	0.268499280805498	-157.726435810328	-99.6860805526376	-28.3525768592954	NA	NA	142.667007386684	1.04773866513527e-31	NA	NA
AAAGA	2093	10625	2222	847	2889	531	6078044	0.285609103078983	-117.974582061172	-86.7697770446539	-28.316728040576	NA	NA	116.906098008156	4.11304411018313e-26	NA	NA
AAAGC	962	3653	1112	322	1056	304	2838651	0.29369652523136	-36.4758279025555	-29.3525731042027	-25.7831524312496	NA	NA	7.13884134590626	0.0281721698536088	NA	NA
AAAGG	1377	5447	1508	526	1311	433	3453828	0.272443590974556	-97.8237298354506	-64.854749083519	-26.8444476351142	NA	NA	76.0206028968096	3.10696116921477e-17	NA	NA
AAAGT	2153	5256	2651	828	1499	741	4055107	0.304970178926441	-59.2639158442616	-54.8806431591511	-27.8943710774183	NA	NA	53.9725441634655	1.90550875172249e-12	NA	NA
AAATA	3459	13288	3937	1124	4917	1194	7875161	0.349787275188552	-78.1620153188705	-53.2954941987991	-29.7779206186533	NA	NA	47.0351471602917	6.11571961670601e-11	NA	NA
AAATC	1610	5780	1564	452	1910	535	3401062	0.323542550815278	-33.2524887174368	-33.1985096335411	-27.1883740872145	NA	NA	12.0202710926533	0.00245375556031904	NA	NA
AAATG	2168	10278	2230	651	3400	814	5538773	0.33149359498501	-37.6638659536839	-35.4416437447071	-28.4827485531569	NA	NA	13.9177903831005	0.000950145723903874	NA	NA
AAATT	3039	9898	9832	937	3182	2117	6562965	0.273881154200887	-226.296901971102	-141.565618857741	-30.0008617043495	NA	NA	223.129514306784	3.53216996595919e-49	NA	NA
AACAA	14626	4848	11460	2705	1519	3747	4511175	0.257677636257839	-533.54529440403	-323.147703878582	-30.9499112069607	NA	NA	584.395585343242	1.25924727118218e-127	NA	NA
AACAC	2309	1365	7298	654	356	2519	2387113	0.321636893911775	-47.583311047405	-47.5832363069057	-27.535351421684	NA	NA	40.0957697704434	1.96478132025187e-09	NA	NA
AACAG	2785	5032	10546	883	1595	3051	3062441	0.301094592386865	-47.3658889606595	-35.1553023457527	-29.4601022228599	NA	NA	11.3904002457857	0.00336206428576241	NA	NA
AACAT	3783	1980	14116	966	573	4910	3806490	0.324412696815735	-74.8747708424926	-74.6262594163418	-29.0641373470426	NA	NA	91.1242441385984	1.63163044939981e-20	NA	NA
AACCA	5848	2363	7042	1956	818	2708	2609401	0.359404707270701	-73.6975295618176	-41.0709984973073	-29.2552476748824	NA	NA	23.6315016448498	7.38728098460957e-06	NA	NA
AACCC	5701	1450	6249	2151	469	2580	1875139	0.388059701492537	-128.800537373871	-42.6654712371528	-28.6828941591084	NA	NA	27.9651541560888	8.46143323943369e-07	NA	NA
AACCG	370	186	614	149	73	257	226976	0.409401709401709	-34.7464133328758	-21.863138273824	-21.7142090685666	NA	NA	0.297858410514891	0.861630111621739	NA	NA
AACCT	6545	2265	8120	2753	745	3072	2363985	0.38806851742469	-158.874335769564	-50.0210515744984	-29.5478078462183	NA	NA	40.9464874565601	1.28405380509107e-09	NA	NA
AACGA	1227	1047	17845	227	181	5274	306039	0.282419603360008	-130.807518179994	-81.7172476816922	-26.9988973755389	NA	NA	109.436700612307	1.72235394129011e-24	NA	NA
AACGC	619	521	12838	132	81	3979	199393	0.299899842609815	-68.3518167785369	-58.1183774848469	-25.3270365023054	NA	NA	65.5826819650829	5.73986340132218e-15	NA	NA
AACGG	831	815	15956	180	100	4544	238533	0.274059765935689	-141.561807899736	-77.8303821575828	-26.131774852518	NA	NA	103.39721461013	3.52841878311966e-23	NA	NA
AACGT	1526	961	17085	410	150	5359	406032	0.302421827099939	-86.4184418199584	-75.1940764328465	-27.2629378065467	NA	NA	95.8622772525996	1.52676073836374e-21	NA	NA
AACTA	2526	3013	5678	720	981	1830	2425675	0.314790050815726	-33.7776333652437	-32.9712465405464	-28.2455885261297	NA	NA	9.45131602883339	0.00886487877230203	NA	NA
AACTC	1575	2076	6762	600	683	2582	2350444	0.371170652069528	-72.0848354399204	-34.2124469205737	-27.8105150721967	NA	NA	12.803863696754	0.00165835049495445	NA	NA
AACTG	2462	2946	9368	843	891	2065	2602653	0.257106118029237	-199.391285099089	-96.9804153442383	-28.5624715089798	NA	NA	136.835887670517	1.93403589059949e-30	NA	NA
AACTT	3326	3344	9608	1159	1066	3113	3099236	0.327927263791621	-33.0107343792915	-31.9964287653565	-29.2429532930255	NA	NA	5.50695094466209	0.0637060673363827	NA	NA
TTCTT	17281	4942	9403	3709	1498	3735	6057399	0.282742047682287	-459.899535387754	-382.706725522876	-31.0942142903805	NA	NA	703.225022464991	1.97982408657172e-153	NA	NA
GTCTT	4684	2069	1894	1625	825	769	2554285	0.372267838556725	-69.3914185985923	-36.557707130909	-27.7051326036453	NA	NA	17.7051490545273	0.000143013070860356	NA	NA
CTCTT	9094	5117	2188	3268	1700	793	3504679	0.351301908652967	-55.0431419759989	-33.2018986791372	-29.2870113626122	NA	NA	7.82977463304996	0.0199427957425679	NA	NA
ATCTT	6340	2732	4292	2092	1057	1867	3296441	0.375336725531278	-123.955881178379	-67.0584756210446	-29.0976201146841	NA	NA	75.9217110127211	3.26444927951049e-17	NA	NA
TGCTT	12675	2081	1856	4556	591	781	3264926	0.356850469540091	-86.3537788167596	-55.3721422553062	-28.5509292706847	NA	NA	53.642425969243	2.24747672488328e-12	NA	NA
GGCTT	6057	1309	1454	2248	362	534	1987100	0.356462585034014	-57.8970605283976	-41.797854334116	-27.0401371642947	NA	NA	29.5154343396425	3.89766821656238e-07	NA	NA
CGCTT	1028	213	198	418	58	71	344763	0.380125086865879	-33.3888980806805	-26.1551154064946	-21.4862292115577	NA	NA	9.33777238987386	0.00938271422385602	NA	NA
AGCTT	7012	2284	2155	2409	760	885	2473006	0.354030215701685	-58.2475672140718	-40.1169361025095	-28.2460720464587	NA	NA	23.7417281121016	6.99116005646828e-06	NA	NA
TCCTT	12013	1948	2646	4013	793	886	3704606	0.342747034383091	-52.7993616312742	-41.4826257526875	-28.8154027238488	NA	NA	25.3344460576773	3.15278922446365e-06	NA	NA
GCCTT	5530	1063	1289	2060	467	428	2043352	0.374904846485664	-68.7409456372261	-35.7046418972313	-26.803722742945	NA	NA	17.8018383085728	0.000136263621611696	NA	NA
CCCTT	7477	2028	1664	2641	878	576	2273124	0.366639806607575	-75.9853246808052	-42.3070953898132	-27.9926779232919	NA	NA	28.6288349330425	6.07194015675001e-07	NA	NA
ACCTT	7072	1934	2850	2510	762	1066	2140736	0.365890688259109	-66.4780288524926	-31.8893516361713	-28.4211538136005	NA	NA	6.9363956451416	0.0311731596333739	NA	NA
TACTT	10601	2703	2214	3036	867	768	2752252	0.301005284186106	-51.9857591539621	-41.5745979696512	-28.660536326468	NA	NA	25.8281232863665	2.46316944949645e-06	NA	NA
GACTT	5765	1894	1541	1969	614	606	2095355	0.346630434782609	-42.48823646456	-33.7422116920352	-27.4902864582837	NA	NA	12.5038504675031	0.00192674113611228	NA	NA
CACTT	9882	3215	2036	3433	1155	827	3049928	0.357827264917729	-66.5914965420961	-36.810654617846	-28.9123690351844	NA	NA	15.7965711653233	0.000371379694774118	NA	NA
TTATT	9671	11880	5049	1516	4097	884	6407296	0.244248120300752	-746.547135829926	-476.983461350203	-30.2676278054714	NA	NA	893.431667089462	9.85776617914176e-195	NA	NA
GTATT	1524	7545	850	456	2584	163	2761239	0.322915616493598	-58.8563528880477	-58.8285252451897	-26.5503043904901	NA	NA	64.5564417093992	9.58841443720679e-15	NA	NA
CTATT	1600	15050	1964	482	5602	640	2878219	0.361233480176211	-86.5659864991903	-42.8939268440008	-28.434627763927	NA	NA	28.9185981601477	5.25298544349838e-07	NA	NA
ATATT	4616	13030	1886	797	4121	314	5413046	0.267868113864428	-306.591785371304	-213.779229983687	-28.616110637784	NA	NA	370.326238691807	3.84307638050546e-81	NA	NA
TGATT	2788	4971	1335	1019	1496	377	3403501	0.318011875962173	-42.1082477867603	-41.9286553934216	-27.4175985753536	NA	NA	29.0221136361361	4.98801897973775e-07	NA	NA
GGATT	2074	4016	872	839	998	209	2415785	0.293881068658431	-93.0218520313501	-84.480810791254	-26.3556901626289	NA	NA	116.25024125725	5.70927353751908e-26	NA	NA
CGATT	197	454	111	65	152	35	324188	0.330708661417323	-20.0998207931407	-20.0018840385601	-19.9498617104255	NA	NA	0.104044656269252	0.949307670336786	NA	NA
AGATT	3259	5926	1288	1195	1683	293	3145195	0.302778573474649	-70.7386013716459	-64.8787033632398	-27.5777416527271	NA	NA	74.6019234210253	6.31536068889616e-17	NA	NA
TCATT	3280	11997	2644	1172	3622	844	4138174	0.314602979744434	-42.8666538223624	-41.5058553516865	-29.1947793960571	NA	NA	24.6221519112587	4.50160771213869e-06	NA	NA
GCATT	1654	8170	1387	622	2309	489	2410752	0.305057532780305	-56.8631645403802	-52.0333986468613	-27.5230404175818	NA	NA	49.020716458559	2.26613966026108e-11	NA	NA
CCATT	2259	11984	1657	757	3757	515	3027741	0.316289308176101	-30.4854366779327	-29.7932140529156	-28.3264128118753	NA	NA	2.93360248208046	0.230662138953339	NA	NA
ACATT	3724	14497	2564	1278	4511	838	3879835	0.318835698821265	-34.7069103419781	-34.4648979529738	-29.4863139241934	NA	NA	9.95716805756092	0.00688380292665275	NA	NA
TAATT	3457	6191	2209	932	2220	645	4773193	0.320232773888842	-59.4917863756418	-59.458767592907	-28.3079001158476	NA	NA	62.3017349541187	2.96039831410035e-14	NA	NA
GAATT	1756	5091	1263	604	1508	378	3175312	0.307028360049322	-34.4802751094103	-31.7745866850019	-26.9146465435624	NA	NA	9.71988028287888	0.00775094783783153	NA	NA
CAATT	1952	17362	1382	573	6461	356	2979297	0.357073830691921	-105.766395874321	-66.7100553736091	-28.2940858379006	NA	NA	76.8319390714169	2.07088705649081e-17	NA	NA
ACAAA	4216	8619	1737	1196	2639	552	5444365	0.301056821301125	-41.6447448134422	-31.9087631851435	-28.5855839550495	NA	NA	6.64635846018791	0.0360380760973286	NA	NA
ACAAC	1617	2602	783	411	685	263	1888996	0.271691323470612	-52.746891181916	-32.3273023813963	-25.5306127369404	NA	NA	13.5933792889118	0.00111746824894664	NA	NA
ACAAG	1645	5062	735	447	1187	261	2368821	0.254635850577802	-99.9951662831008	-44.1789172813296	-26.1529939286411	NA	NA	36.0518467053771	1.48402411002949e-08	NA	NA
ACAAT	2441	5641	1590	768	1537	523	3075172	0.292390405293631	-50.1548377424479	-36.9565703421831	-27.5372402742505	NA	NA	18.8386601358652	8.11403596338352e-05	NA	NA
ACACA	2994	9271	2204	770	2417	614	4271104	0.262699564586357	-112.776898473501	-29.6416035220027	-28.3587045744061	NA	NA	2.5657978951931	0.277232452059607	NA	NA
ACACC	2439	5971	1139	351	1022	321	1801613	0.177400774950257	-433.666064795107	-65.111446056515	-26.5580520741642	NA	NA	77.1067879647017	1.80498557226507e-17	NA	NA
ACACG	319	1476	241	71	240	80	451135	0.192043222003929	-98.2475368324667	-36.1655799690634	-21.8503868235275	NA	NA	28.6303862910718	6.06723210639636e-07	NA	NA
ACACT	2394	6834	1902	672	2040	588	2339675	0.296495956873315	-40.5822461619973	-29.4236210398376	-27.8453232795	NA	NA	3.15659552067518	0.206326015774684	NA	NA
ACAGA	1442	8269	1399	583	2269	405	3922358	0.293159315931593	-73.9328022226691	-59.5715118795633	-27.3306844308972	NA	NA	64.4816548973322	9.95374583590004e-15	NA	NA
ACAGC	861	4208	1096	274	1094	304	2096021	0.271208434712084	-55.7879518419504	-30.1189120076597	-25.727618008852	NA	NA	8.78258799761534	0.0123846930692358	NA	NA
ACAGG	1372	7474	1341	496	1887	413	2864978	0.274467458525572	-90.6384450644255	-53.6814672350883	-27.07049266994	NA	NA	53.2219491302967	2.77332386134896e-12	NA	NA
ACAGT	1823	7370	2081	725	2068	663	2528250	0.306546035125067	-63.2964699789882	-59.2818865403533	-27.8967542946339	NA	NA	62.7702644914389	2.3421259819611e-14	NA	NA
ACATA	2420	17897	2651	895	6081	1064	3310670	0.350052246603971	-71.1353459358215	-43.0489092096686	-29.4822967201471	NA	NA	27.133224979043	1.2826112878405e-06	NA	NA
ACATC	1547	7399	2020	490	2123	757	1965761	0.307313514499362	-50.4939940609038	-46.981953792274	-27.684613738209	NA	NA	38.59468010813	4.16170889871601e-09	NA	NA
ACATG	2551	16881	2611	873	5179	1121	3067811	0.325409427028989	-79.4994706958532	-78.9975575581193	-29.4051237106323	NA	NA	99.1848676949739	2.89920974572214e-22	NA	NA
ACCAA	4439	2285	4531	1444	973	1626	2446138	0.359218125277654	-73.0668276250362	-49.2149062007666	-28.5610013753176	NA	NA	41.307809650898	1.07182307976677e-09	NA	NA
ACCAC	2044	1320	5117	793	561	1945	2166939	0.388987147742012	-86.1970897689462	-30.135971557349	-27.4748050831258	NA	NA	5.32233294844627	0.0698666765164856	NA	NA
ACCAG	2477	1813	4764	968	778	1736	2190721	0.384581400485973	-87.5869286097586	-35.0973312146962	-27.8999575376511	NA	NA	14.3947473540902	0.000748549160893378	NA	NA
ACCAT	2713	1562	6497	915	609	2379	2594965	0.362328258447828	-58.8496746644378	-32.1696213334799	-28.0330745503306	NA	NA	8.27309356629848	0.0159779316106801	NA	NA
ACCCA	3379	2228	6480	1263	941	2370	2476458	0.378423099197485	-93.0144301950932	-35.6575984060764	-28.6952951997519	NA	NA	13.9246064126492	0.000946913124740673	NA	NA
ACCCC	2673	1365	5462	1024	613	2152	1552580	0.398842105263158	-114.736305382103	-33.0323963090777	-27.8794464841485	NA	NA	10.3058996498585	0.00578232270507754	NA	NA
ACCCG	430	310	907	164	134	390	364786	0.417729204614451	-45.3231911174953	-23.7386153899133	-22.7995155435055	NA	NA	1.87819969281554	0.390979618713515	NA	NA
ACCCT	3062	2659	6096	1192	1145	2216	1831661	0.385292375391385	-109.412126604468	-39.4502381794155	-28.7383968867362	NA	NA	21.4236825853586	2.22795510675556e-05	NA	NA
ACCGA	837	480	8678	197	152	2828	206889	0.317858929464732	-36.536305683665	-36.3244982780889	-25.5973364496604	NA	NA	21.454323656857	2.19408178219116e-05	NA	NA
ACCGC	656	472	11635	184	179	3853	248641	0.330329859750842	-31.542542503681	-30.057149280794	-25.8137746099383	NA	NA	8.4867493417114	0.0143590529103445	NA	NA
ACCGG	685	493	9167	170	115	2919	183419	0.309714838086032	-38.2861336213537	-36.0350641519763	-25.3360504782759	NA	NA	21.3980273474008	2.25671855483092e-05	NA	NA
ACCGT	1099	619	10477	220	205	3614	294392	0.33120131201312	-64.1731088780798	-62.4539340855554	-26.2860227087513	NA	NA	72.3358227536082	1.96099130080054e-16	NA	NA
ACCTA	1855	1790	4421	529	739	1608	1644585	0.356558393255641	-64.2666589990258	-49.4664148911834	-27.3451304249465	NA	NA	44.2425689324737	2.4708604831175e-10	NA	NA
ACCTC	1684	1789	7627	635	727	2989	2338111	0.391981981981982	-108.708797458559	-28.9124684669077	-27.9622360281646	NA	NA	1.90046487748623	0.386651140303667	NA	NA
ACCTG	2304	2405	5914	761	994	2128	2437770	0.365527628730114	-70.2365372627974	-39.7281819358468	-28.2170288264751	NA	NA	23.0223062187433	1.00177392714906e-05	NA	NA
TTCGT	11258	931	781	3747	152	168	326435	0.313569776407093	-88.2174355634488	-86.9313181363977	-26.0905759618618	NA	NA	121.681484349072	3.77747325969528e-27	NA	NA
GTCGT	4198	573	409	1477	88	100	163667	0.321428571428571	-65.1867829405237	-65.1866219090298	-24.0389708976727	NA	NA	82.2953020227142	1.34834870535588e-18	NA	NA
CTCGT	8399	1011	563	3351	196	157	331537	0.371402787526321	-129.731719396543	-93.4308564239182	-25.8642485132441	NA	NA	135.133215821348	4.5310100292088e-30	NA	NA
ATCGT	7874	813	810	2819	193	239	294413	0.342318626934822	-52.4060136708431	-46.2450139094144	-26.0196519726887	NA	NA	40.4507238734514	1.64526900581837e-09	NA	NA
TGCGT	12765	983	1100	4059	148	329	293292	0.305495689655172	-83.551678375341	-77.5750595037825	-26.7076851823367	NA	NA	101.734748642892	8.10177211530769e-23	NA	NA
GGCGT	13018	846	1228	4642	140	354	435725	0.340312748476014	-91.8891339302063	-83.8897011363879	-26.7827581968158	NA	NA	114.213885879144	1.58041012363865e-25	NA	NA
CGCGT	2076	128	129	602	27	24	55840	0.279897128161166	-30.9853166979738	-24.474466675194	-20.6077129668556	NA	NA	7.73350741667673	0.0209261918020016	NA	NA
AGCGT	9016	1079	1009	2970	145	254	269290	0.303404178674352	-110.765593534801	-105.028929444496	-26.2473790175281	NA	NA	157.563100853935	6.10389949139907e-35	NA	NA
TCCGT	13190	407	824	4341	125	157	335468	0.320574162679426	-52.816798908636	-52.794801405631	-25.7228610077873	NA	NA	54.1438807956874	1.74906387822906e-12	NA	NA
GCCGT	6994	417	732	2588	105	161	215655	0.350485079209137	-65.8995171459392	-55.7402291074395	-25.0282723275013	NA	NA	61.4239135598764	4.59162743383242e-14	NA	NA
CCCGT	11869	701	904	4148	247	195	344444	0.340656078373163	-59.1421521920711	-51.7488366346806	-26.4159725802019	NA	NA	50.6657281089574	9.9558175773307e-12	NA	NA
TACGT	18271	878	1077	5055	173	270	331477	0.271828339760704	-119.347580103204	-38.5935091264546	-26.9034939464182	NA	NA	23.3800303600729	8.37704626425624e-06	NA	NA
GACGT	11232	719	750	3676	97	167	246365	0.310211794346902	-88.9746379540302	-86.4356399946846	-25.6959360749461	NA	NA	121.479407839477	4.17909029928192e-27	NA	NA
CACGT	20382	1296	1472	6492	241	396	511192	0.307948164146868	-78.4593414533883	-71.7750579817221	-27.799732979387	NA	NA	87.95065000467	7.97552005773408e-20	NA	NA
TTAGT	1465	3859	1340	440	1271	508	2382038	0.332983193277311	-34.5474594049156	-33.2147941552103	-26.6188368611038	NA	NA	13.191914588213	0.00136587873699388	NA	NA
GTAGT	727	3483	601	217	940	204	1426134	0.282893369361879	-41.0672683939338	-29.4113354533911	-24.8561643138528	NA	NA	9.11034227907658	0.0105127009393674	NA	NA
CTAGT	641	3603	753	200	1117	242	1365754	0.311987192315389	-25.9012695774436	-25.1813202761114	-25.0534730702639	NA	NA	0.255694411695004	0.879987825867108	NA	NA
ATAGT	1275	5035	1033	375	1476	324	2226848	0.296200463026011	-34.474018111825	-26.9317435286939	-26.3221237584949	NA	NA	1.21923954039812	0.543557506549662	NA	NA
TGAGT	1609	3554	1313	436	897	465	2541706	0.277640518838789	-63.8195088207722	-43.452228307724	-26.3916094154119	NA	NA	34.1212377846241	3.89643429519476e-08	NA	NA
GGAGT	1221	3949	1361	382	882	421	2243564	0.258000306231817	-93.0325961112976	-49.0251453779638	-26.1998965032399	NA	NA	45.6504977494478	1.22213833146788e-10	NA	NA
CGAGT	188	538	199	55	103	54	311027	0.229189189189189	-37.8975824392401	-24.2543482291512	-20.2410168042406	NA	NA	8.02666284982115	0.0180730857063102	NA	NA
AGAGT	1693	4485	1436	532	1279	469	2545910	0.299448384554768	-36.6607279479504	-30.7348178401589	-26.8589411452413	NA	NA	7.75175338983536	0.0207361506246654	NA	NA
TCAGT	1598	6207	1746	508	1757	702	2594722	0.310648099675427	-58.6553722545505	-56.8653490692377	-27.427069157362	NA	NA	58.8765598237514	1.64103361612907e-13	NA	NA
GCAGT	1214	6553	1634	456	1582	615	2275513	0.282204020848846	-111.241795960814	-87.6333093754947	-27.110843192786	NA	NA	121.044932365417	5.19310263166651e-27	NA	NA
CCAGT	1314	5972	1502	448	1715	549	2172153	0.308602639963587	-43.5031695514917	-41.1767183206975	-27.036650903523	NA	NA	28.2801348343492	7.22847605937329e-07	NA	NA
TAAGT	1463	2983	1427	303	826	541	2312090	0.284352119870594	-76.9464293196797	-63.7888796888292	-26.1506787203252	NA	NA	75.2764019370079	4.50751323538938e-17	NA	NA
GAAGT	1258	4279	1344	317	1017	535	2350138	0.271617497456765	-99.4570108987391	-71.2835695296526	-26.3463911190629	NA	NA	89.8743568211794	3.04811525152976e-20	NA	NA
CAAGT	1419	4989	1491	321	1538	480	2314238	0.29611343208001	-50.4791260622442	-42.3095168992877	-26.6937259100378	NA	NA	31.2315819784999	1.65252539740928e-07	NA	NA
AGAAA	3726	12269	1913	954	3498	719	7382412	0.288753629662721	-90.3385174721479	-59.2988476455212	-28.9087809473276	NA	NA	60.7801333963871	6.33522039816697e-14	NA	NA
AGAAC	1058	2866	827	242	792	322	2468303	0.285413597137445	-56.1878956407309	-46.1525630056858	-25.3036444112659	NA	NA	41.6978371888399	8.81921034107727e-10	NA	NA
AGAAG	2167	6034	1110	564	1356	383	3872986	0.247341853721405	-139.838453121483	-53.1684307605028	-26.9595699161291	NA	NA	52.4177216887474	4.14606740431397e-12	NA	NA
AGAAT	2061	4191	1564	616	1215	591	4223694	0.309877175025589	-42.8731399327517	-41.1918595656753	-27.1299819126725	NA	NA	28.1237553060055	7.81635237835233e-07	NA	NA
AGACA	1840	7958	2198	349	2304	834	3462074	0.290680226742247	-110.168730869889	-91.7912315875292	-27.7711008042097	NA	NA	128.040261566639	1.57184772224463e-28	NA	NA
AGACC	1251	3690	1240	211	878	481	1848247	0.254004206439087	-133.07642390579	-85.8055249489844	-25.8990176953375	NA	NA	119.813014507294	9.61467192402533e-27	NA	NA
AGACG	184	1146	269	29	273	104	483761	0.253908692933083	-46.0055848257616	-33.7406337140128	-21.2537978412583	NA	NA	24.9736717455089	3.77603563400285e-06	NA	NA
AGACT	2204	5149	2037	388	1368	744	2503489	0.266240681576145	-146.64483974874	-99.1914598345757	-27.3407306671143	NA	NA	143.701458334923	6.24632823272108e-32	NA	NA
AGAGA	1821	7111	1795	627	2098	494	4806541	0.300083900438147	-43.337811589241	-35.4654383808374	-27.5933884829283	NA	NA	15.7440997958183	0.000381252032881312	NA	NA
AGAGC	795	3155	862	238	957	263	2165023	0.302992518703242	-27.8704210482538	-25.238642051816	-25.2144518792629	NA	NA	0.0483803451061249	0.976100064664826	NA	NA
AGAGG	1215	4524	1282	466	1141	477	2995131	0.296823814271471	-74.7631373628974	-67.9042731076479	-26.5262872576714	NA	NA	82.7559716999531	1.07094969893594e-18	NA	NA
AGATA	1666	7901	2866	461	2775	1244	2962595	0.360331376176305	-94.9624854624271	-67.0589943677187	-28.281897008419	NA	NA	77.5541947185993	1.44318030229147e-17	NA	NA
AGATC	1093	3962	2146	316	1188	1008	1953657	0.348840438827941	-95.704702090472	-87.6141278743744	-26.8637235425413	NA	NA	121.500808663666	4.13461071026943e-27	NA	NA
AGATG	1299	7447	3128	336	2286	1348	3090153	0.334343944753242	-91.5549030452967	-88.5854309499264	-27.9570788815618	NA	NA	121.256704136729	4.67133754311458e-27	NA	NA
AGCAA	5554	2860	5481	1942	1061	1853	3268353	0.349478229578985	-48.3592766001821	-32.0222367793322	-29.1374443173409	NA	NA	5.76958492398262	0.0558663827312535	NA	NA
AGCAC	1934	1023	4100	769	384	1589	2026140	0.388550375513674	-73.4139861986041	-27.343155939132	-26.9033297672868	NA	NA	0.879652343690395	0.644148382476583	NA	NA
AGCAG	3269	2469	6158	1240	859	2093	2854318	0.352387357094822	-50.330082193017	-33.3234234005213	-28.5882499888539	NA	NA	9.47034682333469	0.00878092598470914	NA	NA
AGCAT	2270	1512	5958	875	464	1951	2548972	0.337782340862423	-41.9958070367575	-38.0856862291694	-27.627214923501	NA	NA	20.9169426113367	2.87040794074162e-05	NA	NA
AGCCA	3545	2563	6639	1635	988	2562	3200484	0.406762375460893	-178.85322009027	-46.4387051537633	-28.9943580180407	NA	NA	34.8886942714453	2.65470518800684e-08	NA	NA
AGCCC	2415	1659	5155	1082	528	2021	1761814	0.393433741467115	-118.346884727478	-49.3393265493214	-27.8194506503642	NA	NA	43.0397517979145	4.50854746134374e-10	NA	NA
AGCCG	439	362	873	187	110	337	451269	0.378733572281959	-34.9727538656443	-26.9412213079631	-22.7629220020026	NA	NA	8.35659861192107	0.0153245477843019	NA	NA
AGCCT	4491	5431	7675	2010	1833	2970	3136552	0.387168267318293	-178.51500350982	-68.2672997638583	-30.0455894246697	NA	NA	76.4434206783772	2.51490804864959e-17	NA	NA
AGCGA	1472	1008	14824	430	233	4889	381950	0.320850670365233	-45.2135762162507	-45.1998103326187	-27.3971206191927	NA	NA	35.6053794268519	1.85519726092398e-08	NA	NA
AGCGC	713	459	8596	196	94	2799	199862	0.316236691236691	-39.181539831683	-38.7533953883685	-25.2421137643978	NA	NA	27.0225632479414	1.35557935876509e-06	NA	NA
AGCGG	977	1030	11220	307	105	3657	255363	0.307628335979436	-132.291617681272	-128.297054860741	-26.3483550087549	NA	NA	203.897399703972	5.29958933050733e-45	NA	NA
AGCTA	1905	2121	4138	666	829	1554	2198263	0.373468887800098	-62.3653375022113	-29.9196391217411	-27.56644243747	NA	NA	4.70639336854219	0.095064783874673	NA	NA
AGCTC	1280	1585	5664	499	550	2208	2051618	0.381873607691406	-75.7812646254897	-30.3808593451977	-27.204859431833	NA	NA	6.3519998267293	0.0417523344881511	NA	NA
AGCTG	1939	2971	6310	810	1157	2180	3039875	0.369607843137255	-79.1917015686631	-40.8492875099182	-28.3884936645627	NA	NA	24.921587690711	3.87566287467906e-06	NA	NA
TTCCT	13755	2587	2337	4807	887	1055	4392937	0.361314845548477	-101.486574456096	-57.4532447010279	-29.1965119093657	NA	NA	56.5134655833244	5.34880631467228e-13	NA	NA
GTCCT	4516	1193	1294	1803	420	538	1685415	0.394259603027274	-83.9940664321184	-30.4406816400588	-26.756506331265	NA	NA	7.36835061758757	0.0251178806795458	NA	NA
CTCCT	10529	2965	2210	4410	1095	866	3638567	0.405692817116658	-195.996911875904	-36.8032991737127	-29.066518470645	NA	NA	15.4735614061356	0.000436474456600162	NA	NA
ATCCT	6315	1842	2794	2520	694	1271	2484307	0.409551639119715	-159.499247074127	-38.4867109209299	-28.3741236925125	NA	NA	20.2251744568348	4.05657181569414e-05	NA	NA
TGCCT	12464	2293	3612	4684	687	1590	3427740	0.378953671947303	-155.796433024108	-67.0529375299811	-29.3681896701455	NA	NA	75.3694957196712	4.3025106356193e-17	NA	NA
GGCCT	6488	1630	2558	2617	495	1152	1966295	0.399400524541027	-149.714622508734	-56.5894777849317	-28.082526806742	NA	NA	57.0139019563794	4.16474575581038e-13	NA	NA
CGCCT	1943	314	413	715	116	203	663522	0.387265917602996	-46.7055352767929	-29.92024406977	-23.5045571699739	NA	NA	12.8313737995923	0.00163569596293981	NA	NA
TCCCT	9474	1486	1915	3669	602	733	2931055	0.388660194174757	-113.036591164768	-28.7422911003232	-28.1223238483071	NA	NA	1.23993450403214	0.537962054478931	NA	NA
GCCCT	4754	913	1496	1951	375	465	1635167	0.389641211782773	-90.7804488278925	-42.5448326617479	-26.6307495832443	NA	NA	31.8281661570072	1.22631357113113e-07	NA	NA
CCCCT	6680	3228	2283	2491	1458	942	1880587	0.401197604790419	-156.923573788255	-45.8348991982639	-28.7958652228117	NA	NA	34.0780679509044	3.98145276290747e-08	NA	NA
TACCT	7682	1533	2908	2681	435	1232	1902951	0.358657098078033	-83.222385648638	-58.292028836906	-28.180967848748	NA	NA	60.222121976316	8.37398866296575e-14	NA	NA
GACCT	5437	1285	3169	2087	372	1301	1627909	0.380143564856941	-96.5039772577584	-46.7837023027241	-27.786857008934	NA	NA	37.9936905875802	5.6204995235873e-09	NA	NA
CACCT	10440	2331	3683	3948	724	1568	2647042	0.37923909079859	-135.025278136134	-54.7850906401873	-29.2307422161102	NA	NA	51.1086968481541	7.9778798392072e-12	NA	NA
TTACT	1600	4511	1587	434	1506	422	2675634	0.30683294362172	-42.6377516165376	-39.9997460320592	-26.8107706904411	NA	NA	26.3779506832361	1.8711163219163e-06	NA	NA
GTACT	678	2989	700	203	916	170	1213948	0.295168307762766	-33.6597420554608	-28.7967795003206	-24.6835398226976	NA	NA	8.22647935524583	0.0163547046374	NA	NA
CTACT	1104	6442	1498	318	2239	378	2196074	0.32452454666077	-47.4187243245542	-47.2965602688491	-26.7615279816091	NA	NA	41.0700645744801	1.20711540387898e-09	NA	NA
ATACT	1206	5425	1403	413	1696	270	2254702	0.296116504854369	-70.5270597301424	-62.2202462628484	-26.5110822543502	NA	NA	71.4183280169964	3.10246662134356e-16	NA	NA
TGACT	1883	3811	1710	620	1043	347	2365872	0.271474878444084	-84.3361730724573	-53.8448366634548	-26.7419238202274	NA	NA	54.2058256864548	1.69572143000237e-12	NA	NA
GGACT	1184	3125	1144	449	765	210	1600678	0.261140656519347	-102.768727354705	-69.6948640272021	-25.6424167975783	NA	NA	88.1048944592476	7.38355057216749e-20	NA	NA
CGACT	156	419	205	37	77	25	189733	0.178205128205128	-52.5171933835372	-22.7740618539974	-19.3111904314719	NA	NA	6.92574284505099	0.0313396433380611	NA	NA
TCACT	1838	7654	2470	651	1767	714	3248873	0.261829125564287	-143.681499518454	-72.8364335373044	-27.9106061980128	NA	NA	89.8516546785831	3.08291174016924e-20	NA	NA
GCACT	1121	4996	2448	418	1327	737	1990428	0.289784004670169	-58.9493691474199	-45.045388802886	-27.0964347757399	NA	NA	35.8979080542922	1.60275931668627e-08	NA	NA
CCACT	1545	7031	2209	538	1896	571	2546458	0.278627723690311	-75.0165145248175	-42.6577466800809	-27.5533331632614	NA	NA	30.208827033639	2.75572932169445e-07	NA	NA
TAACT	1600	2961	1521	404	890	323	2261274	0.265866491285761	-73.1059365980327	-41.9291208386421	-26.1468512453139	NA	NA	31.5645391866565	1.39909564163257e-07	NA	NA
GAACT	1525	4218	1715	457	1271	310	2244829	0.273263609546795	-93.3750347755849	-64.8762373700738	-26.5785849839449	NA	NA	76.5953047722578	2.33099262173527e-17	NA	NA
CAACT	1783	7383	1987	419	2541	419	1986341	0.302967811351206	-99.2795027531683	-93.1697853170335	-27.4622290730476	NA	NA	131.415112487972	2.90784266159541e-29	NA	NA
ATAAA	2814	10339	4755	731	3840	1157	6681755	0.319857047129774	-134.663756549358	-134.581916883588	-29.2892382889986	NA	NA	210.585357189178	1.87055594436937e-46	NA	NA
ATAAC	814	2599	724	194	756	259	2001100	0.292240754169688	-39.8072845190763	-34.101095251739	-24.8145889826119	NA	NA	18.5730125382543	9.26662463144412e-05	NA	NA
ATAAG	992	5042	832	272	1266	281	2473744	0.264928633847946	-71.877001516521	-35.446968972683	-25.7811922803521	NA	NA	19.3315533846617	6.3417120576872e-05	NA	NA
ATAAT	2837	5703	2053	695	1903	510	4548885	0.293401302747097	-75.8343141973019	-62.3750703334808	-27.7904476225376	NA	NA	69.1692454218864	9.5518874810759e-16	NA	NA
ATACA	1609	8586	1338	272	2916	422	3540488	0.313014827018122	-101.999894738197	-100.676781311631	-27.1466349735856	NA	NA	147.060292676091	1.16483172877294e-32	NA	NA
ATACC	993	3786	667	120	1087	202	1520184	0.258721997796548	-114.340098429471	-78.510269343853	-24.8775573074818	NA	NA	107.265424072742	5.10045726485139e-24	NA	NA
ATACG	124	657	116	22	193	29	307218	0.272017837235229	-26.0150183066726	-22.4026572122239	-19.4116798923351	NA	NA	5.98195463977754	0.050238313819832	NA	NA
ATAGA	867	6044	993	247	1831	255	2855101	0.295167004048583	-38.1477274522185	-29.3429190516472	-25.9806753620505	NA	NA	6.72448737919331	0.0346574111713849	NA	NA
ATAGC	547	2820	625	148	824	191	1616768	0.291332665330661	-30.8295052200556	-24.9719275832176	-24.3386296480894	NA	NA	1.26659587025642	0.530838240950378	NA	NA
ATAGG	506	3635	651	166	924	185	1681510	0.266068447412354	-53.6946723498404	-29.3152541480958	-24.5454218760133	NA	NA	9.53966454416513	0.008481802675751	NA	NA
ATATA	2872	22020	3155	515	7100	774	5518861	0.299105073626413	-168.237146571279	-145.731876045465	-29.4020829200745	NA	NA	232.659586250782	3.01032069810211e-51	NA	NA
ATATC	1373	6395	1202	254	2180	329	2310887	0.308026755852843	-81.7938392572105	-79.201892349869	-26.5619813501835	NA	NA	105.279821999371	1.37650288181176e-23	NA	NA
ATATG	1217	13058	1635	233	3577	531	3176610	0.272847265870522	-113.451435253024	-51.6047820001841	-27.4555068388581	NA	NA	48.2985503226519	3.2516444780246e-11	NA	NA
ATCAA	3700	2915	4140	1211	1146	1485	2879368	0.35722919572292	-58.8692585676908	-38.376426294446	-28.4956562146544	NA	NA	19.7615401595831	5.11488739847902e-05	NA	NA
ATCAC	1401	1134	4243	534	450	1576	2366916	0.377692534670994	-58.873102158308	-27.4879168085754	-26.7040904797614	NA	NA	1.56765265762806	0.456655350613288	NA	NA
ATCAG	1469	1979	4098	545	686	1426	2343689	0.352107076596873	-38.6741137728095	-28.0754034109414	-27.159526463598	NA	NA	1.8317538946867	0.400165548060573	NA	NA
ATCAT	3794	2167	6047	1412	716	2018	3024102	0.34526982011992	-44.5288397148252	-34.3041831254959	-28.5442070811987	NA	NA	11.5199520885944	0.00315118708644151	NA	NA
ATCCA	2777	2026	4915	1196	758	2113	2526503	0.418501749331138	-163.762329675257	-34.406188160181	-28.2193564549088	NA	NA	12.3736634105444	0.00205633150761972	NA	NA
ATCCC	2372	1509	5618	1177	611	2338	2034568	0.434361511738078	-210.531397189945	-41.6894102692604	-27.99428922683	NA	NA	27.3902420848608	1.1279361146618e-06	NA	NA
ATCCG	235	170	466	109	68	228	244201	0.464982778415614	-46.5692329900339	-22.1558355581947	-21.054289936088	NA	NA	2.20309124421328	0.332356988193488	NA	NA
ATCGA	753	839	7350	227	251	2664	251063	0.351375531201074	-45.3943639872596	-33.5432248306461	-26.0394377424382	NA	NA	15.0075741764158	0.00055099375202793	NA	NA
ATCGC	670	661	9502	248	195	3490	306549	0.363057324840764	-58.3339682254009	-30.8298530457541	-26.043342738878	NA	NA	9.57302061375231	0.00834151598059755	NA	NA
ATCGG	461	543	6264	159	108	2300	169687	0.353192074848652	-59.1420648195781	-48.3426726548932	-24.8195303231478	NA	NA	47.046284663491	6.08175734480247e-11	NA	NA
ATCTA	2669	2866	3896	843	1032	1284	2303774	0.334959177181635	-34.8653654158115	-32.275993399322	-27.9871292635798	NA	NA	8.57772827148438	0.013720501076477	NA	NA
ATCTC	2562	2496	5501	1037	1009	2232	2879879	0.40515200303059	-134.184906363487	-28.4442962035537	-28.4389076530933	NA	NA	0.0107771009206772	0.994625941735366	NA	NA
ATCTG	2172	2664	5141	968	1000	1605	2668439	0.358123684474291	-86.5835654661059	-66.6247275099158	-28.1513343825936	NA	NA	76.9467862546444	1.95531919962781e-17	NA	NA
TTCAT	8567	2011	3738	2784	565	1364	4149817	0.329212070410729	-44.6939108669758	-43.4057616069913	-28.6991620957851	NA	NA	29.4131990224123	4.10208811232465e-07	NA	NA
GTCAT	3447	954	1454	1305	289	523	1873164	0.361571306575576	-46.3586723953485	-32.3757795207202	-26.2061698362231	NA	NA	12.3392193689942	0.00209205240166294	NA	NA
CTCAT	8857	1707	1769	3731	570	634	2853736	0.400145949890538	-156.402321256697	-46.7844568416476	-28.0268914625049	NA	NA	37.5151307582855	7.13991204611013e-09	NA	NA
TGCAT	8684	1422	2531	2963	291	970	2778574	0.334256548231384	-81.8118562549353	-78.6951038464904	-27.8661096766591	NA	NA	101.657988339663	8.41876353614217e-23	NA	NA
GGCAT	5244	993	1559	2019	229	581	2033447	0.362878399179066	-77.6521324962378	-57.826602101326	-26.6248276904225	NA	NA	62.4035488218069	2.81346520037693e-14	NA	NA
CGCAT	849	94	160	259	20	69	249478	0.315503173164098	-25.1263389689848	-25.0628900206648	-20.092530164402	NA	NA	9.94071971252561	0.00694064994894511	NA	NA
TCCAT	7578	817	1712	2673	249	578	3013717	0.346294647274166	-39.0553577467799	-29.6965827867389	-26.9380728304386	NA	NA	5.51701991260052	0.0633861461563895	NA	NA
GCCAT	4062	655	1152	1617	206	340	2024786	0.368546600783779	-61.3710981346667	-42.166835155338	-25.7068081796169	NA	NA	32.9200539514422	7.10396989715771e-08	NA	NA
CCCAT	5960	968	1604	2233	356	588	2280734	0.372362869198312	-59.6211700662971	-27.1093410775065	-26.9671722613275	NA	NA	0.284337632358074	0.867474800342974	NA	NA
TACAT	16022	1752	3226	4274	410	737	3088701	0.258142857142857	-179.345463983715	-38.6625662371516	-28.6139268055558	NA	NA	20.0972788631916	4.32445462157302e-05	NA	NA
GACAT	7402	1291	1502	2624	213	434	2108066	0.320843550760177	-101.509552434087	-101.50117848441	-26.8582050278783	NA	NA	149.285946913064	3.82796990698929e-33	NA	NA
CACAT	13365	1735	2295	4178	441	726	3233670	0.307272204656511	-43.3511129766703	-37.747153095901	-28.3664557933807	NA	NA	18.7613946050406	8.43363740589172e-05	NA	NA
TTAAT	3045	3881	3205	536	1278	980	4251839	0.275787187839305	-149.648058764637	-114.965221993625	-27.8536491468549	NA	NA	174.223145693541	1.47205691847806e-38	NA	NA
GTAAT	821	3292	1306	294	1047	359	2448243	0.313711016792766	-32.1285032629967	-31.604082994163	-25.7655073702335	NA	NA	11.677151247859	0.00291298886384175	NA	NA
CTAAT	826	4226	1589	312	1536	516	2522334	0.355970486372534	-41.3025567010045	-29.5075547471642	-26.3937617242336	NA	NA	6.22758604586124	0.0444321033261617	NA	NA
TGAAT	1388	3158	2006	534	856	633	3700667	0.308760683760684	-48.1518332287669	-46.4584108516574	-26.7031609490514	NA	NA	39.510499805212	2.63271579306426e-09	NA	NA
GGAAT	1014	2928	1124	396	715	375	2484866	0.293328069482827	-62.7295805737376	-56.258210837841	-25.7175509929657	NA	NA	61.0813196897507	5.44954139289206e-14	NA	NA
CGAAT	119	261	145	39	61	47	267983	0.28	-22.4636220326647	-20.988784013316	-18.9917294466868	NA	NA	3.99410913325846	0.135734491928788	NA	NA
TCAAT	1187	4858	1950	409	1198	713	2788234	0.290181363352095	-79.6973888203502	-67.0411632359028	-26.9196834117174	NA	NA	80.2429596483707	3.76238042826715e-18	NA	NA
GCAAT	748	4608	1403	266	899	508	2134885	0.247521822754845	-164.1945325993	-101.612012971193	-25.969709713012	NA	NA	151.284606516361	1.40917554092226e-33	NA	NA
CCAAT	783	3871	1316	279	1062	394	1976512	0.290619765494137	-42.4275903813541	-33.2440225407481	-25.8535782136023	NA	NA	14.7808886542916	0.000617121688663894	NA	NA
TAAAT	2362	3376	4588	707	1062	1653	5429289	0.331396474917684	-40.5515010803938	-39.017885223031	-28.1437902450562	NA	NA	21.7481899559498	1.89426421671403e-05	NA	NA
GAAAT	1448	3601	2106	633	1024	740	4426854	0.335010482180294	-64.9666304215789	-62.9855852201581	-27.0670211687684	NA	NA	71.8371281027794	2.5163197980773e-16	NA	NA
CAAAT	2024	6759	2728	665	2442	942	4143057	0.351750499522196	-46.6701880246401	-30.8700333088636	-28.2576639503241	NA	NA	5.22473871707916	0.0733605203072304	NA	NA
CAAAA	4014	9559	1618	892	3421	450	6089492	0.313540912382332	-121.490857541561	-119.956297039986	-28.4584444016218	NA	NA	182.995705276728	1.83226165603134e-40	NA	NA
CAAAC	1775	3697	909	475	1286	236	2630774	0.312960351042156	-44.3644108176231	-43.6227663010359	-26.1606040596962	NA	NA	34.9243244826794	2.60783011662719e-08	NA	NA
CAAAG	1805	5742	931	571	1872	276	3699749	0.3207124321774	-27.9498901069164	-27.940179310739	-26.759108223021	NA	NA	2.36214217543602	0.306949792314822	NA	NA
CAACA	2228	8787	1473	391	2955	398	3054776	0.299807815502883	-125.491515122354	-116.092366226017	-27.52721465379	NA	NA	177.130303144455	3.44067287185224e-39	NA	NA
CAACC	1897	5352	1273	259	1600	348	1634294	0.258976766017367	-164.810611631721	-109.240966908634	-26.54568554461	NA	NA	165.390562728047	1.21869666919342e-36	NA	NA
CAACG	180	1095	157	24	372	40	268577	0.304469273743017	-35.0110189542174	-34.3490902953781	-20.5337845464237	NA	NA	27.6306114979088	1.00020482998466e-06	NA	NA
CAAGA	1162	6403	1188	378	1967	280	3100149	0.299897178110362	-43.6776596009731	-37.1417256444693	-26.5407122820616	NA	NA	21.2020267248154	2.48907735727387e-05	NA	NA
CAAGC	960	3756	875	230	941	207	1804240	0.246467537113218	-78.9751508198678	-25.6523668728769	-25.2577654495835	NA	NA	0.789202846586704	0.673948605938904	NA	NA
CAAGG	1185	4575	1010	424	1400	236	2329143	0.304283604135894	-43.6072142831981	-40.4064585827291	-26.1031986661255	NA	NA	28.6065198332071	6.14006749245256e-07	NA	NA
CAATA	997	14567	1248	301	5537	371	2780683	0.369319533666429	-102.398271411657	-45.6628051549196	-27.4417227655649	NA	NA	36.4421647787094	1.22091228586251e-08	NA	NA
CAATC	788	10776	886	186	4005	289	1700221	0.359839357429719	-76.3308032266796	-49.1091935150325	-26.4740237742662	NA	NA	45.2703394815326	1.47798723996106e-10	NA	NA
CAATG	1089	21382	1510	261	7394	491	2453335	0.339685584421	-59.4966589808464	-47.5222748294473	-27.9840486943722	NA	NA	39.0764522701502	3.27081667643099e-09	NA	NA
CACAA	4732	2779	7191	1418	908	2447	2889309	0.324649707522786	-36.6539024114609	-36.438220448792	-29.082216270268	NA	NA	14.712008357048	0.0006387456807375	NA	NA
CACAC	2364	2030	10561	746	485	3477	3173510	0.314811099966566	-53.0922039151192	-52.0238114148378	-28.3117466196418	NA	NA	47.4241295903921	5.03478703189862e-11	NA	NA
CACAG	2104	4589	10723	724	1245	3131	3181410	0.292834175470831	-64.768086515367	-41.7476805076003	-29.0723537504673	NA	NA	25.350653514266	3.1273431206295e-06	NA	NA
CACCA	3492	2829	9020	1507	1004	3607	3056802	0.39880059970015	-172.869253747165	-41.0175418704748	-29.3270390257239	NA	NA	23.3810056895018	8.37296207032138e-06	NA	NA
CACCC	3908	1859	7547	1784	659	3018	1984386	0.410169746131891	-196.074079204351	-47.0747175179422	-28.8677841797471	NA	NA	36.4138666763902	1.23830982535307e-08	NA	NA
CACCG	398	307	1172	145	97	444	427077	0.365476824720298	-29.4679647628218	-24.0896397139877	-22.726330973208	NA	NA	2.72661748155951	0.255812956357054	NA	NA
CACGA	900	1084	16574	253	260	5481	372965	0.322987390882638	-43.9592922395095	-43.9023300651461	-27.0873504439369	NA	NA	33.6299592424184	4.98135091709636e-08	NA	NA
CACGC	1255	1209	26129	422	313	8649	522032	0.328192214877767	-39.9957430604845	-38.0917195696384	-28.1089552324265	NA	NA	19.9655286744237	4.6189209987311e-05	NA	NA
CACGG	973	1027	20851	298	202	6533	399989	0.307776464924949	-58.6764917885885	-51.9325113100931	-27.2534411521628	NA	NA	49.3581403158605	1.91432650260256e-11	NA	NA
CACTA	1017	2291	4657	334	745	1580	1652420	0.3338355304457	-29.3055875189602	-27.4687309414148	-26.9595712050796	NA	NA	1.01831947267056	0.601000365475214	NA	NA
CACTC	1035	2310	7115	469	844	2650	2180642	0.37887189292543	-86.1148631200194	-35.7115547843277	-27.6748663075268	NA	NA	16.0733769536018	0.00032337805288692	NA	NA
CACTG	1827	3331	11856	761	1091	2938	3229368	0.281532855295639	-161.337652511895	-117.123228102922	-28.8190662786365	NA	NA	176.608323648572	4.46673091652434e-39	NA	NA
TTCTG	8273	3088	2399	2528	1029	924	4206589	0.325654069767442	-46.9008517637849	-46.5459799468517	-28.7312822714448	NA	NA	35.6293953508139	1.83305334050395e-08	NA	NA
GTCTG	3444	2121	905	1139	700	375	1917919	0.342194744976816	-38.3443112671375	-34.1585357747972	-26.5758819431067	NA	NA	15.1653076633811	0.000509208075767508	NA	NA
CTCTG	6524	5294	1347	2331	1741	485	3678340	0.346145081655906	-44.3917912989855	-32.3475531861186	-28.4933858215809	NA	NA	7.70833472907543	0.0211912405447714	NA	NA
TGCTG	9190	2215	1853	3371	629	792	3293204	0.361442148136974	-90.5254546552896	-59.0723805874586	-28.3088010251522	NA	NA	61.5271591246128	4.36060905714316e-14	NA	NA
GGCTG	6400	2119	2040	2485	715	793	3183781	0.37816081068283	-83.732989564538	-34.0500076711178	-28.0664952620864	NA	NA	11.9670248180628	0.00251995960076092	NA	NA
CGCTG	960	265	200	327	74	77	359746	0.335438596491228	-24.0856658378616	-23.6660820543766	-21.6056799767539	NA	NA	4.12080415524542	0.127402733806733	NA	NA
TCCTG	8011	1710	1619	2945	710	499	3660490	0.3663139329806	-74.7911805510521	-41.0591864809394	-27.8060018867254	NA	NA	26.5063691884279	1.75474924040735e-06	NA	NA
GCCTG	5965	1846	1627	2335	730	474	3061105	0.374973511337148	-86.8322896584868	-47.1645316705108	-27.5714284405112	NA	NA	39.1862064599991	3.09615991630513e-09	NA	NA
CCCTG	6090	2151	1411	2280	936	489	2541148	0.383858267716535	-92.8601685240865	-38.1380988061428	-27.7144444808364	NA	NA	20.8473086506128	2.97210703199352e-05	NA	NA
TACTG	8465	2008	1332	2049	629	433	1992077	0.263532401524778	-118.70534010604	-52.8971037268639	-27.5018822140992	NA	NA	50.7904430255294	9.35395831736082e-12	NA	NA
GACTG	5808	1655	1252	1361	515	414	1731124	0.262765347102697	-103.179903410375	-53.245950140059	-26.8595449179411	NA	NA	52.7728104442358	3.47160107974655e-12	NA	NA
TTATG	2197	6666	1591	804	2354	408	2787351	0.34111344939736	-55.3993337228894	-49.3208877816796	-27.6798082217574	NA	NA	43.2821591198444	3.99391267224303e-10	NA	NA
GTATG	1096	8221	593	360	2258	156	1544593	0.27991927346115	-59.0350863821805	-31.1228663548827	-26.0392006970942	NA	NA	10.167331315577	0.00619715069560524	NA	NA
CTATG	1077	14044	1418	356	4954	412	1881874	0.345970131205031	-50.4608933404088	-35.5672171935439	-27.6047428771853	NA	NA	15.9249486327171	0.000348290270108523	NA	NA
TGATG	2254	5765	1288	984	1573	318	2713424	0.308907274094767	-103.50604043901	-101.156899899244	-27.2895499169827	NA	NA	147.734699964523	8.31414338208097e-33	NA	NA
GGATG	2288	4856	1216	1008	1306	289	1959455	0.311363636363636	-108.954769577831	-107.587810583413	-27.0531985796988	NA	NA	161.069224007428	1.05745624064538e-35	NA	NA
CGATG	160	644	106	67	148	34	264715	0.273626373626374	-31.4951999369077	-28.0714571238495	-19.9844294958748	NA	NA	16.1740552559495	0.000307502411652915	NA	NA
TCATG	2078	11101	2132	867	3207	718	2826574	0.312977597805499	-75.372318841517	-73.6015949174762	-28.5270961597562	NA	NA	90.14899751544	2.65701444185253e-20	NA	NA
GCATG	1512	14284	1966	616	3169	723	2171808	0.253800247719851	-298.161752257496	-161.661117054522	-28.2787442691624	NA	NA	266.764745570719	1.182419317125e-58	NA	NA
CCATG	1671	14867	1538	636	4390	513	2670846	0.306428413365789	-53.5331882238388	-46.9991802573204	-28.2340887859464	NA	NA	37.5301829427481	7.08637811287657e-09	NA	NA
TAATG	1128	4594	1144	377	1623	354	2716555	0.342848820273813	-33.8592026308179	-29.1327910870314	-26.3608935475349	NA	NA	5.54379507899284	0.0625432138540747	NA	NA
GAATG	1017	5624	1203	335	1610	340	2763247	0.291305456399796	-40.7139808759093	-29.1844998374581	-26.3520384579897	NA	NA	5.66492275893688	0.0588677792578839	NA	NA
CCAAA	3577	6969	903	917	1952	340	3695495	0.280286487902874	-76.460838586092	-44.761272713542	-27.5441041886806	NA	NA	34.4343370497227	3.3317984027273e-08	NA	NA
CCAAC	1308	2821	537	287	643	189	1745815	0.23981997428204	-92.372998341918	-39.2007236406207	-24.900323074311	NA	NA	28.6008011326194	6.15764922042219e-07	NA	NA
CCAAG	1666	7392	653	452	1392	226	2503515	0.213160333642261	-273.757281690836	-72.3323219120502	-26.3023984879255	NA	NA	92.0598468482494	1.02201731688883e-20	NA	NA
CCACA	2407	7688	1184	513	1784	399	2832710	0.239028282649171	-183.744716256857	-52.6305536925793	-27.2747327908874	NA	NA	50.7116418033838	9.72986687542746e-12	NA	NA
CCACC	3187	8930	1251	515	1458	389	2715821	0.176690604428486	-607.774383239448	-86.1100998520851	-27.4054151698947	NA	NA	117.409369364381	3.19800678374233e-26	NA	NA
CCACG	305	1772	194	72	302	89	530606	0.203874944958168	-106.833921809681	-50.6078777611256	-21.9860627697781	NA	NA	57.243629982695	3.71281822480721e-13	NA	NA
CCAGA	1055	6666	848	392	1794	256	2744409	0.284980744544288	-60.8741021826863	-42.336026340723	-26.2712005823851	NA	NA	32.1296515166759	1.0547142663061e-07	NA	NA
CCAGC	1399	7385	1194	475	1597	365	3310801	0.244237322108639	-172.056741245091	-70.8767269030213	-26.8497952371836	NA	NA	88.0538633316755	7.57437010924684e-20	NA	NA
CCAGG	1850	12128	1334	556	2710	440	3534273	0.242032392894462	-232.448348037899	-67.8111640661955	-27.7286309078336	NA	NA	80.1650663167238	3.91180347919414e-18	NA	NA
CCATA	937	11003	1045	307	3556	403	1854104	0.328532922603003	-33.3740168437362	-32.4045165516436	-27.0109558068216	NA	NA	10.7871214896441	0.0045457581989164	NA	NA
CCATC	1336	12057	1571	410	3028	571	2329428	0.26790964982625	-132.74681802839	-61.8138547278941	-27.6768281124532	NA	NA	68.2740532308817	1.49443734698329e-15	NA	NA
CCCAA	3030	1854	4587	818	788	1815	2638416	0.361207897793264	-105.651405841112	-83.4375857040286	-27.9378388300538	NA	NA	110.99949374795	7.88435527354752e-25	NA	NA
CCCAC	2299	1674	6008	985	729	2447	2264879	0.416892094980463	-158.440358180553	-29.804512206465	-28.0863424576819	NA	NA	3.43633949756622	0.17939418404931	NA	NA
CCCAG	2561	2310	8357	1101	1014	3173	4002823	0.399758088902328	-156.742660589516	-40.2465782016516	-28.8176242783666	NA	NA	22.85790784657	1.08759794216382e-05	NA	NA
CCCCA	2612	3247	6797	981	1468	2649	2618968	0.402812895069532	-162.216739907861	-42.2696404159069	-28.9303766489029	NA	NA	26.678527534008	1.61002030538991e-06	NA	NA
CCCCC	2386	2435	5338	782	986	1918	1351535	0.3628309873019	-63.8955838121474	-38.1503232195973	-28.1449702531099	NA	NA	20.0107059329748	4.51575547513475e-05	NA	NA
CCCCG	374	422	1185	137	162	446	459874	0.376072690560323	-31.8316832417622	-23.1717697493732	-23.0898039164022	NA	NA	0.163931665942073	0.921303436359791	NA	NA
CCCGA	752	884	12391	216	334	4323	334587	0.347401440079846	-46.0240560104139	-32.0322278384119	-26.682044391986	NA	NA	10.7003668928519	0.0047472800479697	NA	NA
CCCGC	969	880	15633	249	255	5402	401162	0.337833199862716	-48.7065878156573	-41.731145680882	-26.9694453272969	NA	NA	29.5234007071704	3.88217396651328e-07	NA	NA
CCCGG	1337	1299	24428	345	388	8335	574455	0.335057641146911	-52.4706850741059	-45.0301792444661	-28.1356216277927	NA	NA	33.7891152333468	4.60030739967666e-08	NA	NA
CCCTA	837	1433	3929	275	604	1540	1364777	0.39022422971447	-74.8417887873948	-32.4045050553977	-26.3278442248702	NA	NA	12.1533216610551	0.00229583003340513	NA	NA
CCCTC	1382	2209	7510	483	974	2956	2108003	0.397531753896045	-129.742837447673	-37.3445913232863	-27.9646568857133	NA	NA	18.7598688751459	8.44007358690339e-05	NA	NA
TTCGG	10847	681	495	3627	76	134	235946	0.319138318223405	-92.5990548157133	-92.4898732653819	-25.2053920663893	NA	NA	134.568962397985	6.00787789685347e-30	NA	NA
GTCGG	5482	682	328	1982	86	112	164943	0.335797905113986	-90.4021714502014	-88.4130171847064	-24.3361458494328	NA	NA	128.153742670547	1.48514330392697e-28	NA	NA
CTCGG	17279	1296	753	6440	272	287	553038	0.362117135761589	-126.16620622389	-79.2446728879586	-27.2831268794835	NA	NA	103.92309201695	2.71260961846657e-23	NA	NA
TGCGG	14344	1135	1192	4524	98	368	286095	0.299322176234179	-165.845407350454	-152.931278307457	-26.7779164225794	NA	NA	252.306723769754	1.63038833666408e-55	NA	NA
GGCGG	20451	1189	1549	6946	155	510	532092	0.328215964465911	-125.435447810218	-123.875169720501	-27.7242249473929	NA	NA	192.301889546216	1.74652680440032e-42	NA	NA
CGCGG	3904	192	268	1310	35	71	109445	0.324472960586618	-32.0171519904397	-31.9608629602008	-22.5493082855828	NA	NA	18.8231093492359	8.17737169539273e-05	NA	NA
TCCGG	11702	448	608	3892	79	89	231293	0.318231697758269	-81.2382402978837	-81.0199717665091	-24.9845014549792	NA	NA	112.07094062306	4.6142854011968e-25	NA	NA
GCCGG	15250	785	983	5193	215	211	379021	0.330179809613351	-57.7866929387674	-55.8694860087708	-26.7187168234959	NA	NA	58.3015383705497	2.1876699412217e-13	NA	NA
TACGG	12742	555	528	3393	86	129	176545	0.260976491862568	-122.798616828863	-40.1913239122368	-25.2106772097759	NA	NA	29.9612934049219	3.11880198369487e-07	NA	NA
GACGG	20951	939	781	6015	116	175	340487	0.278152706100304	-153.283698773012	-84.9307959675789	-26.5120609365404	NA	NA	116.837470062077	4.25662837995394e-26	NA	NA
TTAGG	812	2979	751	217	831	301	1887560	0.297005724350506	-44.6350052319467	-40.26384113729	-25.0780190564692	NA	NA	30.3716441616416	2.54027811755712e-07	NA	NA
GTAGG	484	3322	355	141	763	120	1217669	0.246094688776736	-73.0874467920512	-32.9932052809745	-23.7813506554812	NA	NA	18.4237092509866	9.98486892386283e-05	NA	NA
CTAGG	548	4797	733	158	1070	198	1554917	0.234616650213886	-110.11873049289	-31.2686617560685	-24.8652548119426	NA	NA	12.8068138882518	0.00165590607251096	NA	NA
TGAGG	1046	3864	1222	394	829	378	3125530	0.261089367253751	-108.986238852143	-71.7125395014882	-25.989045701921	NA	NA	91.4469875991344	1.38847782937125e-20	NA	NA
GGAGG	1479	4633	1541	555	1159	523	3512997	0.292303671762707	-73.6977534741163	-63.1882564127445	-26.8698006421328	NA	NA	72.6369115412235	1.68692225425257e-16	NA	NA
CGAGG	196	654	221	71	128	72	484039	0.253034547152194	-40.0264663714916	-31.5861751111224	-20.7915391586721	NA	NA	21.5892719049007	2.05092213204241e-05	NA	NA
TCAGG	1036	7468	1192	380	1839	502	2843762	0.280631188118812	-118.392539076507	-92.0058825612068	-26.8223655670881	NA	NA	130.367033988237	4.91086797273939e-29	NA	NA
GCAGG	1072	7459	1339	349	1416	538	2457098	0.233333333333333	-275.332904450595	-143.269585438073	-26.7580929100513	NA	NA	233.022985056043	2.51016180365857e-51	NA	NA
TAAGG	703	2332	877	174	553	336	1766376	0.271728016359918	-64.5410467758775	-48.5932220332325	-24.7022868022323	NA	NA	47.7818704620004	4.21016059031329e-11	NA	NA
GAAGG	994	4486	1267	282	965	442	2644435	0.250333481547354	-119.322107933462	-61.6934399306774	-26.0428803563118	NA	NA	71.3011191487312	3.28971821949403e-16	NA	NA
CGAAA	180	506	99	56	163	40	348786	0.329936305732484	-20.9275296754204	-20.8429019432515	-19.9289861898869	NA	NA	1.82783150672913	0.400951120402026	NA	NA
CGAAC	85	203	68	19	69	29	222354	0.328651685393258	-20.3662976319902	-20.3387586981989	-17.7842549462803	NA	NA	5.10900750383735	0.0777307962563107	NA	NA
CGAAG	163	359	69	30	85	23	284384	0.233502538071066	-28.7249806411564	-20.8448326298967	-18.6169442129321	NA	NA	4.45577683392912	0.107755725236481	NA	NA
CGACA	141	560	110	24	142	46	266538	0.261405672009864	-31.3592212139629	-26.4843514268287	-19.4889333234169	NA	NA	13.9908362068236	0.000916069700980305	NA	NA
CGACC	218	431	105	20	63	38	166724	0.160477453580902	-70.115154288942	-32.7975971261039	-18.9605735493824	NA	NA	27.6740471534431	9.78716735710584e-07	NA	NA
CGACG	30	88	14	6	17	13	40726	0.272727272727273	-23.1202481602668	-22.6042495824513	-14.4001922635362	NA	NA	16.4081146378303	0.000273541470444406	NA	NA
CGAGA	195	659	168	55	158	61	577092	0.268101761252446	-29.0028000203893	-24.1872559115291	-20.5512126684189	NA	NA	7.27208648622036	0.0263564238822226	NA	NA
CGAGC	114	407	78	33	82	32	214798	0.245409015025042	-30.3558331467211	-24.4726178073324	-18.7553889043629	NA	NA	11.434457805939	0.00328881190354075	NA	NA
CGATA	81	451	119	34	158	78	198642	0.414746543778802	-37.1059833760373	-29.0711237043142	-19.6326310634613	NA	NA	18.8769852817059	7.96003044117584e-05	NA	NA
CGATC	127	407	132	30	132	61	279677	0.334834834834835	-24.7407495267689	-24.5611514830962	-19.5836493922397	NA	NA	9.95500418171287	0.00689125480460838	NA	NA
CGCAA	205	159	524	60	47	202	237611	0.347972972972973	-24.0419655041769	-23.1059490763582	-20.4688656497747	NA	NA	5.27416685316712	0.0715697037471957	NA	NA
CGCAC	128	101	793	47	37	312	268726	0.38747553816047	-26.8204190228134	-20.3551761684939	-20.1903946353123	NA	NA	0.329563066363335	0.848078960963236	NA	NA
CGCAG	234	238	787	79	57	321	344052	0.362986497220016	-32.623836547602	-29.4055181089789	-21.4046123079024	NA	NA	16.0018116021529	0.000335158903070958	NA	NA
CGCCA	289	244	1196	119	79	438	463598	0.367842683632157	-29.1509281406179	-23.6595218572766	-22.2542934753001	NA	NA	2.81045676395297	0.24531102543809	NA	NA
CGCCC	436	282	1537	210	95	640	493944	0.419068736141907	-57.9620632873848	-27.6161692338064	-23.2221423229203	NA	NA	8.78805382177234	0.0123508929993053	NA	NA
CGCCG	51	55	202	27	16	61	84208	0.337662337662338	-20.3047114146175	-20.1828674963908	-17.2377755140187	NA	NA	5.89018396474421	0.0525972215765541	NA	NA
CGCGA	134	192	2540	42	38	769	63519	0.296231681786462	-28.196716910461	-25.2964513704646	-21.4983860246139	NA	NA	7.59613069170155	0.0224140934554021	NA	NA
CGCGC	199	147	5798	62	41	1763	132112	0.3037109375	-25.8574009772856	-22.7951600388624	-22.6208655484952	NA	NA	0.348588980734348	0.840049474750124	NA	NA
CGCTA	114	118	536	37	34	228	165832	0.389322916666667	-28.0467317800503	-22.9222235560883	-19.6959063287359	NA	NA	6.45263445470482	0.0397034486480617	NA	NA
CGCTC	174	193	963	56	83	416	296892	0.417293233082707	-41.0238516335376	-23.7446158616804	-21.3974945624359	NA	NA	4.69424259848893	0.0956440970325436	NA	NA
TTCCG	702	168	187	265	70	83	282865	0.395458845789972	-30.3539668545127	-22.0098066302016	-21.0926358788274	NA	NA	1.83434150274843	0.399648147041416	NA	NA
GTCCG	322	138	102	125	51	52	161275	0.405693950177936	-26.8458550358191	-21.1470000888221	-19.5358513435349	NA	NA	3.22229749057442	0.199658125957437	NA	NA
CTCCG	803	371	259	333	152	83	449750	0.396371249127704	-36.2390947164968	-24.6529620150104	-22.21998844482	NA	NA	4.86594714038074	0.0877754377119553	NA	NA
TGCCG	838	163	277	338	50	127	285226	0.402973395931142	-36.7440763884224	-24.5842094928958	-21.5279997061007	NA	NA	6.11241957359016	0.047065746795122	NA	NA
GGCCG	1053	281	365	390	70	146	438738	0.356680400235433	-31.7992736408487	-28.6593136563897	-22.361539718695	NA	NA	12.5955478753895	0.00184039705902149	NA	NA
TCCCG	1133	309	301	444	117	116	487155	0.388410786001147	-33.9477592622861	-22.6150805149227	-22.5557242045179	NA	NA	0.118712620809674	0.942370932761093	NA	NA
GCCCG	860	247	312	366	88	113	429695	0.399577167019027	-36.3913622098044	-23.9502826500684	-22.0722800111398	NA	NA	3.75600527785718	0.152895187872149	NA	NA
TACCG	524	144	194	201	41	65	164454	0.35614849187935	-23.6775453859009	-22.1322688993532	-20.3601996870711	NA	NA	3.54413842456415	0.169980898113729	NA	NA
GACCG	493	142	209	178	32	84	168233	0.348341232227488	-25.6787341171876	-24.764820430195	-20.3039826599415	NA	NA	8.92167554050684	0.0115526807398885	NA	NA
TTACG	115	380	114	46	127	23	263630	0.32183908045977	-23.1850999398157	-23.1850317823701	-19.1346846483648	NA	NA	8.10069426801056	0.0174163277903976	NA	NA
GTACG	71	404	48	26	97	14	139272	0.261950286806883	-22.6782064805739	-19.5937962806784	-17.827979142312	NA	NA	3.5316342767328	0.171046960330321	NA	NA
CTACG	95	635	120	31	216	34	207301	0.330588235294118	-20.2056345939636	-20.099294943735	-19.5834482405335	NA	NA	1.03169340640306	0.596994903067395	NA	NA
TGACG	127	594	120	41	141	28	268441	0.249702734839477	-28.334339923691	-21.0188845256343	-19.5253151920624	NA	NA	2.98713866714388	0.224569659287089	NA	NA
GGACG	134	749	174	51	135	13	235971	0.188268684957427	-71.8833394660614	-37.5590707701631	-19.5596911590546	NA	NA	35.9987592222169	1.52394311864463e-08	NA	NA
TCACG	242	1169	353	99	245	92	564855	0.247165532879819	-52.8804871700704	-36.3823633473366	-22.0331651577726	NA	NA	28.6983963791281	5.86438408587143e-07	NA	NA
GCACG	148	2114	263	57	238	61	372057	0.140990099009901	-217.691129921004	-55.534086195752	-21.4398215934634	NA	NA	68.1885292045772	1.55972853894428e-15	NA	NA
TAACG	101	346	97	39	109	20	241000	0.308823529411765	-21.6560470666736	-21.5168523727916	-18.7146048159339	NA	NA	5.60449511371553	0.0606735420283151	NA	NA
GAACG	115	501	150	34	125	35	255906	0.253263707571802	-25.9749327390455	-19.9816268607974	-19.4598019309342	NA	NA	1.04364985972643	0.593436579052368	NA	NA
CTAAA	1373	7385	1122	364	2659	321	3177913	0.338461538461538	-52.7506164610386	-48.4469274953008	-26.8667850792408	NA	NA	43.1602848321199	4.24485861888183e-10	NA	NA
CTAAC	759	2152	418	190	657	119	1328135	0.290177230399519	-32.2472494728863	-26.9753840528429	-23.9413643293083	NA	NA	6.06803944706917	0.0481218124422245	NA	NA
CTAAG	881	4001	431	238	1111	155	1737644	0.283079239600979	-42.1725995764136	-29.4253014400601	-24.8480334766209	NA	NA	9.15453592687845	0.0102829513542844	NA	NA
CTACA	1192	7469	689	231	2318	250	2143039	0.299358288770053	-64.6840677857399	-57.3500658459961	-26.1364788152277	NA	NA	62.4271740615368	2.78042632746547e-14	NA	NA
CTACC	1114	3499	667	186	994	197	1283909	0.260795454545455	-84.0324742980301	-51.63448273018	-25.0569351427257	NA	NA	53.1550951749086	2.86759450992096e-12	NA	NA
CTAGA	545	5545	536	184	1707	135	1976882	0.305765167521883	-31.1352604553103	-28.5210704952478	-24.8970276378095	NA	NA	7.24808571487665	0.0266746165324524	NA	NA
CTAGC	410	2575	395	122	677	124	1148214	0.273076923076923	-38.6101898532361	-25.5900819823146	-23.5089965090156	NA	NA	4.16217094659805	0.12479467736203	NA	NA
CTATA	2615	15693	938	516	5621	324	2118826	0.335706120752364	-133.260381322354	-127.384020149708	-28.0255881771445	NA	NA	198.716863945127	7.06612415239091e-44	NA	NA
CTATC	1686	9565	779	505	3267	219	1442857	0.331753948462178	-36.1790095828474	-34.2646049968898	-26.9884704388678	NA	NA	14.552269116044	0.000691854725923703	NA	NA
CTCAA	1922	3226	5118	605	1253	1993	3045447	0.375121761153322	-83.54682225734	-40.1693152487278	-28.1699301600456	NA	NA	23.9987701773643	6.14799166089381e-06	NA	NA
CTCAC	1123	1544	6780	466	528	2881	2657268	0.410183126918598	-144.258603394032	-38.3894585445523	-27.2950356677175	NA	NA	22.1888457536697	1.51968425777965e-05	NA	NA
CTCAG	1205	2791	6723	463	943	2705	3546921	0.383524582517026	-98.9951503351331	-38.8387896940112	-27.8776207640767	NA	NA	21.922337859869	1.73630021298806e-05	NA	NA
CTCCA	1868	3239	6172	754	1280	2782	3230207	0.426988208174484	-213.99639980495	-37.6944205015898	-28.538612909615	NA	NA	18.3116151839495	0.000105604709307159	NA	NA
CTCCC	2134	2663	8832	883	1000	3633	3147142	0.40472521828454	-167.456092812121	-32.3417258262634	-28.7748758420348	NA	NA	7.13369996845722	0.0282446848998682	NA	NA
CTCGA	503	1009	9284	146	349	3471	349305	0.367358280844757	-64.9891891377047	-31.6930732736364	-26.1261405423284	NA	NA	11.1338654626161	0.0038221861430264	NA	NA
CTCGC	426	663	8563	105	172	3176	289735	0.357749689183589	-64.2145037264563	-45.4700674409978	-25.2287741154432	NA	NA	40.4825866511092	1.61926527334152e-09	NA	NA
CTCTA	2167	4830	4226	363	1744	1677	2289209	0.337164750957854	-171.1422306858	-166.972367051989	-28.158673170954	NA	NA	277.62738776207	5.17581488058214e-61	NA	NA
CTCTC	2136	6397	7929	484	2159	2949	3002681	0.3396914105212	-94.7963178306818	-86.5597705841064	-29.1389055997133	NA	NA	114.841729968786	1.15460967190918e-25	NA	NA
TTCAG	6315	2207	1480	2046	610	509	3338729	0.316436712657469	-36.059406042099	-35.6476961746812	-27.521820910275	NA	NA	16.2517505288124	0.00029578572600704	NA	NA
GTCAG	3000	1518	787	1128	470	308	1907970	0.35928369462771	-44.9685210473835	-33.680727455765	-25.9678447023034	NA	NA	15.4257655069232	0.000447030937891022	NA	NA
TGCAG	8313	1933	3331	2882	480	1267	3315781	0.340944243941961	-70.860717356205	-63.102079719305	-28.5051724091172	NA	NA	69.1938146203756	9.4352641732858e-16	NA	NA
GGCAG	5592	2071	3426	2152	563	1319	2809390	0.363783930020741	-89.5414482653141	-60.118367433548	-28.3093210607767	NA	NA	63.6180927455425	1.53287480386149e-14	NA	NA
TCCAG	7097	1008	1316	2484	364	408	3160349	0.345610869334466	-38.1526520177722	-29.8983645811677	-26.8580287918448	NA	NA	6.08067157864571	0.0478188297455433	NA	NA
GCCAG	4221	994	1224	1690	403	396	2408946	0.386550706631465	-74.1893859729171	-34.542228937149	-26.3985590189695	NA	NA	16.287339836359	0.000290568875108222	NA	NA
TACAG	12433	3511	1993	3736	998	645	2761434	0.299882923565814	-45.5915573164821	-32.1953294277191	-28.9047026485205	NA	NA	6.58125355839729	0.0372305067744438	NA	NA
GACAG	7437	4444	1844	2224	1206	565	2368708	0.291074681238616	-53.5318615734577	-33.0627979040146	-28.4963229708374	NA	NA	9.13294986635447	0.0103945366479519	NA	NA
TTAAG	851	3178	1644	236	857	503	2647305	0.281332628239027	-43.2742309421301	-28.3663395345211	-25.8396345004439	NA	NA	5.05341006815434	0.0799219269395583	NA	NA
GTAAG	495	3704	672	175	830	179	1516902	0.243071237938822	-89.9105884172022	-38.9453884027898	-24.5157874114811	NA	NA	28.8592019826174	5.41132867947371e-07	NA	NA
TGAAG	760	3152	1837	286	809	411	3148721	0.261958601495912	-81.9674714207649	-48.0527738705277	-25.8009510189295	NA	NA	44.5036457031965	2.16848350655779e-10	NA	NA
GGAAG	816	4973	1756	339	964	357	3124955	0.220013253810471	-227.507150538266	-91.3691768497229	-26.1437995135784	NA	NA	130.450754672289	4.70954057441117e-29	NA	NA
TCAAG	681	5093	1636	254	1207	586	2756711	0.276248313090418	-94.5678247362375	-69.7240420803428	-26.2455185800791	NA	NA	86.9570470005274	1.31074183949602e-19	NA	NA
GCAAG	476	4003	1048	161	739	360	1918757	0.227971774923105	-164.035960476846	-80.2187090329826	-25.0068341717124	NA	NA	110.42374972254	1.05144706296183e-24	NA	NA
TAAAG	738	2939	2037	209	780	651	3314392	0.287014350717536	-42.9675108194351	-31.9621702507138	-25.8579086363316	NA	NA	12.2085232287645	0.0022333298200148	NA	NA
GAAAG	693	5582	1896	234	1117	609	3643092	0.239872720597234	-174.671915091574	-81.6723926588893	-26.313677020371	NA	NA	110.717431277037	9.07852456286118e-25	NA	NA
GAAAA	2686	7417	1596	785	1968	462	6238664	0.274809812804513	-72.9254253655672	-31.0929860472679	-27.797168597579	NA	NA	6.59163489937782	0.0370377561668117	NA	NA
GAAAC	1122	2511	576	397	594	178	2738491	0.277738180090283	-57.8828245401382	-44.7015464678407	-24.8937263637781	NA	NA	39.6156402081251	2.49788839480202e-09	NA	NA
GAACA	1438	5686	1248	300	1665	352	2570010	0.276755852842809	-69.8093442544341	-42.386080622673	-26.5277911201119	NA	NA	31.7165790051222	1.29667869905652e-07	NA	NA
GAACC	1195	3335	865	186	816	236	1433678	0.229471733086191	-125.231327582151	-46.1908698491752	-25.1898434571922	NA	NA	42.0020527839661	7.57478174135149e-10	NA	NA
GAAGA	1436	6174	1182	584	1634	268	3481607	0.282757051865332	-93.180955722928	-71.7206948027015	-26.7288390249014	NA	NA	89.9837115556002	2.8859267592397e-20	NA	NA
GAAGC	713	3876	672	281	752	155	1948661	0.225812583159095	-154.233651157469	-70.4874785654247	-24.8365940228105	NA	NA	91.3017690852284	1.49304449013636e-20	NA	NA
GAATA	1676	5941	1193	601	2008	390	2886486	0.340408626560726	-33.0348106995225	-28.2706637084484	-27.0959475412965	NA	NA	2.34943233430386	0.308906645099137	NA	NA
GAATC	1210	3305	844	451	1023	314	1838466	0.333644336629968	-34.4927445240319	-33.2941357344389	-25.8779531642795	NA	NA	14.8323651403189	0.000601440726533326	NA	NA
GACAA	3835	2422	5213	1377	686	1736	2204972	0.331211857018309	-43.3083280883729	-41.6696541383862	-28.4210145734251	NA	NA	26.4972791299224	1.76274277870858e-06	NA	NA
GACAC	1125	1248	4602	387	214	1596	1599587	0.314982078853047	-84.2179839015007	-83.7446085065603	-26.1559576243162	NA	NA	115.177301764488	9.76262711282689e-26	NA	NA
GACCA	2279	1517	4916	989	510	1896	1728959	0.389692378328742	-97.8397777564824	-39.1008533090353	-27.6279618293047	NA	NA	22.9457829594612	1.04084614699702e-05	NA	NA
GACCC	2630	828	3704	1246	257	1527	1140580	0.42306618263055	-152.8488400653	-48.8261277843267	-26.9191591590643	NA	NA	43.8139372505248	3.06143054374815e-10	NA	NA
GACGA	709	716	12498	138	116	3760	203209	0.288299935358759	-89.1898481361568	-64.8387438911013	-25.7148610432632	NA	NA	78.2477656956762	1.02026636265268e-17	NA	NA
GACGC	428	581	10547	93	82	3293	164651	0.300103842159917	-71.595485066995	-63.2958083092235	-24.8354259587359	NA	NA	76.9207647009753	1.9809256399939e-17	NA	NA
GACTA	1207	1386	3210	359	454	961	1340446	0.305703946234706	-29.8609540686011	-27.5542511157691	-26.148215688765	NA	NA	2.8120708540082	0.245113128261499	NA	NA
GACTC	1091	1222	4371	350	433	1593	1482030	0.355475763016158	-40.3364656306803	-28.8057050481439	-26.4051735922694	NA	NA	4.80106291174889	0.090669753509382	NA	NA
TTCTC	9375	3246	3793	3169	1206	1626	4160713	0.365602534421835	-106.533284090459	-59.2297525629401	-29.5221515372396	NA	NA	59.4152020514011	1.25358216285602e-13	NA	NA
GTCTC	4458	2268	1313	1855	919	598	2476160	0.419455156113945	-139.179586201906	-30.1245360523462	-27.5375741347671	NA	NA	5.17392383515835	0.0752483037166109	NA	NA
TGCTC	7793	1455	1235	3104	454	446	2087812	0.381951731374607	-96.5912664085627	-40.6652643196285	-27.3214222639799	NA	NA	26.6876841112971	1.60266601558493e-06	NA	NA
GGCTC	5479	1126	1325	2284	448	542	1950005	0.412862547288777	-121.515747580677	-27.4298958107829	-26.9903025813401	NA	NA	0.87918645888567	0.644298449426075	NA	NA
TCCTC	8923	1551	1385	3424	589	445	2765457	0.37591702504427	-85.7424597069621	-34.1888850256801	-27.6569476872683	NA	NA	13.0638746768236	0.00145618199797253	NA	NA
GCCTC	7954	1541	1342	3393	637	513	2871171	0.419211959029252	-176.799577474594	-30.5133411884308	-27.6864288076758	NA	NA	5.6538247615099	0.05919534447823	NA	NA
TACTC	6111	1445	971	2156	472	328	1607290	0.346663539345608	-36.1783028431237	-28.0533269420266	-26.759717784822	NA	NA	2.58721831440926	0.274279078245579	NA	NA
TTATC	2040	5436	1864	695	1975	346	2381210	0.322912205567452	-105.92546402663	-105.89939616248	-27.3768763355911	NA	NA	157.045039653778	7.90866052425882e-35	NA	NA
GTATC	689	4679	624	260	1595	91	1204682	0.324766355140187	-68.4652538634837	-68.3705711569637	-24.9461089111865	NA	NA	86.8489244915545	1.38355257519536e-19	NA	NA
TGATC	1694	3526	809	786	1026	209	1972263	0.335213136506883	-83.7523026131094	-82.0334537178278	-26.1329964697361	NA	NA	111.800914496183	5.28128836649875e-25	NA	NA
GGATC	1295	2499	827	647	565	204	1267164	0.306427180264012	-127.356389150023	-125.684111187235	-25.4296423252672	NA	NA	200.508937723935	2.88427979141469e-44	NA	NA
TCATC	2080	7889	1582	804	2172	519	2334390	0.302571205956194	-68.3165375255048	-61.7119050994515	-27.8131746537983	NA	NA	67.7974608913064	1.89656802319527e-15	NA	NA
GCATC	1009	5489	1184	401	1419	358	1380327	0.283519916688362	-71.8278735689819	-53.8390681967139	-26.3787758983672	NA	NA	54.9205845966935	1.18616903721447e-12	NA	NA
TAATC	1098	3480	919	370	1227	290	2341155	0.34327815171912	-31.3435414135456	-27.406727861613	-25.8503430448472	NA	NA	3.11276963353157	0.210897126450476	NA	NA
GCAAA	1680	4770	748	661	1307	258	3054098	0.309252570158377	-57.2650152668357	-55.5459777265787	-26.3809104263783	NA	NA	58.3301346004009	2.15661294234816e-13	NA	NA
GCAAC	912	2323	452	311	463	112	1503465	0.240303770002712	-91.3375306986272	-49.8400097377598	-24.1515941508114	NA	NA	51.3768311738968	6.97690583920424e-12	NA	NA
GCACA	1668	6854	844	482	1314	342	2202340	0.228272474909246	-248.180788207799	-107.16652341187	-26.6035204716027	NA	NA	161.126005880535	1.02785624167377e-35	NA	NA
GCACC	1382	5749	620	285	783	210	1389570	0.164881950716037	-451.075678344816	-90.7965879254043	-25.5016562640667	NA	NA	130.589863322675	4.39310398571992e-29	NA	NA
GCAGA	1294	7269	906	519	1515	254	2705394	0.241630584010983	-206.17730910331	-103.257157199085	-26.5013323500752	NA	NA	153.511649698019	4.62773854138301e-34	NA	NA
GCAGC	887	4068	767	349	842	233	1893428	0.248864033554701	-127.566112756729	-76.5706303417683	-25.4042306505144	NA	NA	102.332799382508	6.00779292671768e-23	NA	NA
GCATA	1296	8367	1022	483	2616	431	1628650	0.330369677117454	-47.6806969940662	-46.4086771570146	-27.1319055184722	NA	NA	38.5535432770848	4.24819504912235e-09	NA	NA
GCCAA	1485	956	3637	464	414	1284	2130012	0.355709114840408	-48.6124702878296	-37.9789074547589	-26.3564768694341	NA	NA	23.2448611706495	8.96277575091413e-06	NA	NA
GCCAC	917	529	3891	312	199	1530	2070078	0.382424583099119	-57.1388099826872	-28.2073738314211	-25.3767866529524	NA	NA	5.66117435693741	0.0589782127635887	NA	NA
GCCCA	1452	1269	4904	550	563	2014	2194877	0.410098360655738	-115.875648271292	-30.5796444490552	-27.0994508601725	NA	NA	6.96038717776537	0.030801447637713	NA	NA
GCCCC	1313	843	4193	515	333	1758	1334020	0.410458339896047	-99.1297244802117	-27.5833083689213	-26.4021527059376	NA	NA	2.36231132596731	0.306923833052368	NA	NA
GCCGA	874	705	13022	226	212	4628	379559	0.346962536812547	-54.9967702860013	-40.9023001166061	-26.5007096976042	NA	NA	28.8031808380038	5.56504589601828e-07	NA	NA
GCCGC	537	302	8552	119	98	2961	226219	0.338409115110212	-41.9092553104274	-37.8919712002389	-24.6924739899114	NA	NA	26.3989944206551	1.85153189470475e-06	NA	NA
GCCTA	810	900	3250	202	344	1272	1240919	0.366532258064516	-60.4219879563898	-45.5311790015548	-25.4533961974084	NA	NA	40.1555656082928	1.90690790591235e-09	NA	NA
TTCGC	8830	404	384	2905	65	115	196934	0.320752755250572	-45.4018906308338	-45.3920256234705	-24.4505827981047	NA	NA	41.8828856507316	8.03983133369471e-10	NA	NA
GTCGC	4700	307	324	1795	75	75	168527	0.364847120615269	-56.1218650825322	-41.4023126943503	-23.5406349815894	NA	NA	35.7233554255217	1.74892800416801e-08	NA	NA
TGCGC	12456	550	905	3801	87	294	228755	0.300625404356265	-59.2411121181212	-49.7108757300302	-25.9472432779148	NA	NA	47.5272649042308	4.78173557123737e-11	NA	NA
GGCGC	14579	628	949	4977	130	291	375423	0.334117355781134	-50.1436116639525	-46.2913775313646	-26.4562524333596	NA	NA	39.6702501960099	2.43060631589049e-09	NA	NA
TCCGC	15485	392	549	5222	105	114	307702	0.331243151101912	-45.7405443070456	-43.4129818966612	-25.4201055560261	NA	NA	35.9857526812702	1.53388602860499e-08	NA	NA
TACGC	11047	387	413	3048	89	104	138922	0.273571368278889	-70.2646008771844	-26.5873345334549	-24.6877957228571	NA	NA	3.79907762119547	0.149637614593476	NA	NA
TTAGC	722	2798	596	215	861	215	1843129	0.313654033041788	-27.5827276743948	-27.1785858720541	-24.7174718119204	NA	NA	4.92222812026739	0.0853398242926809	NA	NA
GTAGC	452	2546	288	163	706	93	1252691	0.292757151552039	-32.5866241734475	-28.2156664412469	-23.4164134878665	NA	NA	9.59850590676069	0.00823589735072863	NA	NA
TGAGC	674	2939	792	248	787	256	2455325	0.293076049943246	-41.1463956385851	-35.4164960756898	-24.96372256428	NA	NA	20.9055470228195	2.88680961694129e-05	NA	NA
GGAGC	612	2471	817	191	597	208	1572854	0.255384615384615	-57.5839223563671	-29.0042763277888	-24.4715647287667	NA	NA	9.0654231980443	0.0107514828001584	NA	NA
TCAGC	980	6373	1044	314	1288	405	2588531	0.239013933547696	-196.048933878541	-98.3803236633539	-26.2684988304973	NA	NA	144.223649665713	4.81096719022482e-32	NA	NA
TAAGC	604	1960	550	161	452	214	1505399	0.265574823378292	-58.6003125272691	-42.4615542143583	-23.9413747228682	NA	NA	37.0403589829803	9.05291083710696e-09	NA	NA
GGAAA	2236	8618	1159	547	2242	419	4097394	0.26704403562807	-106.729510471225	-47.8117054998875	-27.4556886404753	NA	NA	40.7120337188244	1.44375733751167e-09	NA	NA
GGAAC	653	2165	532	139	480	231	1543550	0.253731343283582	-84.790094204247	-58.9451735056937	-24.0082661770284	NA	NA	69.8738146573305	6.71574090188042e-16	NA	NA
GGACA	1020	4676	1110	190	1218	451	1926257	0.27314134587129	-100.639555837959	-74.498367998749	-25.9389176368713	NA	NA	97.1189007237554	8.14514206581839e-22	NA	NA
GGACC	689	2324	643	111	505	276	971106	0.24398249452954	-112.840223852545	-75.5188975296915	-24.1662594154477	NA	NA	102.705276228487	4.98692269240109e-23	NA	NA
GGAGA	1156	4671	1062	388	1146	350	3163895	0.27347946000871	-72.6150022521615	-46.5226630792022	-26.1793057322502	NA	NA	40.6867146939039	1.46215078188579e-09	NA	NA
GGATA	943	3982	1721	284	1281	727	1656570	0.344869094191995	-51.8709003031254	-46.39957645908	-26.5028533264995	NA	NA	39.793446265161	2.28540374951126e-09	NA	NA
GGCAA	3645	1479	4198	1335	431	1545	2119565	0.355181291568333	-54.1550738364458	-38.3464528247714	-27.7351539507508	NA	NA	21.2225977480412	2.46360713488886e-05	NA	NA
GGCAC	1243	744	3800	531	213	1479	1563386	0.384136858475894	-72.2629393488169	-39.1667698062956	-25.969509549439	NA	NA	26.3945205137134	1.8556783213557e-06	NA	NA
GGCCA	2088	1274	5910	885	396	2374	2251556	0.394197584124245	-113.117991417646	-42.3291713036597	-27.5200345143676	NA	NA	29.6182735785842	3.70231708067861e-07	NA	NA
GGCCC	1507	845	4361	657	271	1827	1229525	0.41039773573663	-112.581846680492	-37.0509305298328	-26.5294001046568	NA	NA	21.043060850352	2.69499147150609e-05	NA	NA
GGCGA	1016	692	12279	301	107	3924	280772	0.309716165010367	-64.4999232706614	-61.4513884191401	-26.2501480276696	NA	NA	70.402480782941	5.15579382268063e-16	NA	NA
GGCTA	1145	1006	3777	430	360	1388	1440892	0.367408906882591	-44.9111649952829	-26.4295982085168	-26.2010347247124	NA	NA	0.457126967608929	0.795675783075257	NA	NA
TTCCC	9849	1884	1743	3584	762	831	2797790	0.384164440486791	-129.897328704596	-52.7904429510236	-28.381868056953	NA	NA	48.8171497881413	2.50894194612394e-11	NA	NA
GTCCC	4059	1072	1369	1809	477	631	1394966	0.448769230769231	-172.283393286169	-27.1062805578113	-26.8223596289754	NA	NA	0.567841857671738	0.752826169194417	NA	NA
TGCCC	8508	1206	2219	3435	391	1056	2097672	0.409117573116567	-181.76133941859	-51.2030707411468	-27.9707527719438	NA	NA	46.464635938406	8.13453073028271e-11	NA	NA
TCCCC	7192	1181	1577	2775	484	635	2074177	0.391356783919598	-98.7972871512175	-28.4940067604184	-27.4518919475377	NA	NA	2.08422962576151	0.352707981289005	NA	NA
TACCC	5107	974	2330	2023	296	1037	1214623	0.3990013078112	-117.886326570064	-45.2802326343954	-27.2194442357868	NA	NA	36.1215767972171	1.4331751182805e-08	NA	NA
TTACC	817	3020	903	216	931	168	1594607	0.277426160337553	-60.6413202062249	-45.5862488225102	-24.9428671449423	NA	NA	41.2867633551359	1.08316158629579e-09	NA	NA
GTACC	436	2280	609	145	593	73	892439	0.24390977443609	-88.6404251866043	-54.6309086047113	-23.45043002069	NA	NA	62.3609571680427	2.87402279159575e-14	NA	NA
TGACC	1141	3203	1216	449	734	203	1696511	0.249280575539568	-136.40930557996	-87.4524405226111	-25.6292471848428	NA	NA	123.646386675537	1.41425681363219e-27	NA	NA
TCACC	1100	5841	1803	344	1095	381	2227260	0.208142726440988	-257.647752586752	-57.741397023201	-26.4893789254129	NA	NA	62.5040361955762	2.67559879562289e-14	NA	NA
TAACC	841	2177	958	205	551	153	1298928	0.228621730382294	-98.200377035886	-38.7917886711657	-24.4882436953485	NA	NA	28.6070899516344	6.1383174590849e-07	NA	NA
GTAAA	1016	4768	1066	277	1698	349	2813767	0.339270072992701	-38.7475834563375	-35.473187237978	-26.1534076407552	NA	NA	18.6395591944456	8.96336637344879e-05	NA	NA
GTAAC	425	1679	435	133	503	155	1190171	0.311539976368649	-25.498050481081	-25.0969195496291	-23.3678779844195	NA	NA	3.45808313041925	0.177454406968689	NA	NA
GTACA	715	4560	656	133	1235	225	1588816	0.268588770864947	-68.8091234527528	-41.4015370868146	-24.9669937603176	NA	NA	32.8690866529942	7.2873314113122e-08	NA	NA
GTAGA	411	4331	531	133	1367	183	1943213	0.319173146216575	-25.1775132231414	-25.130309432745	-24.5069254562259	NA	NA	1.24676795303822	0.536127122858684	NA	NA
GTATA	690	14257	1225	178	3698	438	2091350	0.26675735839723	-125.572646629065	-45.5088806860149	-26.8556032851338	NA	NA	37.3065548017621	7.92473147624278e-09	NA	NA
GTCAA	1307	1540	2492	431	549	914	1712467	0.354748080164825	-36.7925741374493	-27.9629398360848	-26.2760641053319	NA	NA	3.37375146150589	0.18509691415879	NA	NA
GTCAC	648	681	2553	253	234	1019	1483783	0.387944358578053	-52.0078301988542	-27.1000169813633	-24.8917522877455	NA	NA	4.41652938723564	0.109891178016728	NA	NA
GTCCA	1120	1047	3165	482	422	1278	1486284	0.409227306826707	-85.501799043268	-26.9815115705132	-26.2170644700527	NA	NA	1.52889420092106	0.465591285029362	NA	NA
GTCGA	340	402	3872	98	121	1436	140446	0.358690940615518	-38.5776170182507	-29.1521052445751	-23.8625172495376	NA	NA	10.5791759900749	0.00504383791791139	NA	NA
GTCTA	803	1456	2425	306	557	927	1347984	0.382152006831768	-50.9985785596073	-25.835270460695	-25.8336896263063	NA	NA	0.00316166877746582	0.998420414471782	NA	NA
TTCAC	5410	1202	1202	1887	353	441	2734943	0.343102124392117	-37.881108507514	-32.3752625286579	-26.6512119844556	NA	NA	11.4481010884047	0.00326645315703103	NA	NA
TGCAC	6557	822	1811	2686	224	775	2098485	0.400979325353645	-131.652417320758	-48.2920790612698	-26.9922339469194	NA	NA	42.5996902287006	5.61816903079242e-10	NA	NA
TCCAC	5788	475	899	2186	166	284	2126898	0.368053616308294	-52.9436404518783	-29.9906602315605	-25.5519145391881	NA	NA	8.87749138474464	0.0118107435384954	NA	NA
TACAC	10491	944	1339	2575	225	507	1690165	0.258885235634883	-147.327334199101	-63.8364647328854	-26.9127688854933	NA	NA	73.8473916947842	9.20963974168172e-17	NA	NA
TTAAC	878	1874	1009	216	576	308	2062193	0.292475405477267	-34.3660896942019	-29.2621303275228	-24.8593159653246	NA	NA	8.80562872439623	0.012242835598332	NA	NA
TGAAC	785	2007	1009	247	586	219	2282358	0.276769271244409	-46.9909324422479	-34.5420151725411	-24.7429470196366	NA	NA	19.598136305809	5.55032959269215e-05	NA	NA
TCAAC	676	2297	1060	208	590	359	1827293	0.286883213488718	-41.6742567420006	-33.8475255407393	-24.9245049916208	NA	NA	17.846041098237	0.000133285042134713	NA	NA
TAAAC	829	1538	1265	240	428	337	2498706	0.27670704845815	-37.2186952158809	-25.2885953634977	-24.7942793518305	NA	NA	0.988632023334503	0.609987989308237	NA	NA
TAAAA	4590	6101	4393	1414	2105	839	7630697	0.288915407053832	-172.026144742966	-146.139481961727	-29.0996426194906	NA	NA	234.079678684473	1.47993830405798e-51	NA	NA
TAACA	1571	5178	1366	316	1519	446	2774674	0.281084411583487	-74.2303378805518	-52.6403763145208	-26.6689731404185	NA	NA	51.9428063482046	5.25730186554829e-12	NA	NA
TAAGA	1208	3951	1103	496	1146	275	2795985	0.306132226125838	-55.8357291668653	-53.4786724895239	-26.1386872380972	NA	NA	54.6799705028534	1.3378125630708e-12	NA	NA
TAATA	1880	7660	1933	533	2834	526	3935614	0.339318399721084	-66.5510743483901	-61.0379588901997	-27.7835702523589	NA	NA	66.5087772756815	3.61245557964149e-15	NA	NA
TACAA	5322	2935	10556	1678	901	3237	3120526	0.309147929623133	-34.5968315824866	-30.0319862887263	-29.5798113793135	NA	NA	0.904349818825722	0.636242875124409	NA	NA
TACCA	2455	1745	6434	1059	597	2455	1988707	0.386590182433703	-104.59541073814	-39.1004435904324	-28.1115961074829	NA	NA	21.977694965899	1.68890093325092e-05	NA	NA
TACGA	699	661	12792	176	134	3712	197752	0.284200113058225	-67.943234781269	-36.5944903474301	-25.864854706917	NA	NA	21.4592712810263	2.18866074424289e-05	NA	NA
TACTA	1758	2252	6358	472	751	1999	1966708	0.310763888888889	-36.8384614996612	-34.93748389557	-27.6744958795607	NA	NA	14.5259760320187	0.000701010273174444	NA	NA
TTCTA	6509	3349	2795	1997	1197	1004	3475436	0.331779024737216	-43.3530138656497	-41.3265422806144	-28.7273085564375	NA	NA	25.1984674483538	3.37460011812885e-06	NA	NA
TGCTA	7782	1650	1245	2854	543	444	2040025	0.35974524679217	-53.4433568008244	-30.1949573606253	-27.432784371078	NA	NA	5.52434597909451	0.0631543853285722	NA	NA
TCCTA	6081	1371	1130	2350	587	342	2077705	0.382078769517595	-86.8334052115679	-40.8478142060339	-26.9804538860917	NA	NA	27.7347206398845	9.49471502848515e-07	NA	NA
TTATA	3776	12575	2069	1154	4505	496	4096509	0.33414766558089	-79.5256854742765	-75.0597160607576	-29.0015762299299	NA	NA	92.1162796616554	9.93582708386709e-21	NA	NA
TGATA	2127	5874	1125	839	2024	330	2530713	0.349879465264081	-49.7834376692772	-38.7448068335652	-27.266939483583	NA	NA	22.9557346999645	1.0356798955754e-05	NA	NA
TCATA	1876	10298	1683	752	3486	652	2584788	0.352890235981814	-60.3516419902444	-39.9077466279268	-28.2424956485629	NA	NA	23.3305019587278	8.5870871319583e-06	NA	NA
TCAAA	2532	6320	1161	902	1570	417	4367999	0.288524917607111	-91.5508190020919	-73.9474718272686	-27.4335236251354	NA	NA	93.0278964042664	6.29867157934441e-21	NA	NA
TCACA	2083	5764	1822	546	1369	478	3200347	0.24749198469335	-119.726179771125	-30.1202996820211	-27.2635917961597	NA	NA	5.71341577172279	0.0574576062415319	NA	NA
TCAGA	1210	6082	981	513	1660	304	3109569	0.299407711833676	-68.2564277276397	-61.7929739952087	-26.5485166236758	NA	NA	70.4889147430658	4.93772212408505e-16	NA	NA
TCCAA	1927	1092	5395	522	445	1992	2698893	0.351675778464464	-64.91801982373	-53.4264109656215	-27.0647274032235	NA	NA	52.7233671247959	3.55849446928895e-12	NA	NA
TCCCA	2119	2012	9310	817	848	3507	3890268	0.384792798154899	-111.180163301528	-32.7308997735381	-28.5192905962467	NA	NA	8.42321835458279	0.0148224971109669	NA	NA
TCCGA	514	314	9613	77	86	3201	197601	0.322191360980749	-57.0615877513774	-57.0554363909177	-24.4983089459129	NA	NA	65.1142548900098	7.2546957575773e-15	NA	NA
TTCGA	11419	687	645	4059	183	180	304311	0.346796329699631	-50.9204651094042	-38.7829616125673	-26.0152558125556	NA	NA	25.5354116000235	2.85138476277158e-06	NA	NA
TGCGA	10394	856	1161	3426	141	303	222105	0.311820159535896	-74.4420817694627	-72.6193052199669	-26.409294619225	NA	NA	92.4200212014839	8.53586204342284e-21	NA	NA
TTAGA	907	4316	986	272	1270	357	2658110	0.305846352069576	-34.1124080941081	-31.687277212739	-25.8650060743093	NA	NA	11.6445422768593	0.00296087295045901	NA	NA
TGAGA	1663	5513	1383	378	1313	513	4007694	0.257506718074541	-122.983849212527	-64.3639547377825	-26.8221085295081	NA	NA	75.0836924165487	4.96344657107288e-17	NA	NA
TGAAA	2827	6025	1465	731	1780	517	5205312	0.293496171367646	-55.0921431481838	-42.0716840922832	-27.6463129967451	NA	NA	28.8507421910763	5.43426651389213e-07	NA	NA
TGACA	1371	5366	1519	251	1468	590	2646400	0.279675387596899	-105.284855253994	-81.7280060201883	-26.6793866977096	NA	NA	110.097238644958	1.23790806348738e-24	NA	NA
TGCAA	4208	1953	7055	1599	567	2553	2964378	0.357067191283293	-69.9168626368046	-44.9651225805283	-28.68385823071	NA	NA	32.5625286996365	8.49447875438423e-08	NA	NA
TGCCA	2575	1423	8786	1152	463	3498	2699850	0.399953066332916	-158.936768189073	-45.86400706321	-28.2816896364093	NA	NA	35.1646348536015	2.31257891944951e-08	NA	NA
TTCCA	8252	2686	2264	3234	1032	907	3748351	0.391834570519618	-123.730463072658	-29.1679796501994	-28.7463519945741	NA	NA	0.843255311250687	0.655978243735516	NA	NA
TTACA	1269	5864	1559	382	1941	342	3432823	0.306603773584906	-56.9579184129834	-53.8848391622305	-26.7753985896707	NA	NA	54.2188811451197	1.68468826940515e-12	NA	NA
TTAAA	3082	7084	23226	919	2469	3719	6158335	0.212835409678965	-1196.448043257	-499.669399246573	-30.4145532101393	NA	NA	938.509692072868	1.60401992967436e-204	NA	NA
TTCAA	3121	3093	6606	1027	1027	2165	4087847	0.329095163806552	-29.9036380723119	-28.7848781645298	-28.7255730479956	NA	NA	0.118610233068466	0.942419177611595	NA	NA
Summary	NA	NA	NA	NA	NA	NA	NA	0.321570654793885	-45431.3437170731	-26934.1969892328	-13436.1942626212	36994.2934556806	-7450.54625365448	26996.0054532232	-4915.35559214949	63990.2989089038	-12322.0925722709
