Context	s1	s2	s3	p1	p2	p3	same	alpha	likelihood_0	likelihood_1	likelihood_2	Chi_stat_0v1	p_0v1	Chi_stat_1v2	p_1v2	Chi_stat_0v2	p_0v2
AAA	55903	92499	36648	15979	27812	9518	87032808	0.288078897595245	-449.375360012054	-115.023789405823	-36.4866025447845	NA	NA	157.074373722076	7.79351044958186e-35	NA	NA
AAC	27355	68187	19832	4937	20893	5766	32555327	0.273857194861927	-1097.22170633078	-667.441669642925	-34.6879890561104	NA	NA	1265.50736117363	1.57967635357623e-275	NA	NA
AAG	20205	74745	19964	7464	19946	4988	44643142	0.28193257566528	-645.685869693756	-352.882646799088	-34.6973406076431	NA	NA	636.370612382889	6.51444314864372e-139	NA	NA
AAT	26036	145217	35585	7860	50859	10232	57547936	0.333357506841103	-298.884989976883	-254.791843652725	-36.2975318431854	NA	NA	436.98862361908	1.28565976823055e-95	NA	NA
ACA	55184	42905	159416	15152	11975	49462	45051382	0.297427234422633	-394.290568828583	-155.258701682091	-37.2048892974854	NA	NA	236.107624769211	5.36884311820359e-52	NA	NA
ACC	46119	21758	84501	19026	7129	32682	25051933	0.386125293677565	-1103.80495846272	-178.514305770397	-36.1051102876663	NA	NA	284.818390965462	1.42060137133197e-62	NA	NA
ACG	14188	13396	257740	3570	2421	78263	4740286	0.295292369376568	-768.946970775723	-459.383140802383	-34.8574932664633	NA	NA	849.05129507184	4.27419024459567e-185	NA	NA
ACT	27170	37091	115615	9443	12191	35315	35450755	0.316601436545176	-114.379381299019	-107.448462724686	-36.2216084003448	NA	NA	142.453708648682	1.16565546356982e-31	NA	NA
TCT	105100	54935	42838	34387	19373	16177	49669964	0.344732911723098	-320.103992342949	-155.017045021057	-37.0859935283661	NA	NA	235.862102985382	6.07008945988175e-52	NA	NA
GCT	85764	22711	20118	32030	7647	7863	30087141	0.369693529196768	-524.246301829815	-83.3544111847878	-35.3036206364632	NA	NA	96.1015810966492	1.35458672058495e-21	NA	NA
CCT	107767	27669	25835	40444	11471	8603	38158102	0.375256555735377	-839.618643164635	-155.039582371712	-36.0059579610825	NA	NA	238.067248821259	2.01536521086237e-52	NA	NA
TAT	37220	180114	28361	9495	59488	6111	47871079	0.3056391053949	-894.940860390663	-796.494679093361	-36.3846278190613	NA	NA	1520.2201025486	0	NA	NA
GAT	28248	62681	14186	11915	18791	3759	30046906	0.327878989677972	-558.605574905872	-552.150868356228	-34.6679563522339	NA	NA	1034.96582400799	1.81981331138676e-225	NA	NA
CAT	32063	184180	28424	12252	54625	9627	41454774	0.312686222498334	-405.19995701313	-374.94794678688	-36.6338623762131	NA	NA	676.628168821335	1.18048368786202e-147	NA	NA
CAA	30007	77249	13850	9272	19070	4718	42920898	0.272983997489802	-778.843982577324	-310.473975300789	-34.7867703437805	NA	NA	551.374409914017	1.86452476378294e-120	NA	NA
CAC	28724	89114	17395	6833	19297	5617	32586867	0.234757788409634	-2105.80858165026	-357.553660333157	-34.8900530934334	NA	NA	645.327214479446	7.39564173839316e-141	NA	NA
CAG	21650	110951	19161	8193	27033	6092	43509974	0.272255241760124	-1282.02537274361	-676.968289494514	-35.2068619728088	NA	NA	1283.52285504341	1.93443138155129e-279	NA	NA
CCA	31799	20312	87490	10916	8254	32810	40098901	0.372346902959148	-635.903713226318	-104.223736166954	-35.7014579772949	NA	NA	137.044556379318	1.74241938773289e-30	NA	NA
CCC	27684	24154	80765	10429	10317	31116	27430171	0.391107290181972	-1016.04413467646	-85.6048253774643	-35.7400490641594	NA	NA	99.7295526266098	2.20801899804329e-22	NA	NA
CCG	12860	9598	198086	2930	2900	67448	4844920	0.332260229251306	-343.65905430913	-305.44302970171	-34.4352561831474	NA	NA	542.015547037125	2.00825754834974e-118	NA	NA
TCG	135121	11502	8645	48739	2582	2550	4233220	0.346954942422135	-540.044050186872	-390.169812828302	-33.8512748479843	NA	NA	712.637075960636	1.78988511057955e-155	NA	NA
GCG	168260	11114	14001	55058	1724	4136	4108488	0.315025210084034	-650.824894443154	-638.038491360843	-34.2797577828169	NA	NA	1207.51746715605	6.17893470888409e-263	NA	NA
TAG	11764	61688	10722	3471	17635	3562	28949410	0.293059614607836	-175.420639455318	-65.8390111923218	-33.4071298837662	NA	NA	64.8637626171112	8.22267092513705e-15	NA	NA
GAG	15628	53127	15581	4919	13556	5166	36613271	0.280319199392905	-429.590989947319	-196.406538844109	-33.8903934955597	NA	NA	325.032290697098	2.63108485630198e-71	NA	NA
GAA	23033	59715	13688	5940	15671	5115	44524887	0.27713716869219	-591.559262633324	-281.059234619141	-34.2399271726608	NA	NA	493.63861489296	6.42298264894075e-108	NA	NA
GAC	13517	43289	13870	2405	11131	5224	20610323	0.265436640443715	-913.316316962242	-545.308192789555	-33.2058653831482	NA	NA	1024.20465481281	3.95170974171407e-223	NA	NA
GCA	35508	19873	74093	13458	5927	26859	31386071	0.357168234549021	-409.926640510559	-164.083768844604	-35.5012035965919	NA	NA	257.165130496025	1.43648615251819e-56	NA	NA
GCC	27280	20025	73628	12238	6588	28907	24577954	0.39470615960904	-1183.71298271418	-248.138141751289	-35.4115283489227	NA	NA	425.453226804733	4.11155065666781e-93	NA	NA
TCC	88270	25560	25065	35262	9779	10918	33604624	0.402887072968789	-1401.80024015903	-82.789458155632	-35.8222109079361	NA	NA	93.9344944953918	4.00298248758821e-21	NA	NA
TAC	11524	60507	14288	3539	19005	2858	25177664	0.294280517614894	-422.20355540514	-319.402600884438	-33.4673945307732	NA	NA	571.870412707329	6.60568254719953e-125	NA	NA
TAA	24418	70907	41978	6858	22986	8794	47417537	0.281406815583054	-1037.97027480602	-678.598475933075	-35.4491801261902	NA	NA	1286.29859161377	4.82847282056197e-280	NA	NA
TCA	30120	30669	84396	10726	10389	31063	43873814	0.359389744119572	-374.270604491234	-63.6973975896835	-35.9413764476776	NA	NA	55.5120422840118	8.82496879571396e-13	NA	NA
Summary	NA	NA	NA	NA	NA	NA	NA	0.321570654793885	-22708.2304259241	-9921.54773446172	-1127.86827513576	25573.3653829247	-5505.16208817589	17587.3589186519	-3730.69066348894	43160.7243015766	-9229.27299553363
