Context	Count	Count	Count	Count	Count	Count	Count	Count	Count	Count	Count	Count	Count	Count	Count	Count	Count	Count	Count	Count	Count	Count	Count	One_mer
AAA->C	3599	4187	3404	4309	3807	3423	2770	2768	2448	2324	2335	2173	2324	1423	952	1214	893	1555	638	917	658	360	3027	A->C
AAA->G	6284	7457	5647	7160	6354	5940	4770	4668	4006	4009	4144	3718	4023	2567	1743	1981	1703	2726	1023	1680	1152	630	4889	A->G
AAA->T	2247	2562	2007	2819	2264	2034	1731	1720	1430	1425	1484	1323	1459	851	568	712	537	911	400	536	398	219	1832	A->T
AAC->C	1225	1457	1084	1378	1156	1156	940	876	800	811	817	708	758	512	359	436	328	502	223	357	247	154	1025	A->C
AAC->G	4865	5279	4042	5459	4610	4408	3468	3464	2904	2950	2991	2770	3047	1856	1227	1431	1183	2067	704	1430	920	501	3986	A->G
AAC->T	1227	1450	1147	1556	1270	1184	930	958	766	818	820	756	785	509	297	424	308	537	178	335	223	119	1230	A->T
AAG->C	1592	1914	1428	1946	1655	1531	1166	1221	996	1004	1053	929	931	627	450	557	405	669	245	456	297	192	1226	A->C
AAG->G	4787	5318	4079	5165	4556	4113	3275	3354	2899	2942	2948	2616	2823	1823	1279	1553	1240	1905	793	1332	822	519	3491	A->G
AAG->T	1149	1278	998	1337	1084	1044	804	846	662	744	774	687	708	450	280	356	262	477	161	280	233	110	968	A->T
AAT->C	1904	2196	1667	2365	1850	1740	1402	1432	1214	1166	1201	1090	1289	707	456	506	441	809	271	504	370	196	1552	A->C
AAT->G	11044	13257	10326	13095	11595	10442	8412	8412	7449	6937	7295	6541	7300	4490	2995	3488	2629	4927	1490	3133	2014	1086	8445	A->G
AAT->T	2193	2613	2145	2862	2431	2066	1711	1810	1338	1359	1425	1342	1524	862	563	690	495	980	315	597	441	184	2070	A->T
ACA->A	3213	3741	2911	3994	3261	3007	2475	2515	2059	2040	2279	1866	2087	1292	803	1077	748	1360	523	899	622	334	2908	C->A
ACA->G	2532	3173	2423	2896	2624	2402	2061	2286	1993	1711	1767	1543	1607	1069	809	1163	675	1105	490	764	500	316	2197	C->G
ACA->T	10950	12581	9575	12379	10818	9873	8134	8120	6776	7023	7112	6441	6861	4309	3020	3617	2826	4687	1787	3222	1964	1304	8565	C->T
ACC->A	3696	4108	3129	3964	3500	3383	2629	2798	2217	2355	2476	2156	2059	1403	1006	1324	974	1501	794	1130	628	490	2861	C->A
ACC->G	1523	1822	1287	1579	1442	1359	1215	1328	1216	1003	1063	885	799	596	494	774	459	573	354	498	269	242	1221	C->G
ACC->T	6892	7151	5419	6668	5920	5785	4625	4766	3868	4434	4079	3719	3702	2690	1842	2396	1990	2566	1333	2238	1086	964	5181	C->T
ACG->A	841	890	620	887	667	720	645	668	480	574	533	470	513	330	225	372	272	351	208	309	163	133	668	C->A
ACG->G	646	626	444	588	455	520	432	432	409	394	404	334	348	254	183	268	171	250	161	182	101	100	446	C->G
ACG->T	16484	18345	12613	16095	14326	13879	11902	11501	9416	11187	9979	9387	9117	6323	4342	6010	5086	7009	3584	5680	2911	2743	11740	C->T
ACT->A	1931	2328	1805	2440	2016	1718	1513	1514	1310	1218	1375	1154	1179	766	574	695	456	845	299	577	355	217	1694	C->A
ACT->G	2509	3194	2343	2950	2704	2344	2167	2317	2195	1693	1715	1534	1538	1063	835	1182	656	1022	452	674	467	319	2228	C->G
ACT->T	7937	8629	6744	8743	7325	6799	5449	5589	4633	4774	5009	4448	4868	3058	1984	2396	1935	3260	1266	2221	1382	787	6151	C->T
AGA->A	7237	7638	5924	7710	6740	6378	4944	5004	4207	4556	4506	4031	4205	2612	1784	2346	1813	2881	1150	2080	1206	792	5681	C->T
AGA->C	4096	5066	3706	4389	4023	3679	3188	3702	3519	2693	2801	2340	2287	1687	1314	1915	1069	1598	739	1258	729	514	3334	C->G
AGA->T	3368	3867	3171	4176	3498	3241	2513	2597	2104	2176	2310	1999	2271	1384	850	1048	796	1459	498	965	649	356	3183	C->A
AGC->A	7024	7325	5560	7123	6188	5952	4668	4871	3941	4403	4429	3972	3885	2574	1715	2336	1938	2759	1209	2257	1232	962	5422	C->T
AGC->C	1662	1957	1414	1626	1524	1431	1303	1489	1360	1128	1076	933	902	630	556	887	520	648	360	543	282	256	1194	C->G
AGC->T	1643	1887	1459	1800	1600	1524	1214	1306	981	1081	1137	954	958	654	451	616	469	683	310	555	310	233	1301	C->A
AGG->A	9223	9658	7085	9129	7814	7557	6239	6401	5139	5815	5588	4993	4917	3313	2311	3203	2636	3486	1836	2919	1582	1429	7007	C->T
AGG->C	2383	2799	2039	2283	2259	2034	1829	1996	1908	1568	1563	1367	1200	968	766	1336	736	920	560	766	356	422	1716	C->G
AGG->T	1853	2004	1560	1987	1735	1576	1400	1381	1175	1194	1241	1047	1072	692	492	723	536	734	367	580	295	236	1484	C->A
ATA->A	2128	2492	2026	2752	2352	2065	1685	1636	1365	1247	1418	1265	1545	874	507	607	494	959	267	528	403	153	1884	A->T
ATA->C	12412	15304	12055	15924	13361	12122	9626	9433	8408	7690	8355	7362	8805	5284	3210	3775	2837	5518	1504	3285	2486	1035	10152	A->G
ATA->G	1463	1715	1366	1850	1566	1388	1137	1135	944	889	954	860	1036	581	359	433	335	603	177	402	304	131	1324	A->C
ATC->A	2185	2519	2076	2744	2268	2078	1682	1747	1347	1432	1498	1279	1378	894	518	706	523	964	328	631	430	223	1893	A->T
ATC->C	4126	4706	3697	4745	4081	3708	3137	3063	2622	2541	2663	2501	2544	1606	1119	1439	982	1731	679	1220	740	452	3306	A->G
ATC->G	965	1055	750	982	866	811	654	651	544	581	584	526	530	364	239	266	223	383	170	256	170	116	705	A->C
ATG->A	2550	2954	2264	2978	2549	2383	1925	1974	1596	1663	1717	1459	1657	983	676	890	598	1091	356	782	516	279	2018	A->T
ATG->C	12078	13990	10413	13141	11713	10882	8756	8679	7631	7742	7698	6900	7601	4816	3234	4018	3085	5093	1950	3657	2180	1403	8836	A->G
ATG->G	2000	2480	1812	2379	2042	1937	1554	1595	1360	1378	1367	1288	1228	826	578	701	487	909	321	622	379	246	1532	A->C
CAA->C	2013	2491	1873	2285	2051	1893	1549	1540	1305	1337	1374	1217	1308	801	569	716	521	892	361	579	343	231	1583	A->C
CAA->G	4731	5141	4011	5016	4278	4067	3270	3285	2855	2877	2920	2601	2860	1808	1228	1491	1211	1955	810	1409	732	517	3434	A->G
CAA->T	1019	1160	922	1207	1018	933	822	744	663	642	692	577	642	419	266	346	288	434	149	305	205	104	914	A->T
CAC->C	1514	1618	1178	1477	1366	1226	1111	1161	917	997	930	868	828	553	414	665	404	606	348	464	274	235	1053	A->C
CAC->G	4861	5217	3734	4568	4260	4023	3552	3228	2856	3143	2948	2757	2695	1807	1356	1735	1485	1951	1047	1574	839	753	3406	A->G
CAC->T	1238	1471	1052	1292	1099	990	896	946	747	835	760	734	702	439	336	440	370	498	249	417	248	207	924	A->T
CAG->C	1795	2011	1517	1730	1645	1541	1377	1364	1114	1187	1187	963	1007	657	530	664	520	732	380	559	310	285	1169	A->C
CAG->G	6561	7071	5217	5980	5673	5299	4558	4490	3870	4182	4039	3557	3547	2541	1807	2390	2076	2603	1470	2160	1132	1040	4314	A->G
CAG->T	1324	1533	1080	1430	1230	1184	1000	1057	828	908	931	810	779	523	371	483	408	559	259	484	242	229	1046	A->T
CCA->A	2474	2681	1949	2465	2124	2028	1785	1714	1492	1541	1576	1331	1282	942	618	868	616	963	451	720	427	340	1991	C->A
CCA->G	1726	1924	1452	1702	1516	1454	1291	1403	1255	1137	1128	935	938	665	536	784	498	650	375	538	274	277	1308	C->G
CCA->T	7607	8015	6024	7349	6626	6246	5289	5308	4468	4835	4672	4196	4172	2902	2116	2738	2266	2891	1584	2548	1243	1141	5405	C->T
CCC->A	2123	2260	1672	2036	1860	1741	1474	1472	1356	1372	1354	1190	1013	856	662	881	646	827	480	730	358	423	1557	C->A
CCC->G	2128	2411	1588	1805	1726	1637	1537	1545	1412	1414	1289	1163	1006	819	679	995	687	757	504	798	320	420	1331	C->G
CCC->T	7067	7104	5084	6048	5734	5463	4625	4863	3910	4351	4231	3710	3371	2580	1899	2613	2102	2503	1558	2505	1099	1229	4880	C->T
CCG->A	769	736	480	652	549	521	522	502	382	492	421	391	398	259	192	336	280	301	239	256	127	169	490	C->A
CCG->G	669	645	443	535	467	459	512	457	397	418	407	351	334	271	213	336	270	199	266	224	121	170	363	C->G
CCG->T	15175	15023	10124	11934	11223	11134	10497	9405	8281	9884	8723	8023	6901	5426	4191	5991	5523	5449	4456	5382	2540	3260	9222	C->T
CGA->A	10372	10720	7602	9539	8547	8363	7403	6815	5821	6967	6147	5838	5350	3802	2825	3747	3444	3867	2583	3468	1716	1789	6991	C->T
CGA->C	596	650	433	557	446	474	442	426	369	409	350	331	336	242	200	286	220	248	159	208	84	123	482	C->G
CGA->T	540	590	422	632	466	446	447	440	331	411	335	323	278	233	149	218	188	248	150	186	95	89	409	C->A
CGC->A	12234	12317	8475	10030	9407	9243	8620	7907	6719	7956	6963	6534	5780	4406	3439	4705	4330	4303	3612	4386	2007	2521	7820	C->T
CGC->C	444	487	308	381	314	336	298	319	326	281	275	274	258	173	155	208	186	160	175	168	86	89	306	C->G
CGC->T	978	988	671	880	745	762	645	676	579	673	591	523	507	350	257	408	370	379	304	349	173	218	585	C->A
CTA->A	815	923	691	932	826	731	543	586	497	496	525	432	512	290	184	237	187	323	110	230	143	73	717	A->T
CTA->C	3892	4496	3333	4389	3722	3539	2788	2677	2450	2437	2506	2282	2450	1591	1040	1233	934	1597	593	1073	630	415	3220	A->G
CTA->G	810	915	693	922	786	745	593	596	514	506	503	448	506	331	194	260	171	347	120	245	138	84	633	A->C
CTC->A	1077	1170	821	1048	973	855	740	754	671	692	696	595	596	409	274	422	263	418	233	321	157	166	789	A->T
CTC->C	3180	3443	2426	3101	2746	2550	2202	2236	1864	2003	1950	1797	1690	1205	856	1096	919	1170	676	1041	517	516	2294	A->G
CTC->G	1210	1298	990	1201	1015	971	916	850	737	783	738	694	645	460	357	492	378	485	258	428	207	187	754	A->C
GAA->C	1310	1646	1204	1534	1283	1153	1043	1014	919	917	885	838	924	566	386	441	328	582	194	388	230	138	1034	A->C
GAA->G	3669	4150	3170	4076	3576	3373	2579	2664	2167	2261	2412	2059	2278	1467	965	1149	898	1488	552	1057	624	400	2736	A->G
GAA->T	1033	1205	890	1272	1078	973	820	810	670	686	685	626	639	424	299	335	260	426	143	299	195	104	876	A->T
GAC->C	580	682	472	631	514	562	412	426	365	373	401	315	303	217	178	227	169	242	129	187	97	77	432	A->C
GAC->G	2603	2793	2095	2743	2328	2213	1751	1882	1529	1641	1649	1457	1478	996	660	841	698	1076	483	841	462	352	2120	A->G
GAC->T	993	1172	885	1126	1008	952	743	796	590	674	642	597	589	367	268	411	247	441	195	346	205	143	930	A->T
GCA->A	3014	3394	2463	3429	2798	2594	2145	2315	1664	1941	1952	1713	1674	1122	771	991	762	1168	516	990	521	361	2381	C->A
GCA->G	1351	1596	1104	1390	1224	1137	1057	1067	966	879	817	788	780	535	390	578	403	556	240	409	236	193	987	C->G
GCA->T	5661	6644	4761	5936	5185	4881	4195	4266	3575	3698	3762	3286	3277	2212	1575	2174	1502	2224	1082	1872	1004	869	4426	C->T
GCC->A	2525	2703	1922	2334	2063	2072	1678	1852	1460	1669	1616	1425	1279	924	684	998	777	911	595	904	432	417	1799	C->A
GCC->G	1599	1624	1171	1386	1296	1154	1107	1139	969	943	931	872	739	628	472	727	505	536	358	504	248	267	952	C->G
GCC->T	6377	6754	4808	5873	5383	5002	4388	4335	3593	4137	4126	3268	3205	2385	1708	2542	1915	2464	1475	2189	1023	1075	4608	C->T
GGA->A	6561	7031	5195	6357	5663	5575	4487	4546	3767	4159	4095	3686	3551	2467	1734	2319	1912	2447	1272	2195	1081	995	4691	C->T
GGA->C	1998	2405	1732	2049	1822	1753	1602	1700	1464	1259	1259	1188	1138	777	643	1046	628	784	457	653	324	340	1398	C->G
GGA->T	2159	2461	1829	2249	2036	1909	1590	1613	1355	1458	1487	1240	1197	867	551	836	583	868	445	667	383	340	1677	C->A
GTA->A	757	849	721	944	818	673	562	573	472	453	495	409	491	292	192	248	159	362	109	218	142	67	665	A->T
GTA->C	4269	4699	3791	4887	4126	3728	2952	3028	2512	2526	2672	2404	2838	1620	1101	1200	1001	1824	644	1193	756	398	3445	A->G
GTA->G	668	796	618	783	657	595	522	541	484	399	390	409	417	291	200	238	148	274	114	187	93	75	563	A->C
TAA->C	1468	1844	1537	1908	1616	1480	1202	1211	1097	974	1087	924	1044	669	449	478	358	645	226	407	268	131	1307	A->C
TAA->G	4612	5855	4381	6065	5011	4684	3623	3619	3069	2930	3009	2770	3340	1940	1247	1441	1124	2139	688	1335	934	409	3699	A->G
TAA->T	2133	2418	1979	2551	2235	2041	1603	1519	1346	1392	1278	1272	1503	918	543	595	586	938	381	578	401	208	1748	A->T
TCA->A	2195	2536	2061	2761	2240	2124	1710	1685	1381	1373	1469	1312	1437	866	569	715	519	1037	372	637	392	240	1946	C->A
TCA->G	2201	2635	1945	2508	2182	1924	1803	1840	1725	1351	1514	1300	1258	882	683	999	551	870	430	620	393	304	1755	C->G
TCA->T	6533	7253	5605	7224	6147	5764	4761	4735	4057	4166	4088	3723	4041	2504	1745	2243	1733	2742	1143	1990	1068	784	4722	C->T
