Context	Count	Count	Count	Count	Count	Count	Count	Count	Count	Count	Count	Count	Count	Count	Count	Count	Count	Count	Count	Count	Count	Count	Count	One_mer
AAA->C	3617	4225	3470	4354	3797	3360	2799	2824	2432	2339	2302	2169	2371	1450	1008	1238	883	1611	661	986	686	356	3124	A->C
AAA->G	6442	7480	5767	7231	6314	6041	4751	4765	4092	4048	4102	3785	4011	2694	1783	2038	1696	2796	1014	1747	1176	644	5004	A->G
AAA->T	2278	2524	2029	2724	2286	2026	1709	1761	1442	1428	1433	1341	1452	862	552	723	546	950	395	544	409	213	1921	A->T
AAC->C	1272	1454	1109	1429	1163	1127	946	934	838	823	830	757	808	533	350	407	328	528	233	368	238	162	1084	A->C
AAC->G	4978	5234	4178	5477	4626	4410	3553	3523	2922	2976	3067	2770	3034	1841	1296	1460	1236	2084	687	1450	907	525	4187	A->G
AAC->T	1259	1458	1133	1569	1321	1170	942	996	775	819	797	742	795	522	316	433	312	563	175	328	211	124	1278	A->T
AAG->C	1605	1885	1460	1905	1703	1552	1181	1258	1027	1035	1097	957	966	662	472	588	404	697	244	442	293	194	1275	A->C
AAG->G	4882	5406	4128	5156	4520	4154	3333	3407	2950	2950	2916	2616	2774	1800	1289	1579	1260	1957	821	1378	837	547	3641	A->G
AAG->T	1174	1296	990	1328	1046	1046	808	858	703	753	761	658	739	452	306	339	274	480	166	289	243	122	1001	A->T
AAT->C	1928	2231	1710	2365	1863	1775	1387	1438	1249	1213	1199	1077	1259	707	491	525	445	830	281	510	381	187	1575	A->C
AAT->G	11296	13277	10476	13060	11618	10540	8512	8550	7656	7096	7196	6486	7310	4709	3106	3492	2714	5097	1529	3140	2061	1124	8819	A->G
AAT->T	2225	2602	2173	2864	2477	2077	1747	1787	1386	1384	1459	1341	1555	882	578	699	521	1001	323	598	459	194	2153	A->T
ACA->A	3311	3897	3002	3999	3299	3087	2524	2649	2118	2083	2329	1898	2099	1326	828	1108	751	1409	542	901	649	343	3140	C->A
ACA->G	2607	3184	2447	2904	2642	2382	2123	2340	2043	1706	1771	1517	1556	1090	809	1167	696	1139	478	759	479	344	2297	C->G
ACA->T	11350	12719	9800	12412	10979	10025	8103	8327	6922	7064	7187	6391	6909	4473	3041	3560	2850	4878	1766	3224	1978	1330	8789	C->T
ACC->A	3776	4137	3230	4023	3498	3372	2616	2810	2206	2393	2401	2175	2061	1447	1017	1349	964	1538	792	1170	654	483	2994	C->A
ACC->G	1609	1768	1356	1583	1427	1316	1197	1378	1201	1015	1050	885	798	643	519	765	459	578	355	509	268	235	1213	C->G
ACC->T	7038	7320	5496	6663	6006	5863	4651	4896	3937	4476	4134	3822	3745	2754	1913	2445	2000	2717	1395	2214	1109	997	5334	C->T
ACG->A	860	923	640	904	671	720	656	673	492	585	516	477	499	322	217	370	265	383	213	300	159	144	696	C->A
ACG->G	642	641	451	599	437	524	477	431	401	408	397	329	334	256	184	266	185	256	163	180	94	105	455	C->G
ACG->T	16952	18587	12883	16186	14546	14066	12061	12052	9588	11362	10091	9496	9182	6541	4534	6036	5125	7215	3576	5651	2993	2779	12224	C->T
ACT->A	1984	2345	1861	2441	2018	1772	1519	1571	1341	1232	1359	1183	1182	818	619	698	479	858	285	539	368	216	1765	C->A
ACT->G	2589	3252	2360	2966	2737	2345	2143	2373	2245	1674	1736	1534	1574	1069	880	1240	633	1004	445	713	492	319	2319	C->G
ACT->T	8070	8731	6788	8721	7435	6904	5573	5751	4647	4909	4998	4449	4844	3126	1994	2408	1998	3378	1282	2194	1387	848	6382	C->T
AGA->A	7395	7688	6093	7824	6714	6443	5074	5209	4321	4647	4561	4053	4210	2698	1849	2312	1844	2951	1167	2165	1289	814	5978	C->T
AGA->C	4182	4999	3760	4451	4102	3800	3188	3717	3597	2700	2735	2368	2283	1761	1366	1976	1082	1674	750	1303	747	558	3377	C->G
AGA->T	3522	3974	3213	4244	3519	3245	2514	2685	2149	2170	2279	2003	2229	1425	835	1088	788	1515	485	1010	654	355	3306	C->A
AGC->A	7100	7273	5688	7222	6220	5870	4678	4857	3957	4501	4466	3943	3903	2678	1757	2347	1943	2865	1235	2301	1232	942	5609	C->T
AGC->C	1697	1936	1390	1598	1494	1476	1300	1532	1343	1118	1018	913	861	647	528	865	497	668	353	529	269	260	1236	C->G
AGC->T	1677	1917	1470	1864	1576	1549	1210	1329	1047	1098	1113	970	941	657	473	594	467	721	296	565	322	239	1356	C->A
AGG->A	9395	9717	7224	9097	7830	7552	6287	6514	5182	5912	5683	5045	4940	3423	2390	3213	2645	3675	1828	3003	1637	1428	7302	C->T
AGG->C	2427	2804	2025	2268	2169	2004	1857	2035	1974	1587	1587	1384	1218	940	765	1281	717	962	542	774	390	422	1783	C->G
AGG->T	1901	1977	1569	2039	1763	1623	1423	1448	1169	1208	1240	1065	1038	720	513	694	536	754	374	593	309	246	1560	C->A
ATA->A	2212	2617	2091	2831	2405	2147	1666	1716	1506	1312	1465	1308	1577	898	512	645	501	973	284	578	430	180	2058	A->T
ATA->C	12734	15321	12176	15820	13428	12080	9748	9755	8641	7827	8328	7246	8873	5464	3447	3745	2958	5788	1508	3293	2499	1038	10517	A->G
ATA->G	1455	1746	1379	1842	1552	1428	1175	1189	973	906	956	889	1046	598	365	433	337	632	175	382	302	126	1371	A->C
ATC->A	2266	2527	2083	2738	2309	2048	1656	1747	1344	1445	1513	1289	1351	917	529	717	534	947	342	671	413	244	1966	A->T
ATC->C	4202	4729	3723	4716	4073	3675	3131	3139	2656	2582	2644	2475	2578	1708	1124	1463	971	1788	659	1245	771	478	3420	A->G
ATC->G	955	1037	763	981	853	799	666	665	542	586	583	492	503	356	260	272	233	381	170	263	160	121	714	A->C
ATG->A	2678	2954	2336	3062	2575	2389	1959	2028	1628	1681	1746	1474	1633	1008	682	869	618	1106	386	805	519	279	2103	A->T
ATG->C	12366	14186	10571	13237	11734	10878	8804	8931	7740	7885	7645	6988	7605	4913	3387	3997	3086	5312	1960	3673	2190	1423	9225	A->G
ATG->G	2096	2470	1870	2347	2086	1960	1529	1619	1377	1427	1359	1291	1246	855	591	692	500	926	310	624	376	237	1608	A->C
CAA->C	2082	2475	1864	2386	2044	1875	1571	1623	1331	1347	1355	1242	1301	815	606	708	539	909	363	584	365	244	1643	A->C
CAA->G	4835	5107	3993	5034	4344	4092	3349	3373	2833	2928	2909	2651	2826	1817	1243	1450	1232	2009	815	1397	757	500	3625	A->G
CAA->T	1072	1157	942	1211	1046	938	817	785	695	677	696	595	646	463	263	358	272	437	152	320	219	114	903	A->T
CAC->C	1494	1662	1206	1482	1339	1249	1166	1155	989	990	896	877	837	563	424	653	417	595	351	500	277	242	1130	A->C
CAC->G	4975	5254	3815	4636	4307	4072	3518	3341	2841	3109	2957	2732	2691	1808	1373	1738	1526	2025	1070	1613	845	746	3525	A->G
CAC->T	1298	1461	1051	1279	1111	1016	912	952	761	857	784	733	684	456	333	476	364	489	250	442	252	205	939	A->T
CAG->C	1828	2003	1496	1710	1654	1554	1365	1358	1165	1204	1182	999	1000	680	548	693	534	746	399	594	321	300	1181	A->C
CAG->G	6684	7145	5232	6018	5588	5286	4610	4634	3906	4296	4039	3584	3556	2627	1868	2413	2048	2656	1477	2149	1146	1058	4519	A->G
CAG->T	1360	1538	1142	1477	1268	1160	1016	1066	858	925	940	786	746	518	393	500	415	590	269	480	246	224	1101	A->T
CCA->A	2532	2688	1973	2477	2093	2053	1801	1751	1512	1594	1549	1382	1309	947	656	895	634	998	445	724	449	334	2066	C->A
CCA->G	1748	1932	1485	1672	1494	1472	1268	1435	1265	1196	1161	934	927	658	538	781	520	651	384	541	291	308	1352	C->G
CCA->T	7630	8125	6089	7338	6659	6372	5324	5420	4554	4936	4694	4248	4113	2918	2233	2800	2246	3018	1571	2579	1267	1139	5647	C->T
CCC->A	2147	2256	1677	2010	1873	1798	1481	1519	1373	1388	1366	1141	1016	846	642	879	610	822	473	769	361	407	1626	C->A
CCC->G	2180	2403	1556	1776	1763	1681	1568	1603	1439	1376	1319	1150	999	829	671	981	703	800	515	788	325	431	1343	C->G
CCC->T	7285	7144	5189	6053	5752	5543	4656	4982	3926	4457	4164	3741	3336	2650	1963	2677	2174	2536	1586	2474	1108	1243	5103	C->T
CCG->A	758	741	492	644	544	513	546	502	369	515	402	399	394	268	222	323	259	320	227	254	135	158	505	C->A
CCG->G	666	615	451	524	455	437	484	450	408	423	398	344	311	281	208	334	261	204	252	230	128	169	390	C->G
CCG->T	15458	15079	10353	12016	11374	11260	10609	9671	8448	10123	8627	8171	6856	5595	4275	6011	5564	5655	4454	5361	2606	3300	9402	C->T
CGA->A	10585	10828	7700	9509	8660	8564	7495	7003	5752	7034	6137	5817	5408	3871	2917	3785	3486	3976	2543	3540	1806	1814	7314	C->T
CGA->C	621	649	450	552	461	494	437	425	364	407	364	333	338	247	200	295	225	239	156	208	85	122	496	C->G
CGA->T	538	634	432	633	472	472	441	461	335	415	332	336	288	219	142	237	177	268	136	203	106	92	439	C->A
CGC->A	12438	12384	8569	10151	9500	9382	8611	8041	6783	8035	6977	6659	5720	4480	3511	4725	4354	4451	3599	4349	2044	2491	8126	C->T
CGC->C	442	495	329	372	331	327	318	311	296	291	270	236	250	175	150	210	181	159	162	166	92	98	318	C->G
CGC->T	996	996	654	895	725	760	650	701	575	673	569	507	492	387	272	424	361	386	291	341	179	230	613	C->A
CTA->A	842	896	724	969	822	732	561	597	531	503	538	430	521	296	178	246	182	340	116	238	150	76	727	A->T
CTA->C	3997	4519	3437	4358	3683	3500	2827	2771	2474	2418	2506	2288	2436	1606	1066	1260	951	1674	564	1083	655	408	3305	A->G
CTA->G	807	933	693	953	770	740	599	593	541	547	520	445	510	344	205	276	191	352	115	256	160	91	680	A->C
CTC->A	1105	1217	822	1052	991	875	746	757	662	699	684	595	584	448	298	430	276	423	205	321	155	156	814	A->T
CTC->C	3243	3462	2491	3076	2859	2567	2235	2258	1913	2026	2002	1803	1680	1244	871	1103	940	1220	665	1045	498	548	2353	A->G
CTC->G	1249	1307	1015	1172	1036	982	884	885	756	788	750	689	645	475	358	484	389	481	264	427	216	178	806	A->C
GAA->C	1371	1646	1240	1514	1315	1176	1033	1057	947	949	915	832	906	564	393	448	337	593	203	404	235	137	1069	A->C
GAA->G	3762	4137	3232	4086	3648	3328	2604	2766	2194	2325	2360	2085	2263	1478	1003	1146	910	1586	543	1067	609	423	2912	A->G
GAA->T	1065	1191	925	1286	1078	958	779	827	675	661	679	616	642	445	307	332	265	442	134	289	208	106	916	A->T
GAC->C	629	678	478	621	517	581	417	418	372	382	403	308	299	233	177	226	172	242	125	183	92	82	456	A->C
GAC->G	2624	2814	2144	2755	2359	2208	1790	1907	1571	1672	1652	1474	1464	977	708	879	687	1092	498	865	453	359	2155	A->G
GAC->T	1039	1173	892	1136	1005	913	781	802	608	674	645	590	572	396	284	397	255	436	197	365	199	137	959	A->T
GCA->A	3096	3365	2570	3371	2725	2563	2134	2365	1712	2005	1944	1744	1683	1138	810	968	765	1197	522	959	525	351	2513	C->A
GCA->G	1406	1638	1120	1380	1206	1148	1023	1119	958	893	786	766	775	552	393	552	426	564	254	406	208	196	980	C->G
GCA->T	5755	6652	4794	5977	5242	4979	4223	4342	3606	3822	3750	3287	3238	2261	1636	2180	1539	2350	1091	1928	1040	888	4576	C->T
GCC->A	2553	2713	1908	2305	2085	2149	1720	1877	1497	1663	1520	1424	1245	917	683	975	772	958	588	875	440	442	1795	C->A
GCC->G	1556	1634	1191	1389	1311	1211	1082	1138	993	983	923	861	775	636	476	748	496	548	343	521	250	273	989	C->G
GCC->T	6499	6749	4813	5881	5421	5065	4345	4450	3642	4214	4098	3301	3201	2471	1799	2545	1990	2486	1462	2195	1060	1089	4804	C->T
GGA->A	6706	7022	5193	6419	5747	5558	4531	4654	3882	4198	4103	3677	3552	2522	1845	2342	1961	2602	1278	2215	1096	1026	4910	C->T
GGA->C	2065	2400	1714	2035	1852	1721	1616	1684	1527	1306	1234	1157	1113	848	639	1033	607	832	421	650	333	347	1409	C->G
GGA->T	2185	2413	1813	2240	2056	1896	1595	1651	1398	1480	1487	1224	1194	891	584	840	565	892	422	692	375	343	1788	C->A
GTA->A	748	894	728	970	827	676	585	609	493	485	463	424	500	302	200	241	163	372	110	223	143	71	716	A->T
GTA->C	4295	4748	3856	4949	4119	3792	2940	3112	2553	2562	2630	2424	2827	1654	1132	1220	1036	1851	641	1173	779	416	3551	A->G
GTA->G	670	763	645	772	667	611	512	560	484	398	384	422	414	297	222	246	158	296	119	195	116	83	615	A->C
TAA->C	1509	1836	1554	1932	1652	1480	1170	1276	1111	986	1099	902	1036	683	468	479	341	688	212	407	275	142	1370	A->C
TAA->G	4866	5906	4527	6010	5017	4698	3651	3677	3083	2927	3034	2827	3378	1922	1285	1406	1141	2194	676	1331	954	441	3857	A->G
TAA->T	2212	2490	1994	2547	2222	2062	1624	1558	1392	1464	1260	1265	1565	920	569	609	591	1009	394	555	409	215	1888	A->T
TCA->A	2242	2559	2014	2824	2248	2120	1715	1718	1435	1434	1466	1361	1466	901	620	737	505	1057	346	623	404	228	2021	C->A
TCA->G	2182	2667	2011	2521	2241	1943	1796	1885	1808	1383	1488	1297	1284	882	717	1016	553	881	408	619	379	306	1811	C->G
TCA->T	6587	7384	5707	7267	6190	5896	4744	4885	4052	4206	4122	3778	3941	2549	1811	2206	1710	2764	1176	1902	1097	808	4903	C->T
