Context	X1mer	Count	Rate	context_in_genome	chr1	chr2	chr3	chr4	chr5	chr6	chr7	chr8	chr9	chr10	chr11	chr12	chr13	chr14	chr15	chr16	chr17	chr18	chr19	chr20	chr21	chr22	chrX
AAA->C	A->C	75755	1.65377856364713e-09	94426158	5237	6181	5062	6344	5504	5070	4073	4047	3543	3410	3336	3145	3468	2163	1440	1795	1303	2300	946	1405	1014	526	4443
AAA->G	A->G	130127	2.8407529952044e-09	94426158	9247	10923	8522	10541	9303	8831	6990	6920	5957	5900	5900	5469	5808	3854	2628	2959	2478	4037	1473	2591	1681	918	7197
AAA->T	A->T	45603	9.95541731080455e-10	94426158	3193	3724	2934	3989	3279	2999	2443	2516	2088	2072	2091	1913	2109	1270	821	1024	796	1371	560	764	613	305	2729
AAC->C	A->C	24788	1.44394746201062e-09	35387385	1729	2096	1568	1983	1677	1648	1346	1307	1163	1159	1104	1004	1092	752	495	585	481	733	313	510	320	220	1503
AAC->G	A->G	96399	5.61542243788776e-09	35387385	7109	7742	6070	8022	6732	6574	5075	5112	4332	4356	4333	3999	4399	2751	1829	2156	1756	3010	1036	2073	1333	725	5875
AAC->T	A->T	25786	1.502082832637e-09	35387385	1770	2078	1666	2241	1861	1717	1351	1429	1144	1178	1135	1062	1143	747	452	628	444	746	254	481	323	174	1762
AAG->C	A->C	33935	1.44656314117769e-09	48358056	2438	2865	2207	2836	2449	2334	1727	1838	1527	1538	1566	1389	1487	978	676	828	599	1036	377	683	435	276	1846
AAG->G	A->G	92895	3.9598786798203e-09	48358056	6844	7838	6065	7461	6580	6183	4853	4885	4219	4239	4225	3740	4093	2702	1890	2272	1832	2756	1153	1979	1227	754	5105
AAG->T	A->T	22619	9.64190708421931e-10	48358056	1647	1841	1436	1889	1539	1505	1154	1236	1019	1047	1059	935	1038	662	444	507	408	670	244	415	328	176	1420
AAT->C	A->C	38877	1.28054416526152e-09	62583026	2830	3247	2486	3489	2722	2616	2056	2123	1785	1737	1741	1569	1862	1080	700	763	648	1176	408	738	548	260	2293
AAT->G	A->G	234405	7.72091352362903e-09	62583026	16359	20005	15558	19389	17079	15724	12599	12565	11284	10457	10645	9469	10944	6958	4525	5169	4007	7340	2248	4657	3056	1588	12780
AAT->T	A->T	47086	1.55093506611888e-09	62583026	3203	3848	3121	4156	3506	3119	2499	2631	2054	2002	2080	1957	2239	1291	842	1042	762	1400	463	878	668	284	3041
ACA->A	C->A	69466	2.91830478150052e-09	49068188	4814	5719	4403	5919	4856	4590	3706	3866	3191	3090	3315	2763	3094	1971	1276	1585	1165	2060	768	1349	919	512	4535
ACA->G	C->G	55808	2.3445247062733e-09	49068188	3701	4680	3544	4181	3828	3557	3023	3377	2991	2465	2544	2234	2321	1564	1138	1695	1032	1612	714	1140	711	488	3268
ACA->T	C->T	225366	9.46774933618815e-09	49068188	16399	18762	14248	18074	15877	14962	11920	12102	10192	10490	10301	9388	10071	6502	4453	5372	4206	6975	2598	4827	2930	1912	12805
ACC->A	C->A	76419	5.78449247145435e-09	27232936	5521	6285	4830	5972	5115	5108	3980	4187	3351	3607	3605	3173	3089	2120	1537	2038	1470	2291	1163	1778	998	739	4462
ACC->G	C->G	32643	2.47089320385878e-09	27232936	2285	2683	2003	2311	2104	1996	1822	2002	1778	1531	1504	1286	1187	921	742	1157	672	856	518	761	399	346	1779
ACC->T	C->T	134264	1.01630366425542e-08	27232936	10281	10921	8134	9977	8818	8808	6987	7172	5824	6584	6084	5674	5516	3987	2786	3619	2964	3893	2003	3346	1652	1434	7800
ACG->A	C->A	16538	6.23611528615358e-09	5466725	1197	1303	899	1255	948	1038	927	961	731	848	738	668	691	471	311	551	382	520	290	427	227	190	965
ACG->G	C->G	11342	4.2768182111231e-09	5466725	858	890	626	825	652	739	634	590	572	541	538	457	432	353	252	381	249	339	236	262	149	149	618
ACG->T	C->T	329189	1.24129916249462e-07	5466725	24634	27592	19065	23664	21357	21013	17773	17506	14166	16839	14695	13915	13565	9650	6700	9011	7707	10430	5302	8514	4385	4019	17687
ACT->A	C->A	41851	2.23953443353711e-09	38521791	2889	3442	2703	3565	3002	2620	2226	2289	1980	1852	2009	1711	1780	1156	899	1011	738	1248	451	827	558	317	2578
ACT->G	C->G	56730	3.03574080462976e-09	38521791	3748	4811	3517	4363	3952	3509	3155	3503	3252	2531	2511	2248	2297	1609	1296	1815	941	1509	680	1019	714	461	3289
ACT->T	C->T	155329	8.31197926039725e-09	38521791	11652	12698	9867	12710	10821	10244	8106	8328	6864	7152	7233	6479	6946	4510	2926	3536	2902	4767	1894	3275	2025	1204	9190
TCT->T	C->T	143046	5.47053115472682e-09	53901965	10735	11502	9007	11428	9878	9691	7481	7605	6381	6800	6609	5954	6264	4020	2700	3457	2706	4277	1713	3108	1888	1197	8645
TCT->G	C->G	89307	3.41538194591382e-09	53901965	6081	7508	5564	6565	5992	5611	4801	5523	5290	4027	4016	3473	3432	2602	1992	2893	1613	2407	1105	1904	1095	783	5030
TCT->A	C->A	73593	2.81442891985663e-09	53901965	5138	5945	4792	6301	5229	4909	3850	3978	3238	3258	3428	2987	3438	2132	1347	1598	1223	2226	763	1466	971	517	4859
GCT->T	C->T	136012	8.62538304098004e-09	32505527	10294	10822	8322	10607	9099	8850	6867	7294	5888	6545	6470	5720	5732	3868	2585	3522	2880	4098	1801	3394	1799	1373	8182
GCT->G	C->G	35727	2.26567552793205e-09	32505527	2531	2996	2151	2441	2251	2192	2034	2277	2068	1682	1570	1372	1325	999	839	1313	744	969	561	795	415	389	1813
GCT->A	C->A	34897	2.21303996692263e-09	32505527	2518	2862	2174	2730	2355	2287	1836	1982	1534	1652	1650	1435	1418	983	716	933	701	1029	449	866	461	355	1971
CCT->T	C->T	179003	8.9538394870478e-09	41210642	13813	14480	10704	13462	11547	11444	9389	9663	7832	8764	8244	7428	7292	5058	3543	4815	4005	5315	2737	4451	2347	2103	10567
CCT->G	C->G	50854	2.54374816776439e-09	41210642	3598	4214	3053	3430	3307	3048	2778	3069	2946	2377	2353	2009	1862	1454	1150	1938	1071	1406	803	1150	576	616	2646
CCT->A	C->A	37938	1.8976819520322e-09	41210642	2782	2971	2340	2993	2581	2378	2085	2045	1719	1806	1824	1576	1539	1078	743	1082	809	1081	559	883	452	365	2247
TAT->T	A->T	46179	1.81905455676322e-09	52330776	3155	3806	3023	4094	3440	3146	2481	2484	2127	1877	2090	1881	2293	1332	793	940	731	1415	431	811	624	263	2942
TAT->G	A->G	267918	1.05536598613848e-08	52330776	18504	22809	17929	23267	19756	18288	14243	14144	12638	11495	12214	10867	13126	7976	4965	5566	4303	8315	2246	4895	3658	1529	15185
TAT->C	A->C	30125	1.18666533537955e-09	52330776	2061	2523	1973	2649	2247	2020	1637	1660	1386	1291	1326	1226	1460	867	521	613	470	878	260	541	432	180	1904
GAT->T	A->T	46875	2.96044445579456e-09	32639443	3289	3817	3073	4051	3346	3150	2489	2567	2024	2196	2183	1879	2031	1363	816	1050	766	1454	489	958	654	343	2887
GAT->G	A->G	84608	5.34351540300514e-09	32639443	6050	7000	5446	6826	5975	5505	4565	4523	3981	3839	3895	3618	3765	2446	1647	2119	1435	2532	1012	1807	1103	659	4860
GAT->C	A->C	17993	1.13636857798638e-09	32639443	1399	1563	1120	1393	1236	1145	964	977	793	867	837	707	754	505	367	406	335	539	246	388	237	166	1049
CAT->T	A->T	53500	2.44023296413924e-09	45194009	3790	4360	3401	4487	3827	3579	2859	2924	2428	2501	2486	2158	2451	1478	1001	1301	907	1615	559	1179	759	387	3063
CAT->G	A->G	243876	1.11236309226621e-08	45194009	17678	20730	15536	19318	17234	16006	12910	12957	11284	11452	11113	10062	11121	7117	4835	5915	4552	7539	2830	5416	3200	2042	13029
CAT->C	A->C	43188	1.96988376178029e-09	45194009	3059	3669	2753	3550	3019	2906	2259	2398	2032	2024	2026	1866	1868	1243	876	1020	734	1330	469	896	554	336	2301
CAA->C	A->C	42762	1.8894932502267e-09	46652083	2989	3643	2746	3456	3045	2837	2276	2318	1998	1984	1999	1792	1910	1169	865	1042	794	1299	513	862	529	337	2359
CAA->G	A->G	90554	4.00124343531708e-09	46652083	6728	7453	5828	7235	6320	6009	4797	4786	4148	4124	4144	3724	4038	2621	1754	2105	1791	2802	1163	2009	1121	736	5118
CAA->T	A->T	21448	9.47707105160243e-10	46652083	1535	1684	1390	1752	1515	1375	1177	1124	1016	969	1004	856	979	648	398	522	412	647	229	448	317	150	1301
CAC->C	A->C	30337	1.77541125094048e-09	35223462	2227	2440	1796	2170	1958	1892	1700	1715	1440	1470	1346	1252	1246	877	631	957	633	889	506	718	418	377	1679
CAC->G	A->G	91390	5.34841395732771e-09	35223462	6890	7541	5400	6574	6135	5908	5027	4719	4111	4439	4063	3881	3796	2599	1957	2441	2167	2755	1528	2307	1181	1042	4929
CAC->T	A->T	24891	1.45669517246793e-09	35223462	1833	2137	1568	1850	1599	1508	1310	1386	1114	1238	1125	1058	1032	669	485	717	524	728	369	607	362	280	1392
CAG->C	A->C	36146	1.58802914480969e-09	46920232	2700	2967	2221	2591	2417	2317	1995	2017	1714	1754	1753	1487	1485	1026	784	1007	806	1079	570	865	451	418	1722
CAG->G	A->G	123938	5.44506048108847e-09	46920232	9485	10331	7577	8673	8148	7843	6610	6591	5682	6106	5729	5071	5025	3747	2623	3382	2937	3734	2090	3117	1635	1501	6301
CAG->T	A->T	27712	1.21749193993709e-09	46920232	1999	2289	1629	2130	1831	1771	1494	1571	1252	1326	1371	1160	1114	755	551	727	616	812	382	685	374	311	1562
CCA->A	C->A	48542	2.30582737582834e-09	43395955	3592	4002	2951	3614	3170	3078	2660	2621	2261	2341	2316	2039	1924	1398	948	1324	932	1450	672	1115	643	477	3014
CCA->G	C->G	35830	1.70198580355011e-09	43395955	2582	2962	2177	2524	2295	2205	1920	2109	1916	1747	1652	1393	1405	995	811	1178	785	970	575	797	428	428	1976
CCA->T	C->T	149465	7.09984114227231e-09	43395955	11277	12134	9109	10797	9911	9523	7834	7968	6780	7310	6961	6309	6157	4376	3231	4218	3378	4363	2362	3818	1850	1665	8134
CCC->A	C->A	42345	2.94932782144206e-09	29596303	3133	3455	2524	2975	2779	2624	2221	2257	2019	2077	2022	1715	1528	1282	980	1298	934	1218	691	1103	542	598	2370
CCC->G	C->G	42387	2.95225312002514e-09	29596303	3205	3637	2429	2666	2625	2499	2321	2399	2189	2130	1932	1734	1503	1271	1047	1486	1041	1166	766	1191	500	633	2017
CCC->T	C->T	132602	9.23572482651693e-09	29596303	10632	10577	7666	9042	8510	8305	6882	7259	5924	6583	6250	5477	4956	3882	2872	3942	3231	3732	2360	3677	1635	1814	7394
CCG->A	C->A	13411	5.06623953246298e-09	5456747	1066	1039	702	892	764	764	768	710	533	721	589	562	540	368	298	456	376	428	340	380	172	234	709
CCG->G	C->G	12447	4.70207169193697e-09	5456747	973	933	646	784	683	678	717	670	606	636	574	501	469	390	310	488	396	312	377	335	187	231	551
CCG->T	C->T	282226	1.06615801826031e-07	5456747	22647	22711	15360	17661	16821	16892	15770	14242	12635	14945	12853	11937	10351	8281	6307	9046	8274	8219	6599	8078	3852	4893	13852
TCG->T	C->T	201892	8.75130104445855e-08	4755595	15659	16269	11540	14089	12874	12738	11103	10410	8802	10546	9038	8689	8068	5784	4307	5761	5206	5831	3859	5356	2604	2679	10680
TCG->G	C->G	11468	4.97097063666964e-09	4755595	839	923	627	810	636	691	627	615	519	588	497	456	441	357	270	410	318	335	250	301	125	166	667
TCG->A	C->A	11241	4.87257420010494e-09	4755595	817	902	630	877	690	680	625	678	495	603	501	476	431	321	217	324	267	347	202	283	144	135	596
GCG->T	C->T	229753	1.02295181701226e-07	4629823	18237	18477	12525	14851	14035	14054	12712	11835	10118	11878	10286	9842	8539	6734	5201	7092	6530	6513	5293	6469	2981	3675	11876
GCG->G	C->G	8214	3.65719978626555e-09	4629823	616	679	445	497	455	472	445	415	414	411	362	330	329	240	201	289	253	217	238	225	120	137	424
GCG->A	C->A	18405	8.19463867375425e-09	4629823	1420	1452	989	1285	1071	1096	947	1012	836	1007	811	740	725	532	397	600	542	559	433	505	256	318	872
TAG->T	A->T	16431	1.07685322413848e-09	31453274	1173	1355	1061	1433	1204	1099	820	882	752	734	804	638	752	444	271	368	255	481	179	344	214	100	1068
TAG->G	A->G	77931	5.10743403385893e-09	31453274	5654	6579	4983	6429	5425	5221	4120	4042	3622	3536	3547	3249	3563	2304	1512	1779	1388	2319	823	1588	936	592	4720
TAG->C	A->C	16627	1.08969865241011e-09	31453274	1206	1364	1055	1396	1176	1123	876	868	798	770	737	663	783	510	312	397	273	496	176	354	225	121	948
GAG->T	A->T	20937	1.09519194558978e-09	39407836	1580	1762	1230	1530	1424	1294	1120	1118	985	1041	1010	844	869	614	415	632	400	612	317	485	239	226	1190
GAG->G	A->G	61073	3.19466292654175e-09	39407836	4606	5070	3619	4410	4077	3827	3291	3318	2803	2936	2839	2622	2406	1818	1306	1650	1376	1739	969	1513	747	758	3373
GAG->C	A->C	23836	1.24683551679219e-09	39407836	1822	1953	1470	1742	1528	1484	1322	1270	1073	1148	1092	1018	949	698	530	727	565	707	393	610	327	263	1145
GAA->C	A->C	27525	1.17620234502903e-09	48239596	1903	2415	1793	2163	1868	1739	1478	1501	1380	1314	1292	1185	1282	798	552	665	499	831	283	574	334	203	1473
GAA->G	A->G	72768	3.10953286986639e-09	48239596	5302	6099	4654	5838	5236	4963	3790	3929	3205	3334	3368	2984	3323	2170	1431	1659	1318	2194	795	1561	921	595	4099
GAA->T	A->T	21803	9.31689000133258e-10	48239596	1522	1769	1351	1904	1576	1417	1154	1264	992	1016	1001	913	940	654	445	490	386	621	210	439	288	145	1306
GAC->C	A->C	11240	1.03977947997772e-09	22283502	825	944	692	871	715	774	590	607	519	526	514	441	417	325	254	303	247	320	176	274	161	110	635
GAC->G	A->G	50004	4.62572358690445e-09	22283502	3710	4047	3032	3950	3413	3227	2557	2734	2241	2357	2292	2039	2073	1457	976	1224	986	1520	711	1233	647	505	3073
GAC->T	A->T	21165	1.95791216136375e-09	22283502	1528	1733	1285	1677	1472	1387	1121	1166	914	984	920	846	841	570	426	596	392	648	295	519	278	202	1365
GCA->A	C->A	61398	3.72610872931664e-09	33966991	4598	5036	3750	5042	4179	3923	3218	3454	2552	2966	2876	2570	2546	1720	1177	1511	1143	1818	797	1472	800	529	3721
GCA->G	C->G	27955	1.69652707788603e-09	33966991	2002	2386	1706	2107	1835	1728	1538	1664	1448	1333	1220	1135	1140	791	581	837	619	807	374	625	325	284	1470
GCA->T	C->T	116830	7.09015412303435e-09	33966991	8468	9845	7040	8665	7736	7457	6291	6440	5354	5691	5590	4838	4875	3333	2390	3273	2336	3367	1653	2807	1508	1272	6601
GCC->A	C->A	50193	3.90777785005354e-09	26477176	3864	4128	2909	3487	3164	3149	2574	2832	2275	2566	2391	2146	1927	1422	1053	1515	1192	1419	888	1330	650	637	2675
GCC->G	C->G	30345	2.36251108441166e-09	26477176	2351	2463	1782	2049	1962	1818	1634	1712	1470	1468	1382	1273	1148	902	725	1109	752	823	540	766	357	422	1437
GCC->T	C->T	123065	9.58123007425017e-09	26477176	9541	10021	7191	8609	7891	7641	6466	6547	5454	6225	5989	4863	4742	3552	2645	3759	2909	3619	2192	3199	1533	1572	6905
TCC->T	C->T	128982	7.31379436820831e-09	36353375	9877	10555	7746	9434	8448	8406	6750	6862	5780	6298	6055	5469	5269	3752	2710	3514	2916	3719	1891	3299	1604	1490	7138
TCC->G	C->G	42490	2.40935264381984e-09	36353375	2944	3593	2567	2989	2717	2626	2413	2550	2291	1986	1893	1716	1679	1230	1005	1540	900	1155	644	991	483	489	2089
TCC->A	C->A	45137	2.55944811212277e-09	36353375	3261	3740	2766	3399	3037	2902	2413	2443	2100	2221	2217	1839	1795	1358	876	1247	863	1295	640	1033	575	483	2634
TAC->T	A->T	15928	1.19855081131297e-09	27394487	1090	1285	1086	1378	1202	1042	843	854	723	705	690	614	732	437	284	372	232	521	163	327	212	101	1035
TAC->G	A->G	84745	6.37689531044183e-09	27394487	6213	6928	5587	7165	6040	5602	4357	4458	3786	3774	3765	3542	4041	2463	1636	1799	1497	2695	918	1704	1130	592	5053
TAC->C	A->C	13644	1.02668428362344e-09	27394487	939	1126	887	1088	961	892	726	780	691	601	565	560	605	418	285	338	228	412	170	256	160	116	840
TAA->C	A->C	32855	1.31669541088677e-09	51436869	2178	2725	2273	2838	2393	2155	1726	1790	1640	1445	1564	1331	1520	976	672	708	504	983	314	578	410	195	1937
TAA->G	A->G	100673	4.03456633998489e-09	51436869	6976	8532	6558	8818	7463	7091	5359	5397	4584	4369	4367	4148	4980	2857	1858	2083	1677	3184	1003	1951	1359	606	5453
TAA->T	A->T	44623	1.78830921686198e-09	51436869	3148	3652	2930	3717	3256	3079	2367	2264	1996	2071	1822	1819	2185	1328	836	914	846	1413	548	838	602	307	2685
TCA->A	C->A	47577	2.06213120982741e-09	47559703	3302	3828	3039	4141	3334	3244	2520	2574	2126	2114	2161	2018	2178	1305	913	1083	766	1527	535	946	607	347	2969
TCA->G	C->G	47249	2.04791469687318e-09	47559703	3155	3935	2971	3734	3259	2941	2652	2783	2669	2016	2196	1904	1894	1339	1061	1496	818	1269	625	927	560	439	2606
TCA->T	C->T	133485	5.78564399907123e-09	47559703	9747	11002	8421	10736	9238	8799	7138	7194	6201	6239	6098	5612	5909	3758	2690	3407	2595	4049	1727	2911	1644	1204	7166
