Context	X1mer	Count	Rate	context_in_genome	chr1	chr2	chr3	chr4	chr5	chr6	chr7	chr8	chr9	chr10	chr11	chr12	chr13	chr14	chr15	chr16	chr17	chr18	chr19	chr20	chr21	chr22	chrX
AAA->C	A->C	36223	1.78241046417358e-09	94426158	2529	2807	2359	3130	2408	2701	1953	1812	1735	1672	1736	1522	1721	1064	727	758	623	1132	517	686	514	327	1790
AAA->G	A->G	60186	2.96154808262019e-09	94426158	4305	4649	3975	4963	3878	4636	3352	3091	2753	2919	2716	2535	2800	1769	1159	1370	1175	1914	858	1284	832	562	2691
AAA->T	A->T	23787	1.17047725785542e-09	94426158	1649	1856	1521	2051	1579	1856	1380	1222	1108	1113	1091	943	1143	714	450	534	418	754	305	446	353	189	1112
AAC->C	A->C	18758	2.46293917905908e-09	35387385	1415	1374	1256	1585	1260	1432	1023	1004	817	903	865	728	841	546	366	454	361	541	315	406	246	190	830
AAC->G	A->G	45944	6.03248094907189e-09	35387385	3305	3467	2928	3925	3062	3596	2570	2342	2003	2238	2101	1883	2112	1403	860	993	914	1428	662	1013	628	442	2069
AAC->T	A->T	13714	1.80065827388934e-09	35387385	948	1091	884	1221	923	1046	759	698	613	664	633	514	662	420	257	301	214	420	151	268	199	113	715
AAG->C	A->C	12611	1.21170337809114e-09	48358056	875	1042	788	1058	786	966	715	671	602	592	563	512	593	410	256	312	225	427	158	256	178	127	499
AAG->G	A->G	51545	4.95260095343015e-09	48358056	3991	3839	3247	3971	3427	3966	2838	2595	2394	2611	2268	2108	2316	1535	1087	1279	1006	1563	802	1124	724	574	2280
AAG->T	A->T	14539	1.39695150377187e-09	48358056	1035	1135	1008	1270	952	1118	751	780	651	721	647	554	698	414	260	327	255	423	175	341	210	143	671
AAT->C	A->C	17340	1.28738416139122e-09	62583026	1177	1383	1169	1515	1118	1411	964	890	799	811	772	699	830	538	328	369	273	551	193	335	250	138	827
AAT->G	A->G	89602	6.65237575714971e-09	62583026	6294	7254	6052	7727	6137	6893	4950	4498	4320	4184	4175	3651	4368	2752	1682	1874	1454	2842	973	1744	1248	734	3796
AAT->T	A->T	22628	1.67998436008999e-09	62583026	1547	1784	1468	2046	1531	1634	1229	1193	922	1020	1047	927	1177	649	417	551	412	730	321	442	355	157	1069
ACA->A	C->A	35980	3.40703633537828e-09	49068188	2632	2744	2362	2963	2297	2855	1998	1793	1611	1728	1657	1393	1675	1108	662	778	707	1127	526	662	460	291	1951
ACA->G	C->G	29707	2.81303025055816e-09	49068188	2039	2381	1868	2284	1870	2245	1661	1632	1535	1379	1402	1189	1283	897	643	812	497	885	408	601	405	282	1509
ACA->T	C->T	106577	1.00920431216123e-08	49068188	7592	8073	7070	9225	7172	8614	5885	5306	4993	4987	4837	4379	5091	3183	1926	2318	1772	3309	1262	2044	1497	917	5125
ACC->A	C->A	26383	4.50137649514133e-09	27232936	1983	2045	1672	2083	1706	2058	1480	1405	1171	1275	1332	1153	1122	769	539	623	505	777	382	551	365	296	1091
ACC->G	C->G	14257	2.43248018387711e-09	27232936	974	1149	899	1033	811	1028	813	864	756	695	632	564	555	438	343	500	273	413	230	312	181	170	624
ACC->T	C->T	49371	8.42350979576327e-09	27232936	3736	3817	3075	3983	3102	3835	2706	2436	2284	2506	2268	2051	2176	1484	1014	1168	994	1519	753	1101	661	589	2113
ACG->A	C->A	10247	8.70933780139583e-09	5466725	757	812	663	859	604	759	549	527	450	521	483	416	438	312	206	258	214	334	165	199	169	105	447
ACG->G	C->G	10478	8.90567400049044e-09	5466725	709	757	621	784	578	693	569	565	543	530	495	439	412	328	250	362	236	310	216	279	166	171	465
ACG->T	C->T	141114	1.19938469259898e-07	5466725	10395	10955	8778	10762	8986	10657	7905	7000	6324	7379	6557	6093	6419	4288	2829	3447	2873	4672	2240	3305	1927	1742	5581
ACT->A	C->A	17667	2.13094364844694e-09	38521791	1251	1381	1187	1571	1196	1370	999	937	830	802	819	678	817	535	326	413	280	582	195	322	229	141	806
ACT->G	C->G	24399	2.94293847729988e-09	38521791	1613	1895	1566	1997	1521	1814	1366	1435	1336	1114	1146	973	1025	729	559	730	403	725	307	472	318	230	1125
ACT->T	C->T	77333	9.32768807184849e-09	38521791	5398	6068	5090	6586	5119	6187	4234	4025	3560	3576	3684	3156	3648	2293	1467	1677	1306	2509	953	1546	1105	676	3470
TCT->T	C->T	64239	5.53744978323674e-09	53901965	4766	4961	4014	5171	4183	4979	3637	3221	2839	3018	2911	2682	2961	1907	1200	1450	1230	2049	914	1322	894	584	3346
TCT->G	C->G	34203	2.94832414788596e-09	53901965	2354	2798	2231	2662	2105	2479	1991	1916	1809	1560	1620	1320	1502	1049	733	972	608	981	471	682	457	329	1574
TCT->A	C->A	26477	2.2823371769604e-09	53901965	1924	1994	1820	2399	1755	2123	1405	1326	1138	1186	1280	1140	1338	764	475	475	397	836	313	444	356	213	1376
GCT->T	C->T	52304	7.47641359551516e-09	32505527	3853	3944	3313	4376	3327	4252	2811	2533	2273	2571	2520	2229	2315	1579	974	1199	1011	1661	735	1143	724	562	2399
GCT->G	C->G	14387	2.05649973995634e-09	32505527	1040	1133	892	1029	859	1037	801	877	808	707	621	552	553	474	344	446	280	427	211	298	183	213	602
GCT->A	C->A	12357	1.7663284414152e-09	32505527	937	942	750	1009	796	890	676	655	599	620	567	476	551	383	256	335	234	415	186	241	170	131	538
CCT->T	C->T	64886	7.31572292675277e-09	41210642	4926	4987	4095	5237	3958	5045	3561	3299	2741	3376	3130	2678	2899	1922	1231	1583	1378	2004	971	1417	849	808	2791
CCT->G	C->G	15936	1.79674137041476e-09	41210642	1137	1266	953	1154	945	1133	914	904	832	802	737	646	603	489	381	548	328	476	240	373	203	222	650
CCT->A	C->A	17241	1.94387662947546e-09	41210642	1235	1345	1115	1468	1129	1248	922	865	857	818	804	710	744	537	372	429	313	502	253	397	232	186	760
TAT->T	A->T	23247	2.06407449561539e-09	52330776	1628	1885	1569	2007	1592	1666	1264	1191	1054	1076	1075	932	1125	681	395	531	448	716	346	388	280	166	1232
TAT->G	A->G	114121	1.01326728401137e-08	52330776	8034	9038	7727	9834	7970	8741	6164	5852	5233	5061	5280	4670	5682	3550	2146	2249	1876	3743	1239	2088	1607	851	5486
TAT->C	A->C	20725	1.84014900510298e-09	52330776	1473	1533	1393	1905	1442	1508	1063	1052	963	937	1004	898	1005	605	325	380	383	642	221	351	287	148	1207
GAT->T	A->T	16854	2.39925206679734e-09	32639443	1209	1338	1083	1479	1179	1293	910	824	708	794	863	658	856	522	271	368	289	549	187	323	227	120	804
GAT->G	A->G	42318	6.02418114173073e-09	32639443	2979	3225	2620	3337	2875	3377	2263	2098	1979	2083	2019	1736	1878	1280	825	1064	879	1360	606	900	593	421	1921
GAT->C	A->C	9947	1.41600571427751e-09	32639443	726	794	621	787	680	774	496	514	448	515	483	399	449	279	226	255	170	314	165	196	132	98	426
CAT->T	A->T	19597	2.01476478603844e-09	45194009	1422	1520	1302	1698	1306	1507	1056	1045	900	990	887	799	934	587	347	421	315	629	258	369	262	184	859
CAT->G	A->G	123683	1.27158316595189e-08	45194009	9111	9906	7916	9789	8168	9232	6826	6238	5668	6079	5658	5105	5605	3702	2445	2906	2466	3936	1838	2852	1715	1442	5080
CAT->C	A->C	18201	1.87124222435504e-09	45194009	1298	1403	1193	1421	1180	1427	1004	996	837	900	905	728	788	546	373	465	320	569	231	389	225	181	822
CAA->C	A->C	19567	1.94880700576123e-09	46652083	1402	1505	1317	1608	1260	1418	1111	981	944	927	893	845	873	585	407	473	368	600	291	407	279	181	892
CAA->G	A->G	54940	5.47183814056943e-09	46652083	4147	4362	3357	4153	3455	4177	3046	2722	2584	2751	2465	2348	2374	1606	1105	1284	1149	1662	1056	1283	725	700	2429
CAA->T	A->T	8843	8.80732884547787e-10	46652083	642	693	607	817	561	705	460	450	396	426	485	333	385	247	170	193	157	281	96	155	120	77	387
CAC->C	A->C	17161	2.26373809303241e-09	35223462	1316	1440	1001	1272	1022	1135	971	849	825	850	763	679	689	520	387	508	418	518	322	363	264	237	812
CAC->G	A->G	65188	8.5990652531086e-09	35223462	4803	4998	3756	4592	3940	4879	3662	3305	2946	3463	2857	2773	2678	1905	1420	1800	1562	1951	1533	1719	924	980	2742
CAC->T	A->T	11268	1.48638196097484e-09	35223462	855	903	683	859	694	840	603	569	479	560	540	477	479	328	211	321	227	356	189	241	132	149	573
CAG->C	A->C	12780	1.2655704614403e-09	46920232	934	1012	754	939	731	925	672	696	657	632	646	520	550	386	273	359	293	431	247	303	176	172	472
CAG->G	A->G	79245	7.84742810773366e-09	46920232	6111	6140	4795	5422	4713	5938	4568	3680	3475	4058	3478	3326	3144	2470	1674	2170	2052	2411	1903	2043	1055	1266	3353
CAG->T	A->T	12569	1.24467567526159e-09	46920232	943	981	715	1029	825	953	722	680	585	625	593	491	551	381	248	300	252	405	212	293	156	153	476
CCA->A	C->A	20638	2.20970340423552e-09	43395955	1533	1622	1331	1655	1328	1630	1128	1031	959	1039	1031	852	894	617	430	459	358	616	341	402	256	226	900
CCA->G	C->G	11897	1.2738076073355e-09	43395955	884	916	747	913	684	850	729	622	563	581	547	501	485	379	249	352	258	352	243	266	137	153	486
CCA->T	C->T	53402	5.71773336529631e-09	43395955	4006	4085	3313	4156	3361	4293	2963	2728	2467	2704	2466	2221	2396	1570	1016	1260	1068	1601	817	1280	729	607	2295
CCC->A	C->A	17175	2.69634157188178e-09	29596303	1225	1351	1042	1269	1025	1292	963	912	765	910	803	707	671	556	390	507	383	508	290	423	215	249	719
CCC->G	C->G	13291	2.08658374566991e-09	29596303	1054	1090	801	913	756	920	758	672	625	664	614	570	509	402	270	449	314	428	278	347	147	232	478
CCC->T	C->T	47047	7.38601350406534e-09	29596303	3632	3630	2862	3458	2879	3533	2539	2370	2108	2446	2144	1991	1884	1476	980	1250	1051	1458	885	1255	610	723	1883
CCG->A	C->A	9336	7.94955194472802e-09	5456747	692	692	541	631	516	687	500	486	449	509	429	438	399	278	211	275	222	310	202	234	134	118	383
CCG->G	C->G	6310	5.3729298169702e-09	5456747	485	525	319	417	341	466	340	282	289	330	255	248	258	185	134	202	205	191	184	182	89	145	238
CCG->T	C->T	105760	9.00540503078872e-08	5456747	8348	8053	6074	7129	6200	7717	6089	4895	4784	5655	4750	4604	4244	3281	2254	3014	2812	3202	2510	2813	1468	1822	4042
TCG->T	C->T	73262	7.15796442237275e-08	4755595	5600	5546	4548	5450	4559	5353	4194	3526	3268	3829	3364	3105	3130	2254	1519	1838	1643	2339	1363	1824	1045	1039	2926
TCG->G	C->G	8374	8.18170321216311e-09	4755595	647	685	499	609	462	582	487	418	400	413	361	348	305	240	199	274	199	228	189	191	111	142	385
TCG->A	C->A	5865	5.73031876514648e-09	4755595	401	450	360	480	335	421	310	278	271	316	289	255	269	188	132	150	101	203	99	130	91	82	254
GCG->T	C->T	88990	8.93084280994606e-08	4629823	6688	6731	5210	6251	5165	6385	5129	4190	4002	4687	4116	3874	3687	2745	1913	2402	2295	2804	2081	2386	1274	1454	3521
GCG->G	C->G	8687	8.71808422182284e-09	4629823	648	658	479	618	497	642	482	429	452	430	373	334	297	261	215	282	210	261	209	230	131	151	398
GCG->A	C->A	9410	9.4436712935827e-09	4629823	711	691	553	688	540	667	530	437	463	555	448	391	369	263	195	286	253	305	183	265	107	162	348
TAG->T	A->T	7886	1.16494800320265e-09	31453274	560	620	521	694	551	563	434	459	345	378	375	300	358	219	155	171	128	258	99	143	126	52	377
TAG->G	A->G	42424	6.26702435808639e-09	31453274	3142	3266	2675	3418	2752	3386	2341	2052	2018	1994	1975	1723	1835	1299	853	1042	804	1319	625	947	574	464	1920
TAG->C	A->C	6837	1.00998598755979e-09	31453274	505	511	435	569	455	524	384	338	310	318	307	327	299	202	140	162	117	230	86	146	102	74	296
GAG->T	A->T	10555	1.24448961630363e-09	39407836	750	851	642	797	642	794	600	524	484	506	469	418	477	340	218	275	242	325	186	214	159	122	520
GAG->G	A->G	36548	4.30920004705494e-09	39407836	2865	2901	2201	2557	2235	2753	1949	1760	1691	1856	1762	1530	1453	1158	740	1023	825	1088	675	884	493	556	1593
GAG->C	A->C	10074	1.1877772046085e-09	39407836	812	753	643	754	602	775	539	497	467	500	468	411	426	284	211	284	242	305	215	224	128	155	379
GAA->C	A->C	16215	1.56181258428673e-09	48239596	1144	1277	1069	1386	1067	1205	890	828	764	780	792	716	740	506	287	354	288	480	216	325	224	162	715
GAA->G	A->G	40640	3.91440415821231e-09	48239596	2983	3115	2494	3324	2652	3156	2241	2018	1793	2024	1880	1762	1809	1231	809	962	810	1227	597	923	564	431	1835
GAA->T	A->T	8400	8.09079599630496e-10	48239596	545	661	562	743	604	688	462	415	405	373	389	337	378	265	172	199	144	273	82	146	128	62	367
GAC->C	A->C	10014	2.08804459483299e-09	22283502	738	785	583	753	621	726	517	551	474	520	455	408	382	316	239	277	209	290	192	261	134	156	427
GAC->G	A->G	31337	6.53415752629133e-09	22283502	2363	2247	1952	2447	1993	2387	1705	1595	1363	1642	1416	1181	1308	945	634	828	673	1013	555	761	458	424	1447
GAC->T	A->T	8717	1.81760382795678e-09	22283502	645	672	562	698	532	688	483	427	407	429	443	370	382	270	180	232	172	272	114	160	104	89	386
GCA->A	C->A	21476	2.93773045766883e-09	33966991	1650	1687	1374	1826	1388	1666	1173	1107	933	1096	1016	934	990	626	399	488	397	618	280	387	306	207	928
GCA->G	C->G	13095	1.79128237768548e-09	33966991	931	1060	804	966	784	912	751	754	670	613	612	530	546	374	307	439	276	394	218	279	174	160	541
GCA->T	C->T	45837	6.27010388285371e-09	33966991	3278	3459	3033	3533	2961	3742	2449	2307	2094	2294	2214	1877	2087	1377	899	1122	894	1442	617	1025	648	471	2014
GCC->A	C->A	15456	2.71232091946479e-09	26477176	1157	1183	985	1151	998	1096	855	856	685	788	734	692	660	440	317	397	348	480	270	397	198	194	575
GCC->G	C->G	12772	2.24131487987864e-09	26477176	1021	1038	758	912	752	822	796	716	651	630	576	517	521	395	263	414	290	332	251	299	187	180	451
GCC->T	C->T	42912	7.53048106211653e-09	26477176	3311	3314	2533	3230	2631	3156	2428	2184	1926	2142	2058	1813	1825	1275	882	1128	975	1295	765	1037	633	591	1780
TCC->T	C->T	47633	6.08805861795173e-09	36353375	3622	3750	2977	3744	3023	3614	2608	2350	2119	2392	2291	2053	2115	1496	934	1155	955	1449	728	1098	627	513	2020
TCC->G	C->G	15618	1.9961644132255e-09	36353375	1018	1215	1002	1128	974	1131	914	894	800	792	719	589	665	518	382	525	322	451	222	323	220	218	596
TCC->A	C->A	14681	1.87640477337454e-09	36353375	1081	1138	928	1224	980	1135	811	771	668	708	640	596	638	444	310	368	250	482	209	355	165	150	630
TAC->T	A->T	7624	1.29310961922723e-09	27394487	577	614	517	602	525	593	417	400	342	347	356	297	399	225	123	172	127	232	80	148	123	50	358
TAC->G	A->G	40357	6.84496654028769e-09	27394487	2836	3092	2596	3428	2707	3094	2181	2107	1814	1836	1875	1688	1908	1274	777	930	724	1288	516	857	564	381	1884
TAC->C	A->C	10116	1.71577871302501e-09	27394487	731	732	654	821	663	782	582	545	499	471	470	409	449	290	215	241	172	296	150	219	142	102	481
TAA->C	A->C	16433	1.48442396515849e-09	51436869	1149	1318	1090	1495	1089	1301	883	878	807	740	814	728	800	458	277	309	231	504	173	313	236	105	735
TAA->G	A->G	46229	4.17595299003907e-09	51436869	3328	3502	3083	3997	3140	3612	2624	2410	2075	2102	2139	1855	2378	1404	921	972	781	1467	544	918	646	371	1960
TAA->T	A->T	26650	2.40734489572652e-09	51436869	1961	1969	1760	2357	1765	1972	1475	1341	1241	1289	1190	1141	1320	786	545	521	514	859	381	499	413	205	1146
TCA->A	C->A	19013	1.85749280899469e-09	47559703	1309	1453	1210	1731	1309	1506	1050	952	892	931	917	723	932	550	390	412	322	610	222	307	251	146	888
TCA->G	C->G	19798	1.93418411783921e-09	47559703	1341	1546	1272	1566	1245	1415	1186	1053	1101	900	904	811	821	643	471	520	362	606	311	388	271	186	879
TCA->T	C->T	51792	5.05986785691122e-09	47559703	3671	4000	3319	4532	3461	4231	2930	2624	2287	2525	2352	2245	2393	1561	982	1140	906	1662	678	1040	683	443	2127
