Context	X1mer	Count	Rate	context_in_genome	chr1	chr2	chr3	chr4	chr5	chr6	chr7	chr8	chr9	chr10	chr11	chr12	chr13	chr14	chr15	chr16	chr17	chr18	chr19	chr20	chr21	chr22	chrX
AAA->C	A->C	62020	1.74093977026724e-09	94426158	4431	4807	3995	5299	4217	4482	3337	3163	2991	2934	2939	2578	2994	1868	1215	1306	1104	1873	849	1178	838	538	3084
AAA->G	A->G	102027	2.86396101162618e-09	94426158	7461	8036	6567	8411	6710	7538	5631	5186	4710	4992	4596	4355	4885	3086	2006	2339	2038	3160	1401	2104	1323	888	4604
AAA->T	A->T	40467	1.13593372594976e-09	94426158	2850	3195	2557	3486	2708	3007	2272	2079	1903	1916	1907	1642	1965	1213	766	891	738	1263	532	736	559	302	1980
AAC->C	A->C	30152	2.25845768285449e-09	35387385	2577	2416	1891	2454	1924	2242	1589	1614	1306	1494	1354	1140	1371	872	578	753	603	855	468	634	364	288	1365
AAC->G	A->G	75217	5.63393511313566e-09	35387385	5430	5824	4799	6401	5072	5703	4053	3835	3381	3703	3465	3072	3546	2293	1394	1697	1474	2326	955	1632	1000	686	3476
AAC->T	A->T	22078	1.65369556653162e-09	35387385	1504	1746	1420	1966	1494	1647	1165	1153	1000	1088	1025	836	1075	700	413	499	343	647	235	453	312	169	1188
AAG->C	A->C	22259	1.22005980570607e-09	48358056	1562	1839	1421	1928	1414	1620	1226	1161	1038	1091	1006	935	1057	731	438	537	412	716	270	449	293	212	903
AAG->G	A->G	82206	4.50587341694924e-09	48358056	6376	6228	5120	6547	5455	6156	4432	4136	3836	4134	3679	3418	3779	2480	1699	2040	1668	2432	1178	1804	1127	853	3629
AAG->T	A->T	21987	1.20515094784399e-09	48358056	1580	1741	1497	1928	1489	1648	1161	1180	991	1084	999	846	1059	634	393	488	359	647	244	491	299	209	1020
AAT->C	A->C	28857	1.22219056100375e-09	62583026	2008	2332	1915	2552	1869	2215	1568	1492	1346	1355	1303	1144	1441	892	536	612	463	905	336	551	389	218	1415
AAT->G	A->G	159896	6.77213091943914e-09	62583026	11260	13090	10642	13759	11229	11889	8656	8103	7937	7591	7362	6612	7967	4904	3060	3379	2654	4878	1656	3050	2129	1222	6867
AAT->T	A->T	39328	1.66567246710176e-09	62583026	2744	3099	2549	3553	2699	2773	2131	2084	1716	1778	1798	1664	1999	1123	709	920	713	1215	538	760	557	290	1916
ACA->A	C->A	61447	3.31928824495016e-09	49068188	4543	4935	3973	5083	3940	4608	3303	3133	2780	2948	2838	2455	2877	1820	1188	1316	1203	1835	811	1139	779	500	3440
ACA->G	C->G	47372	2.55897477077447e-09	49068188	3251	3787	2910	3715	3029	3403	2607	2646	2526	2258	2181	1867	2143	1453	1048	1330	806	1376	650	940	597	451	2398
ACA->T	C->T	176548	9.53689685532997e-09	49068188	12601	13885	11396	15128	12013	13495	9495	8893	8249	8443	8151	7397	8423	5316	3274	3954	2955	5434	2088	3506	2392	1462	8598
ACC->A	C->A	50637	4.92853456347781e-09	27232936	3773	4016	3189	4062	3311	3743	2725	2669	2282	2480	2491	2238	2218	1461	983	1242	969	1474	751	1134	655	534	2237
ACC->G	C->G	23864	2.32269978124365e-09	27232936	1651	1910	1493	1724	1444	1619	1339	1452	1278	1216	1076	939	976	693	556	802	454	659	389	541	303	283	1067
ACC->T	C->T	92923	9.04426046649779e-09	27232936	7141	7457	5758	7344	5882	6881	4920	4608	4183	4769	4356	3866	4036	2817	1897	2323	1953	2755	1402	2138	1185	1079	4173
ACG->A	C->A	15632	7.57934407521171e-09	5466725	1160	1236	1016	1283	884	1103	831	830	687	821	714	615	692	482	316	409	320	517	239	351	243	166	717
ACG->G	C->G	14750	7.15169684681248e-09	5466725	1045	1086	853	1091	810	963	798	805	756	771	673	603	617	461	343	509	324	452	299	372	213	234	672
ACG->T	C->T	283912	1.37657800350659e-07	5466725	21117	22756	17262	21569	18514	20297	15481	14491	12698	15063	13180	12276	12585	8547	5650	7210	5978	9102	4413	6759	3730	3404	11830
ACT->A	C->A	30058	2.06822561977978e-09	38521791	2160	2371	1965	2628	2056	2251	1618	1644	1457	1398	1383	1210	1381	912	580	717	508	944	330	527	395	224	1399
ACT->G	C->G	40929	2.81623549111606e-09	38521791	2708	3250	2616	3304	2714	2909	2269	2378	2257	1916	1919	1621	1766	1224	933	1211	645	1187	520	750	520	361	1951
ACT->T	C->T	127606	8.78029138457711e-09	38521791	9122	10175	8384	10847	8454	9868	6847	6546	5895	6045	6068	5332	6069	3830	2451	2830	2200	4070	1546	2591	1684	1029	5723
TCT->T	C->T	116620	5.73472693673951e-09	53901965	9036	9240	7236	9412	7531	8751	6323	5817	5266	5617	5268	4904	5438	3403	2176	2669	2270	3534	1624	2407	1513	1004	6181
TCT->G	C->G	60364	2.96836783407086e-09	53901965	4199	4977	3853	4629	3783	4218	3390	3460	3397	2862	2790	2442	2617	1806	1267	1776	1061	1712	801	1233	741	582	2768
TCT->A	C->A	47669	2.34409791071374e-09	53901965	3416	3677	3211	4267	3291	3570	2533	2421	2098	2170	2273	2039	2367	1439	832	984	759	1477	519	820	619	346	2541
GCT->T	C->T	94637	7.71699212897224e-09	32505527	7151	7233	5825	7893	6155	7204	5044	4732	4129	4687	4488	4130	4265	2849	1748	2299	1835	2855	1315	2127	1290	950	4433
GCT->G	C->G	24807	2.02283909827461e-09	32505527	1841	2024	1482	1797	1444	1725	1366	1503	1383	1250	1081	973	988	778	584	796	499	701	380	519	287	342	1064
GCT->A	C->A	22133	1.80479291176329e-09	32505527	1661	1725	1369	1795	1430	1540	1196	1186	1036	1119	1067	880	995	669	457	594	429	697	324	462	293	213	996
CCT->T	C->T	118479	7.62037430239703e-09	41210642	9289	9261	7309	9371	7497	8647	6458	6110	5041	6200	5560	4947	5214	3465	2291	2977	2526	3483	1772	2719	1518	1449	5375
CCT->G	C->G	30279	1.94749545068982e-09	41210642	2132	2492	1840	2209	1888	2047	1694	1735	1663	1519	1366	1215	1154	927	711	1012	602	882	461	690	376	401	1263
CCT->A	C->A	28494	1.8326871882148e-09	41210642	2069	2200	1823	2404	1882	2058	1495	1487	1374	1402	1358	1235	1230	862	580	712	511	808	400	648	343	303	1310
TAT->T	A->T	41516	2.10282258362323e-09	52330776	3051	3465	2703	3600	2756	2921	2197	2134	1915	1939	1920	1642	2063	1211	714	911	773	1281	565	682	525	282	2266
TAT->G	A->G	199715	1.01157436238634e-08	52330776	14049	16271	13294	17525	14027	14799	10544	10274	9364	8925	9221	8189	10246	6187	3687	3944	3232	6312	1959	3611	2718	1421	9916
TAT->C	A->C	31812	1.61130629227821e-09	52330776	2241	2412	2098	2926	2192	2294	1588	1623	1506	1463	1558	1350	1586	932	539	612	533	981	345	549	408	233	1843
GAT->T	A->T	31269	2.53930903424101e-09	32639443	2272	2473	1986	2751	2131	2328	1618	1606	1351	1484	1530	1260	1593	957	522	710	559	958	359	618	413	233	1557
GAT->G	A->G	69329	5.6301050892224e-09	32639443	5021	5461	4320	5625	4703	5258	3657	3436	3240	3387	3261	2847	3190	2115	1341	1754	1360	2140	944	1462	937	654	3216
GAT->C	A->C	15640	1.27010116394926e-09	32639443	1167	1224	963	1258	1047	1179	791	787	716	782	732	666	733	458	332	398	276	495	232	333	205	159	707
CAT->T	A->T	35314	2.07114425741152e-09	45194009	2566	2769	2297	3028	2347	2615	1858	1890	1653	1781	1627	1502	1704	1054	631	778	581	1139	413	689	447	314	1631
CAT->G	A->G	202655	1.18855904028355e-08	45194009	14882	16393	12916	16136	13466	14640	11042	10398	9455	10097	9323	8513	9382	6088	4045	4812	3957	6368	2773	4649	2657	2084	8579
CAT->C	A->C	31354	1.83889270677014e-09	45194009	2236	2486	2005	2517	2097	2337	1712	1656	1490	1556	1551	1297	1393	934	632	770	581	921	396	655	410	270	1452
CAA->C	A->C	33146	1.88323445167548e-09	46652083	2435	2603	2212	2708	2164	2332	1817	1684	1631	1638	1522	1378	1527	962	698	775	627	968	474	689	463	287	1552
CAA->G	A->G	85250	4.84359310340116e-09	46652083	6417	6897	5236	6547	5460	6313	4595	4200	3986	4238	3777	3613	3794	2543	1773	2070	1755	2589	1498	1972	1092	993	3892
CAA->T	A->T	15229	8.652560630111e-10	46652083	1090	1267	992	1387	996	1180	808	770	707	719	800	595	677	437	301	349	261	463	159	289	188	125	669
CAC->C	A->C	31778	2.39132621959981e-09	35223462	2801	2737	1761	2266	1755	2119	1716	1555	1533	1597	1361	1263	1266	897	705	974	759	898	588	672	472	426	1657
CAC->G	A->G	98289	7.39634535836887e-09	35223462	7366	7722	5617	7068	6021	7096	5381	4932	4487	5256	4326	4175	4154	2915	2176	2694	2308	2906	2135	2499	1350	1417	4288
CAC->T	A->T	19267	1.44986098159197e-09	35223462	1415	1535	1178	1520	1244	1366	1010	1013	844	952	897	811	870	586	392	556	406	562	285	423	234	231	937
CAG->C	A->C	23664	1.33681807785981e-09	46920232	1796	1859	1395	1791	1431	1638	1272	1287	1156	1212	1146	985	1019	716	512	684	529	744	401	564	325	301	901
CAG->G	A->G	122246	6.90587655282497e-09	46920232	9522	9546	7391	8615	7314	8770	6851	5808	5527	6279	5399	5132	5068	3790	2657	3414	3126	3620	2750	3076	1584	1830	5177
CAG->T	A->T	20948	1.1833867940757e-09	46920232	1595	1630	1208	1681	1347	1536	1151	1102	985	1100	953	839	947	650	434	511	431	643	345	480	265	256	859
CCA->A	C->A	35112	2.14462133333764e-09	43395955	2610	2734	2207	2829	2240	2641	1850	1807	1618	1770	1724	1478	1585	1071	734	855	604	1012	553	727	428	348	1687
CCA->G	C->G	22290	1.36146074049031e-09	43395955	1619	1750	1394	1690	1398	1540	1286	1180	1086	1157	975	961	905	704	498	651	506	636	403	498	254	266	933
CCA->T	C->T	96064	5.8675354228112e-09	43395955	7256	7444	5895	7410	6119	7297	5166	4998	4533	4879	4370	4036	4273	2841	1874	2468	2044	2833	1512	2275	1242	1116	4183
CCC->A	C->A	30455	2.72750429449487e-09	29596303	2214	2470	1739	2268	1846	2185	1669	1601	1420	1630	1436	1238	1207	973	671	942	676	852	531	754	381	414	1338
CCC->G	C->G	26234	2.34947784146375e-09	29596303	2043	2190	1546	1713	1541	1752	1485	1339	1293	1386	1178	1104	1019	837	620	859	643	758	520	706	287	418	997
CCC->T	C->T	88526	7.92825628548524e-09	29596303	7036	6858	5178	6363	5482	6293	4688	4500	4060	4680	4102	3796	3500	2780	1928	2436	2087	2638	1579	2351	1132	1295	3764
CCG->A	C->A	14143	6.86992549510421e-09	5456747	1085	1043	805	986	802	1019	757	714	649	781	652	613	582	442	321	433	350	449	303	365	193	195	604
CCG->G	C->G	10536	5.117834618993e-09	5456747	813	837	541	704	553	721	591	494	508	568	443	410	440	303	231	357	365	308	312	291	131	222	393
CCG->T	C->T	217513	1.05656374476179e-07	5456747	17308	16941	12265	14401	12976	15004	12311	10536	9901	11842	9789	9369	8550	6656	4729	6503	5953	6338	5141	5900	2913	3607	8580
TCG->T	C->T	148726	8.28946190488289e-08	4755595	11506	11545	8757	10966	9311	10368	8395	7350	6671	8027	6831	6438	6290	4481	3092	4018	3471	4528	2735	3691	1957	2049	6249
TCG->G	C->G	12697	7.07685931217797e-09	4755595	972	1016	769	906	692	883	711	658	586	642	558	529	479	357	305	416	305	353	286	298	166	214	596
TCG->A	C->A	9527	5.31001328401351e-09	4755595	639	746	588	778	556	648	501	456	438	526	469	402	438	278	215	268	176	323	162	202	150	129	439
GCG->T	C->T	185254	1.06058995625488e-07	4629823	14299	14444	10464	12780	11026	12697	10331	9142	8337	9939	8678	8150	7391	5637	3953	5224	4919	5563	4326	4845	2529	2861	7719
GCG->G	C->G	12296	7.03953172515036e-09	4629823	968	921	655	871	681	889	693	604	631	614	516	472	445	373	307	405	300	351	314	316	172	224	574
GCG->A	C->A	15356	8.791399574773e-09	4629823	1187	1180	859	1126	847	1078	842	750	734	922	699	627	607	451	337	459	394	474	318	431	202	246	586
TAG->T	A->T	13056	1.10024293187239e-09	31453274	922	1069	836	1146	892	932	700	704	599	617	604	512	612	368	253	281	212	436	162	242	205	89	663
TAG->G	A->G	68032	5.73312861068798e-09	31453274	5063	5346	4375	5585	4416	5196	3652	3364	3186	3226	3187	2815	3137	2081	1359	1602	1285	2050	947	1449	898	701	3112
TAG->C	A->C	11808	9.95072651619879e-10	31453274	836	919	776	1023	776	894	659	596	573	549	525	505	564	357	228	275	203	379	148	235	163	116	509
GAG->T	A->T	17300	1.16361100528781e-09	39407836	1288	1395	1051	1320	1069	1245	926	899	813	837	790	702	731	543	361	465	396	504	300	362	241	193	869
GAG->G	A->G	58555	3.93845331876461e-09	39407836	4669	4660	3462	4199	3583	4210	3073	2868	2722	3008	2714	2505	2414	1801	1183	1639	1378	1718	1075	1385	770	837	2682
GAG->C	A->C	17105	1.15049515869642e-09	39407836	1337	1298	1020	1290	1066	1270	939	836	785	904	833	718	724	503	351	484	397	493	335	397	199	237	689
GAA->C	A->C	25334	1.39201658075536e-09	48239596	1816	2023	1611	2200	1684	1837	1391	1318	1192	1281	1216	1077	1161	788	474	568	451	733	332	495	334	229	1123
GAA->G	A->G	65903	3.62114426152683e-09	48239596	4896	5195	4087	5400	4268	4997	3551	3286	2914	3329	2970	2873	3055	1973	1315	1611	1326	1955	898	1446	880	654	3024
GAA->T	A->T	15032	8.25956944892818e-10	48239596	1017	1219	961	1294	1039	1162	834	768	732	673	750	614	714	461	316	346	238	478	141	280	215	110	670
GAC->C	A->C	14844	1.76567921901452e-09	22283502	1171	1195	880	1080	886	1069	748	811	708	777	663	600	609	467	356	398	318	430	281	370	182	204	641
GAC->G	A->G	47991	5.70848230933212e-09	22283502	3634	3548	2975	3809	3111	3494	2566	2450	2077	2474	2172	1905	2096	1439	975	1248	1015	1466	825	1137	666	611	2298
GAC->T	A->T	15302	1.82015786912963e-09	22283502	1165	1189	970	1231	972	1096	834	800	727	773	716	657	675	474	292	397	296	474	210	310	184	148	712
GCA->A	C->A	39148	3.05489865719198e-09	33966991	2933	3072	2432	3334	2539	2955	2137	2033	1680	2021	1936	1692	1770	1153	732	913	731	1180	492	764	514	341	1794
GCA->G	C->G	21828	1.70333932484894e-09	33966991	1660	1775	1307	1641	1306	1469	1232	1267	1104	1035	998	901	900	633	511	706	450	624	330	478	279	253	969
GCA->T	C->T	81514	6.36091266839549e-09	33966991	5957	6375	5170	6303	5205	6160	4338	4188	3759	4146	3898	3448	3704	2419	1635	2055	1606	2535	1120	1877	1084	837	3695
GCC->A	C->A	29735	2.976737815552e-09	26477176	2346	2313	1820	2250	1919	2042	1619	1611	1367	1573	1393	1247	1299	860	605	794	676	849	496	764	364	362	1166
GCC->G	C->G	21828	2.18517682992666e-09	26477176	1795	1769	1323	1510	1281	1422	1293	1177	1115	1122	989	879	896	664	496	740	504	567	405	516	285	301	779
GCC->T	C->T	80780	8.08679605650886e-09	26477176	6370	6224	4737	6065	4920	5785	4411	4120	3675	4172	3990	3397	3359	2419	1635	2143	1883	2396	1434	1969	1126	1069	3481
TCC->T	C->T	97045	7.07575410620445e-09	36353375	7470	7820	5903	7485	6267	7092	5173	4763	4327	5016	4592	4243	4266	3043	1920	2379	2042	2848	1475	2251	1229	1039	4402
TCC->G	C->G	27902	2.03439323067975e-09	36353375	1948	2221	1765	1967	1783	1964	1598	1569	1440	1428	1272	1086	1196	912	638	923	578	790	419	576	369	357	1103
TCC->A	C->A	27504	2.00537421749752e-09	36353375	1998	2179	1712	2269	1872	1992	1456	1491	1305	1380	1264	1150	1203	817	564	714	479	818	375	687	328	267	1184
TAC->T	A->T	12782	1.23674437918865e-09	27394487	936	1042	847	1064	863	940	673	677	579	630	585	532	659	379	216	274	204	403	140	243	180	78	638
TAC->G	A->G	66800	6.46334881315927e-09	27394487	4704	5335	4359	5742	4525	4999	3612	3409	3051	3041	3085	2805	3194	2058	1295	1537	1184	2109	804	1405	895	545	3107
TAC->C	A->C	15756	1.5244988607805e-09	27394487	1303	1241	1032	1245	980	1168	871	846	748	720	720	631	716	441	313	394	296	434	213	341	212	143	748
TAA->C	A->C	26905	1.38644541408917e-09	51436869	1884	2182	1772	2436	1813	2047	1388	1406	1318	1267	1308	1201	1369	759	469	556	379	834	270	494	367	177	1209
TAA->G	A->G	78140	4.0266435479252e-09	51436869	5593	6113	5229	6909	5408	5921	4287	4058	3595	3580	3580	3150	4081	2387	1548	1600	1307	2424	858	1547	1029	580	3356
TAA->T	A->T	46394	2.39073586847251e-09	51436869	3438	3625	3045	4004	3070	3343	2451	2375	2107	2267	2025	1989	2319	1371	932	953	915	1426	676	895	648	330	2190
TCA->A	C->A	33310	1.85643523590965e-09	47559703	2369	2592	2109	2963	2302	2509	1824	1689	1545	1607	1622	1352	1621	1002	633	730	558	1014	385	575	416	242	1651
TCA->G	C->G	33591	1.87209594744644e-09	47559703	2232	2698	2140	2657	2073	2380	1969	1886	1872	1589	1567	1394	1414	1037	768	972	591	964	482	662	414	310	1520
TCA->T	C->T	92837	5.17399813858133e-09	47559703	6715	7259	5950	7907	6244	7156	5078	4709	4210	4734	4215	4025	4380	2824	1737	2137	1652	2875	1213	1918	1207	783	3909
