Context	X1mer	Count	Rate	context_in_genome	chr1	chr2	chr3	chr4	chr5	chr6	chr7	chr8	chr9	chr10	chr11	chr12	chr13	chr14	chr15	chr16	chr17	chr18	chr19	chr20	chr21	chr22	chrX
AAA->C	A->C	20753	1.61130205823431e-09	94426158	1473	1688	1349	1696	1499	1387	1086	1022	1059	943	875	845	1029	644	419	468	387	611	261	349	270	135	1258
AAA->G	A->G	35985	2.79394326437438e-09	94426158	2571	3053	2361	2830	2572	2432	1950	1805	1638	1630	1588	1499	1742	1040	708	925	663	1101	442	719	452	255	2009
AAA->T	A->T	12501	9.70601215727224e-10	94426158	823	1062	873	1032	905	820	681	664	546	563	568	496	614	336	238	291	186	370	153	213	161	77	829
AAC->C	A->C	6983	1.44671160861263e-09	35387385	499	630	469	544	470	458	314	377	343	325	284	272	339	186	148	192	121	191	105	144	83	51	438
AAC->G	A->G	27190	5.63312167237255e-09	35387385	1935	2265	1736	2154	1920	1813	1403	1502	1218	1220	1113	1142	1280	772	525	700	503	793	311	597	344	177	1767
AAC->T	A->T	8177	1.69408002629608e-09	35387385	618	679	522	707	569	547	398	422	366	364	383	331	352	238	144	186	131	229	96	178	93	55	569
AAG->C	A->C	9463	1.43465805663229e-09	48358056	690	809	606	708	671	645	526	509	468	434	403	388	487	278	199	242	182	292	105	194	110	54	463
AAG->G	A->G	25713	3.8982735506907e-09	48358056	1857	2205	1617	2023	1800	1772	1374	1382	1194	1229	1147	1023	1166	743	513	633	500	769	283	528	319	192	1444
AAG->T	A->T	6360	9.6422120259763e-10	48358056	431	522	427	547	439	452	333	353	290	284	287	262	262	198	103	151	101	215	74	114	66	44	405
AAT->C	A->C	10061	1.17861777385395e-09	62583026	720	851	644	882	700	701	507	482	487	431	437	366	536	311	203	227	180	337	87	168	137	68	599
AAT->G	A->G	65565	7.68075482981159e-09	62583026	4586	5714	4372	5412	4625	4375	3470	3446	3238	3007	2904	2650	3239	1818	1267	1575	1121	1943	610	1226	838	415	3714
AAT->T	A->T	13684	1.60304200550815e-09	62583026	916	1142	904	1195	1007	930	695	705	627	637	561	539	697	400	219	306	212	405	145	243	180	69	950
ACA->A	C->A	19600	2.92849472508712e-09	49068188	1371	1606	1332	1587	1320	1310	1031	989	964	906	906	771	959	529	384	484	275	597	203	349	264	130	1333
ACA->G	C->G	14938	2.23193133690568e-09	49068188	1024	1298	969	1176	988	1036	783	841	797	718	689	541	618	425	291	436	242	404	192	276	159	117	918
ACA->T	C->T	58806	8.78638065323843e-09	49068188	4410	5037	3774	4601	3982	3978	3089	3013	2747	2742	2633	2389	2712	1697	1099	1452	1105	1807	722	1234	690	512	3381
ACC->A	C->A	24481	6.59057161830598e-09	27232936	1766	2048	1514	1845	1626	1621	1223	1342	1050	1179	1170	1019	1082	736	487	634	497	710	333	595	287	244	1473
ACC->G	C->G	8967	2.41402131045912e-09	27232936	622	746	556	619	615	554	490	514	435	418	414	374	376	245	183	301	165	281	146	185	105	114	509
ACC->T	C->T	35002	9.42294790996878e-09	27232936	2784	2830	2159	2522	2356	2265	1797	1765	1630	1743	1630	1448	1432	1034	734	931	745	1045	568	802	403	374	2005
ACG->A	C->A	4298	5.76404786965924e-09	5466725	297	350	266	306	251	281	257	246	186	220	172	190	172	120	87	144	86	140	85	102	63	44	233
ACG->G	C->G	2784	3.73362244512129e-09	5466725	199	238	163	174	156	172	144	155	132	137	119	104	133	89	58	101	64	81	56	67	31	41	170
ACG->T	C->T	95484	1.28053593947544e-07	5466725	7087	8236	5655	6652	6215	6046	5069	4903	4169	4835	4240	3912	4055	2750	2007	2850	2221	2914	1580	2486	1306	1227	5069
ACT->A	C->A	11786	2.24309858506289e-09	38521791	849	986	793	957	847	749	647	603	551	529	537	483	555	321	220	301	181	341	115	240	152	72	757
ACT->G	C->G	14942	2.84374504140589e-09	38521791	1030	1272	954	1153	975	948	850	888	832	661	645	563	653	421	341	457	271	442	173	273	185	110	845
ACT->T	C->T	41237	7.8481805830849e-09	38521791	3080	3386	2651	3230	2920	2861	2177	2136	1889	1907	1839	1718	1864	1184	783	965	771	1236	518	916	488	344	2374
TCT->T	C->T	39522	5.3755475946135e-09	53901965	3081	3253	2422	3029	2620	2680	2041	2096	1783	1857	1740	1658	1743	1168	747	999	801	1172	495	869	489	301	2478
TCT->G	C->G	24093	3.27698669594208e-09	53901965	1640	2067	1554	1808	1667	1505	1299	1454	1398	1038	1051	902	998	734	525	781	422	631	274	463	276	208	1398
TCT->A	C->A	20773	2.82542002385776e-09	53901965	1474	1722	1359	1766	1471	1346	1093	1061	945	876	974	857	1038	547	354	485	320	659	219	372	271	134	1430
GCT->T	C->T	40513	9.13746208335331e-09	32505527	3040	3387	2503	2986	2773	2608	2039	2120	1890	1897	1887	1684	1657	1099	798	1098	823	1267	567	935	511	405	2539
GCT->G	C->G	9464	2.13454795144412e-09	32505527	650	854	543	654	595	589	508	596	504	478	414	367	360	261	216	329	188	253	152	230	105	99	519
GCT->A	C->A	9519	2.14695286874436e-09	32505527	671	801	616	740	666	620	467	546	453	465	417	399	399	236	186	235	197	287	136	195	107	83	597
CCT->T	C->T	50215	8.93331158677584e-09	41210642	3945	4146	2947	3723	3256	3258	2492	2588	2085	2436	2382	2122	2029	1423	1074	1452	1084	1530	784	1222	587	550	3100
CCT->G	C->G	14561	2.59042019346894e-09	41210642	1002	1262	877	986	909	908	815	858	804	698	684	546	552	397	382	521	310	411	220	339	155	166	759
CCT->A	C->A	10559	1.87845936562314e-09	41210642	838	898	647	815	679	664	520	570	488	530	522	424	450	307	217	332	189	306	121	215	104	114	609
TAT->T	A->T	13270	1.85909739931169e-09	52330776	890	1160	962	1140	907	930	686	671	577	545	548	517	667	371	244	302	202	457	125	226	197	79	867
TAT->G	A->G	75781	1.06167490593247e-08	52330776	5313	6527	5136	6555	5496	5227	3946	3992	3679	3162	3296	3063	3817	2206	1387	1619	1226	2369	642	1344	991	447	4341
TAT->C	A->C	7815	1.09486406749215e-09	52330776	535	678	500	710	581	519	421	398	341	320	343	290	389	223	131	176	122	267	72	145	103	45	506
GAT->T	A->T	15883	3.5676167345823e-09	32639443	1160	1270	999	1351	1154	1081	774	801	722	696	753	645	751	458	295	383	249	470	173	347	183	124	1044
GAT->G	A->G	23828	5.35221126686565e-09	32639443	1781	2045	1482	1969	1655	1600	1228	1215	1162	1077	1100	988	1048	674	436	636	378	713	297	503	296	182	1363
GAT->C	A->C	4729	1.06222121374046e-09	32639443	336	444	305	353	313	307	232	231	209	230	218	195	224	149	90	122	87	139	52	110	69	41	273
CAT->T	A->T	15832	2.5682855526261e-09	45194009	1184	1312	1034	1249	1125	1085	811	893	708	741	721	647	704	448	269	444	248	477	176	309	200	109	938
CAT->G	A->G	70204	1.13885749707278e-08	45194009	5231	6132	4440	5536	4833	4736	3579	3707	3283	3293	3177	2844	3371	2081	1393	1726	1258	2176	815	1524	802	577	3690
CAT->C	A->C	12387	2.00943362432918e-09	45194009	863	1082	803	968	869	786	644	645	597	593	543	524	594	358	248	316	235	400	122	262	145	118	672
CAA->C	A->C	12259	1.92651502623397e-09	46652083	889	1056	790	980	859	844	601	638	626	576	576	482	576	318	205	320	254	361	155	240	139	84	690
CAA->G	A->G	24851	3.90536136038343e-09	46652083	1888	2082	1605	1911	1767	1741	1265	1243	1169	1202	1081	1052	1158	702	503	606	468	702	286	573	276	206	1365
CAA->T	A->T	6145	9.65693354776715e-10	46652083	416	499	435	521	465	419	281	343	294	254	290	243	278	156	106	156	110	184	64	133	80	50	368
CAC->C	A->C	9342	1.94444748844271e-09	35223462	733	876	536	646	591	598	493	485	434	453	414	378	395	228	220	267	200	255	146	236	119	107	532
CAC->G	A->G	24869	5.17624326590471e-09	35223462	1909	2005	1483	1870	1572	1586	1355	1261	1142	1198	1128	1028	1084	761	569	702	539	766	395	629	296	273	1318
CAC->T	A->T	7705	1.60372167613478e-09	35223462	583	646	436	600	473	462	400	449	373	383	373	325	305	249	179	202	152	220	119	160	106	79	431
CAG->C	A->C	10652	1.6644064963692e-09	46920232	826	925	664	741	629	693	568	548	528	537	493	435	462	330	220	322	218	294	167	291	111	115	535
CAG->G	A->G	34250	5.35166377212213e-09	46920232	2692	2975	2046	2333	2254	2209	1786	1698	1563	1597	1576	1477	1521	1006	737	965	786	1044	591	904	372	401	1717
CAG->T	A->T	7614	1.18971001345804e-09	46920232	557	662	493	588	481	494	395	379	343	342	318	298	314	233	168	218	159	233	112	184	100	94	449
CCA->A	C->A	13586	2.2952540129874e-09	43395955	1044	1088	872	1018	918	866	696	697	586	642	594	581	588	392	276	375	273	389	189	342	156	130	874
CCA->G	C->G	10260	1.733350962259e-09	43395955	777	882	636	696	624	611	512	526	565	509	475	377	405	321	251	337	239	279	165	250	129	135	559
CCA->T	C->T	39701	6.70718972247997e-09	43395955	2998	3414	2382	2839	2564	2558	2027	2028	1889	1926	1826	1646	1605	1171	852	1184	866	1113	626	990	444	467	2286
CCC->A	C->A	12635	3.12986911572667e-09	29596303	944	1066	694	883	812	763	644	687	631	617	588	503	490	344	287	398	257	368	269	318	147	184	741
CCC->G	C->G	12785	3.16702624808591e-09	29596303	1036	1120	718	787	794	783	713	654	646	633	602	490	473	402	312	434	300	351	228	336	141	185	647
CCC->T	C->T	35129	8.70195268431833e-09	29596303	2804	2994	1944	2321	2224	2348	1782	1766	1616	1737	1702	1414	1273	1019	748	1105	851	1007	659	932	417	485	1981
CCG->A	C->A	3404	4.57345203152875e-09	5456747	273	228	161	236	218	209	189	158	176	174	138	144	143	103	76	111	107	93	98	91	45	44	189
CCG->G	C->G	3370	4.52777125330549e-09	5456747	279	286	186	183	174	204	181	168	159	189	154	129	118	95	87	146	109	81	95	95	48	53	151
CCG->T	C->T	80718	1.08448854606621e-07	5456747	6587	6728	4494	5001	4730	4824	4435	3882	3718	4248	3632	3270	2958	2420	1791	2844	2368	2211	1870	2381	1039	1352	3935
TCG->T	C->T	58472	9.01428910130716e-08	4755595	4630	4812	3402	3910	3629	3781	3128	3031	2537	3116	2578	2415	2381	1671	1250	1824	1538	1738	1117	1474	696	764	3050
TCG->G	C->G	3073	4.73746586542566e-09	4755595	232	266	164	202	211	192	181	138	160	150	112	120	116	81	70	126	77	79	78	75	43	41	159
TCG->A	C->A	3053	4.7066330254294e-09	4755595	243	246	181	229	192	179	160	159	124	171	130	139	114	85	66	107	76	91	56	82	39	29	155
GCG->T	C->T	66845	1.05850505126424e-07	4629823	5386	5521	3747	4256	4004	4011	3623	3395	2973	3391	3036	2722	2427	2008	1522	2171	1983	1963	1505	1839	872	1055	3435
GCG->G	C->G	1981	3.13695640145778e-09	4629823	154	147	98	116	113	134	108	95	96	105	84	71	86	61	46	70	69	62	51	52	33	33	97
GCG->A	C->A	4917	7.78617598483992e-09	4629823	365	413	261	364	307	297	248	227	245	265	208	196	186	151	110	166	123	142	109	141	76	67	250
TAG->T	A->T	4515	1.05239867278194e-09	31453274	328	417	305	370	327	302	250	235	197	186	188	183	218	112	85	99	58	134	38	88	52	33	310
TAG->G	A->G	21780	5.07668728531357e-09	31453274	1649	1845	1431	1759	1574	1477	1152	1075	983	989	976	864	1014	657	432	498	433	653	232	414	261	141	1271
TAG->C	A->C	4747	1.10647541521504e-09	31453274	326	408	344	406	351	323	223	265	227	221	209	190	235	116	78	98	65	143	53	90	56	38	282
GAG->T	A->T	6260	1.16460899839802e-09	39407836	502	511	354	443	414	415	331	328	282	302	284	254	240	186	126	172	138	192	93	173	74	62	384
GAG->G	A->G	16722	3.11095713597631e-09	39407836	1274	1439	1060	1163	1078	1033	878	920	770	798	748	680	756	477	358	472	345	474	272	420	222	186	899
GAG->C	A->C	6352	1.1817246577994e-09	39407836	508	518	373	440	390	425	368	327	311	319	288	259	253	201	148	171	132	202	101	141	92	62	323
GAA->C	A->C	7532	1.14470886106331e-09	48239596	550	642	484	558	529	544	402	386	377	342	335	306	354	204	173	183	134	212	78	169	103	64	403
GAA->G	A->G	20416	3.10281148532508e-09	48239596	1495	1714	1298	1599	1414	1459	1090	1062	935	928	971	858	908	570	388	474	342	657	219	416	251	132	1236
GAA->T	A->T	6633	1.00807937804473e-09	48239596	474	578	415	560	450	446	372	371	322	284	291	295	295	178	110	162	99	217	75	117	77	26	419
GAC->C	A->C	3156	1.03834564495901e-09	22283502	236	264	196	246	203	194	127	157	164	160	140	136	155	80	76	93	69	96	53	70	41	34	166
GAC->G	A->G	13961	4.59326474945270e-09	22283502	1097	1193	870	1070	894	959	664	687	655	607	624	599	592	394	289	343	254	421	170	339	193	137	910
GAC->T	A->T	7135	2.34746393434174e-09	22283502	541	597	424	573	471	445	378	394	325	328	335	254	280	212	122	198	144	220	95	170	79	69	481
GCA->A	C->A	16687	3.60171699468671e-09	33966991	1225	1325	1032	1362	1151	1152	848	918	751	803	803	657	711	443	308	432	334	475	180	383	193	122	1079
GCA->G	C->G	7328	1.58167328681394e-09	33966991	489	621	473	467	466	458	438	419	371	367	339	295	311	215	179	225	135	225	102	160	86	75	412
GCA->T	C->T	32985	7.11947234792e-09	33966991	2480	2806	1989	2436	2206	2072	1707	1732	1569	1603	1468	1300	1456	910	723	953	682	957	502	803	383	330	1918
GCC->A	C->A	15160	4.197743852641e-09	26477176	1238	1271	846	1117	955	964	735	790	697	779	719	616	601	447	320	469	371	432	232	402	179	152	828
GCC->G	C->G	8066	2.23344339811361e-09	26477176	619	673	525	524	536	508	414	417	434	425	362	316	315	230	162	273	192	218	115	202	91	123	392
GCC->T	C->T	35281	9.7691689224952e-09	26477176	2612	2875	1979	2460	2199	2195	1849	1922	1615	1801	1663	1362	1400	974	766	1100	861	1040	663	977	462	472	2034
TCC->T	C->T	36252	7.31098057872591e-09	36353375	2766	3001	2285	2652	2319	2286	1899	1968	1708	1749	1607	1469	1547	1028	742	1015	785	1046	577	930	418	407	2048
TCC->G	C->G	12009	2.42186819402845e-09	36353375	863	1086	701	797	780	766	683	623	668	594	548	470	499	346	253	379	279	339	187	282	150	129	587
TCC->A	C->A	13560	2.734660064204e-09	36353375	990	1097	838	984	907	880	699	739	642	650	626	549	586	386	281	425	242	390	186	367	164	139	793
TAC->T	A->T	4779	1.27897558397708e-09	27394487	345	371	319	438	321	327	258	247	218	227	207	192	220	130	92	85	90	152	69	82	73	29	287
TAC->G	A->G	24660	6.5996103579985e-09	27394487	1773	2095	1673	2121	1702	1689	1266	1235	1104	1143	1016	1053	1174	692	458	551	447	788	232	484	312	168	1484
TAC->C	A->C	4055	1.08521573405044e-09	27394487	269	384	284	312	254	263	210	200	234	198	204	175	189	116	83	99	51	134	48	58	47	30	213
TAA->C	A->C	9003	1.28322000217138e-09	51436869	619	761	571	775	673	616	479	485	407	404	400	357	456	282	181	233	115	309	74	141	107	51	507
TAA->G	A->G	29282	4.17363635494639e-09	51436869	2143	2437	1993	2410	2045	2055	1554	1483	1292	1314	1187	1148	1515	862	573	644	473	980	263	568	413	160	1770
TAA->T	A->T	11763	1.67660967294701e-09	51436869	849	952	748	1043	806	866	643	560	509	521	510	442	611	352	228	284	226	354	125	189	164	58	723
TCA->A	C->A	13359	2.05931703125492e-09	47559703	969	1112	847	1136	891	906	654	716	632	607	613	496	622	379	255	315	251	418	131	248	187	86	888
TCA->G	C->G	12962	1.99811867348801e-09	47559703	897	1121	822	992	950	786	662	727	686	565	562	525	633	327	249	404	246	366	171	275	158	119	719
TCA->T	C->T	36472	5.62223300875286e-09	47559703	2743	3073	2285	2789	2533	2447	1968	1962	1658	1720	1640	1423	1638	1071	741	976	703	1080	479	767	422	307	2047
