Context	X1mer	Count	Rate	context_in_genome	chr1	chr2	chr3	chr4	chr5	chr6	chr7	chr8	chr9	chr10	chr11	chr12	chr13	chr14	chr15	chr16	chr17	chr18	chr19	chr20	chr21	chr22	chrX
AAA->C	A->C	70076	1.69608608303051e-09	94426158	4987	5545	4546	6028	4821	4947	3756	3560	3350	3293	3311	2889	3357	2104	1362	1505	1223	2101	944	1310	933	565	3639
AAA->G	A->G	118651	2.87177221641721e-09	94426158	8596	9458	7651	9736	7817	8559	6511	6092	5455	5693	5356	5034	5738	3524	2320	2756	2324	3694	1559	2424	1569	1000	5785
AAA->T	A->T	44761	1.0833738963772e-09	94426158	3091	3536	2827	3882	2968	3292	2517	2335	2136	2082	2116	1809	2196	1338	823	1012	804	1369	575	827	603	327	2296
AAC->C	A->C	32216	2.08062614630176e-09	35387385	2668	2565	2082	2604	2095	2320	1710	1708	1426	1565	1468	1229	1509	919	610	815	649	917	473	680	400	293	1511
AAC->G	A->G	88112	5.69059259383351e-09	35387385	6327	6900	5562	7432	5954	6563	4746	4530	3937	4337	4067	3577	4172	2635	1627	2042	1666	2711	1094	1902	1150	760	4421
AAC->T	A->T	25857	1.66993885848412e-09	35387385	1725	2055	1685	2296	1776	1898	1352	1374	1160	1257	1189	1034	1268	772	484	558	419	805	280	519	351	187	1413
AAG->C	A->C	26660	1.25997583947499e-09	48358056	1888	2203	1710	2254	1759	1868	1477	1402	1247	1280	1228	1099	1265	846	511	650	472	876	316	540	343	250	1176
AAG->G	A->G	94206	4.45226121281249e-09	48358056	7265	7255	5868	7397	6202	6940	5066	4773	4405	4718	4254	3867	4444	2750	1948	2365	1859	2827	1317	2076	1259	957	4394
AAG->T	A->T	24983	1.18071929473382e-09	48358056	1769	2049	1666	2140	1691	1827	1296	1321	1159	1210	1159	979	1197	735	442	563	395	769	276	554	352	234	1200
AAT->C	A->C	33943	1.239551491069e-09	62583026	2350	2744	2263	2985	2232	2582	1833	1769	1585	1560	1524	1357	1700	1039	653	719	538	1058	370	648	457	253	1724
AAT->G	A->G	188906	6.89858627616537e-09	62583026	13308	15627	12513	16136	13218	13764	10188	9763	9216	8922	8671	7760	9425	5747	3579	4090	3144	5832	1892	3599	2451	1390	8671
AAT->T	A->T	44539	1.62650277997591e-09	62583026	3065	3541	2897	4034	3069	3135	2386	2394	1935	1985	2023	1861	2304	1280	784	1014	765	1389	570	849	628	316	2315
ACA->A	C->A	69086	3.2178139779832e-09	49068188	4996	5582	4457	5736	4483	5139	3713	3518	3167	3256	3241	2735	3206	2058	1314	1520	1274	2104	864	1310	862	548	4003
ACA->G	C->G	54759	2.55050626205573e-09	49068188	3774	4425	3422	4255	3501	3857	2980	3130	2934	2524	2552	2141	2450	1676	1196	1568	931	1631	731	1079	667	493	2842
ACA->T	C->T	205350	9.56457314620691e-09	49068188	14628	16391	13228	17458	13924	15392	10985	10432	9608	9654	9540	8580	9844	6104	3822	4712	3488	6348	2398	4137	2751	1717	10209
ACC->A	C->A	60668	5.09138711184147e-09	27232936	4540	4803	3779	4748	3997	4350	3262	3256	2704	2916	2951	2650	2640	1712	1199	1514	1164	1803	874	1412	786	613	2995
ACC->G	C->G	28160	2.36324686934555e-09	27232936	1964	2290	1765	1976	1737	1858	1582	1705	1468	1402	1265	1112	1125	816	646	931	534	789	459	651	391	327	1367
ACC->T	C->T	116241	9.75519102768451e-09	27232936	8926	9321	7132	8988	7448	8378	6189	5829	5317	5869	5411	4773	5016	3489	2342	3003	2444	3485	1747	2712	1475	1303	5644
ACG->A	C->A	17537	7.33160368172045e-09	5466725	1306	1392	1082	1436	1004	1206	954	932	752	947	828	698	787	533	332	474	362	586	270	371	264	187	834
ACG->G	C->G	16337	6.82992583385225e-09	5466725	1160	1230	938	1220	902	1040	892	885	850	856	738	669	688	517	373	560	348	505	324	396	234	260	752
ACG->T	C->T	303866	1.27035700766931e-07	5466725	22528	24703	18377	22906	19583	21221	16534	15535	13612	16004	13930	13014	13540	8990	6065	7981	6526	9731	4743	7321	3921	3634	13467
ACT->A	C->A	35697	2.1178546693562e-09	38521791	2596	2865	2330	3084	2403	2602	1874	1981	1728	1651	1673	1409	1611	1077	672	874	599	1130	389	624	452	263	1810
ACT->G	C->G	48463	2.87524416172254e-09	38521791	3241	3868	3072	3915	3195	3334	2661	2872	2672	2236	2242	1918	2096	1430	1063	1462	796	1425	614	913	588	408	2442
ACT->T	C->T	150556	8.93228359805004e-09	38521791	10861	12131	9858	12673	10044	11209	8033	7792	6919	7128	7129	6281	7219	4465	2830	3379	2652	4823	1821	3055	1941	1157	7156
TCT->T	C->T	139002	5.89369093255683e-09	53901965	10641	11112	8701	11144	9123	10080	7444	7109	6202	6597	6387	5863	6492	4102	2561	3240	2716	4264	1860	2889	1796	1153	7526
TCT->G	C->G	71757	3.0424999658097e-09	53901965	4977	5968	4531	5511	4568	4869	3949	4143	4065	3356	3327	2953	3025	2105	1530	2143	1262	2003	954	1491	875	678	3474
TCT->A	C->A	57071	2.41981291788572e-09	53901965	4118	4504	3803	5072	3943	4236	2961	2976	2552	2557	2667	2420	2846	1663	1008	1198	889	1784	588	988	748	387	3163
GCT->T	C->T	113436	7.97562266111953e-09	32505527	8582	8775	7031	9298	7364	8394	5997	5753	4964	5562	5367	4921	5063	3348	2063	2834	2269	3388	1534	2550	1498	1147	5734
GCT->G	C->G	29192	2.05247343632887e-09	32505527	2159	2415	1755	2108	1731	1962	1606	1738	1637	1423	1288	1120	1175	911	699	951	593	829	461	636	326	382	1287
GCT->A	C->A	26742	1.88021528618479e-09	32505527	1993	2106	1631	2148	1724	1842	1444	1466	1283	1332	1287	1051	1219	775	545	718	502	816	385	551	354	270	1300
CCT->T	C->T	141265	7.83422607134298e-09	41210642	10961	11152	8662	11127	8947	10070	7502	7292	6091	7208	6669	5857	6157	4144	2792	3643	3062	4167	2129	3306	1799	1660	6868
CCT->G	C->G	36749	2.03801347747696e-09	41210642	2569	3061	2209	2607	2278	2456	2053	2123	1994	1853	1659	1480	1389	1126	853	1256	766	1046	571	841	424	462	1673
CCT->A	C->A	33271	1.84513174260894e-09	41210642	2423	2583	2091	2761	2198	2296	1726	1775	1601	1657	1586	1422	1439	987	672	861	621	954	473	763	409	334	1639
TAT->T	A->T	45317	1.97913255706916e-09	52330776	3277	3754	2906	4004	3040	3129	2381	2371	2109	2074	2122	1820	2305	1311	794	969	805	1404	554	754	585	279	2570
TAT->G	A->G	234172	1.02270103747821e-08	52330776	16460	19171	15737	20556	16603	16945	12436	12221	10955	10417	10738	9642	12000	7038	4292	4699	3756	7441	2188	4248	3073	1566	11990
TAT->C	A->C	35190	1.53685536737347e-09	52330776	2492	2723	2337	3227	2446	2506	1762	1806	1647	1588	1711	1468	1748	1028	592	674	581	1113	350	607	477	239	2068
GAT->T	A->T	38062	2.66513843412695e-09	32639443	2753	2993	2449	3279	2631	2749	1963	2029	1659	1758	1826	1524	1929	1124	638	878	678	1194	432	769	491	277	2039
GAT->G	A->G	80712	5.65153311164033e-09	32639443	5914	6386	5019	6490	5447	5937	4272	4085	3769	3903	3821	3347	3777	2415	1532	2007	1548	2534	1068	1699	1071	738	3933
GAT->C	A->C	17939	1.25610630996278e-09	32639443	1323	1442	1111	1444	1216	1324	924	906	796	889	860	755	837	512	374	447	322	566	258	380	231	166	856
CAT->T	A->T	42313	2.13975404689809e-09	45194009	3079	3414	2741	3573	2810	3024	2214	2269	1976	2122	1990	1778	1995	1224	738	964	687	1392	485	841	541	361	2095
CAT->G	A->G	235971	1.19329733699003e-08	45194009	17360	19149	15116	18733	15841	16763	12878	12228	11031	11518	10834	9906	11002	6956	4653	5649	4580	7455	3071	5372	3056	2282	10538
CAT->C	A->C	36853	1.86364370028916e-09	45194009	2648	2981	2336	2957	2456	2685	2050	1967	1716	1792	1809	1525	1661	1084	715	936	653	1105	437	759	461	318	1802
CAA->C	A->C	38664	1.89411633164649e-09	46652083	2896	3083	2551	3091	2576	2688	2089	1987	1879	1903	1816	1605	1805	1119	787	901	725	1120	522	786	535	318	1882
CAA->G	A->G	97426	4.77281651476802e-09	46652083	7331	8024	6024	7532	6369	7031	5205	4838	4498	4779	4387	4128	4439	2804	2002	2395	1955	3032	1627	2219	1237	1055	4515
CAA->T	A->T	18064	8.84939929000159e-10	46652083	1281	1527	1185	1619	1188	1333	966	914	851	832	964	696	817	499	342	397	310	553	180	336	227	148	899
CAC->C	A->C	34186	2.21813081569239e-09	35223462	2901	2908	1956	2460	1951	2228	1869	1718	1608	1672	1491	1370	1426	993	767	1054	812	980	624	751	490	419	1738
CAC->G	A->G	109848	7.12739817007481e-09	35223462	8227	8675	6354	7941	6719	7784	6026	5549	4966	5870	4948	4673	4712	3167	2427	3024	2519	3318	2277	2802	1500	1483	4887
CAC->T	A->T	22188	1.4396503404488e-09	35223462	1603	1774	1356	1710	1442	1579	1191	1183	973	1080	1045	927	960	654	455	650	458	649	316	498	285	268	1132
CAG->C	A->C	28583	1.39225428965655e-09	46920232	2178	2314	1639	2122	1716	1927	1551	1552	1405	1453	1348	1225	1235	870	623	815	624	919	470	688	398	359	1152
CAG->G	A->G	138653	6.75367295328515e-09	46920232	10748	10981	8317	9718	8421	9681	7748	6639	6257	7205	6273	5769	5859	4185	2985	3853	3557	4213	2977	3492	1745	1948	6082
CAG->T	A->T	24587	1.19761243465646e-09	46920232	1862	1912	1420	1947	1603	1746	1317	1321	1163	1268	1120	1018	1144	714	492	630	511	725	402	560	314	287	1111
CCA->A	C->A	41373	2.17890687509632e-09	43395955	3064	3285	2589	3248	2670	3009	2177	2154	1899	2065	2017	1734	1845	1261	853	1017	732	1203	613	875	500	424	2139
CCA->G	C->G	27234	1.43427718164922e-09	43395955	1975	2193	1635	1997	1752	1854	1541	1432	1350	1386	1266	1128	1115	845	608	797	616	781	478	616	305	332	1232
CCA->T	C->T	114583	6.03450768542676e-09	43395955	8601	9020	6956	8740	7252	8401	6120	6005	5382	5770	5278	4725	5031	3369	2273	3064	2474	3401	1790	2769	1464	1307	5391
CCC->A	C->A	36059	2.78449934380548e-09	29596303	2636	2950	2064	2635	2246	2461	1924	1930	1694	1886	1755	1461	1405	1156	789	1124	803	1036	614	873	463	468	1686
CCC->G	C->G	31688	2.44696789169161e-09	29596303	2462	2675	1867	2076	1891	2071	1742	1659	1607	1641	1399	1304	1227	995	706	1037	760	942	629	875	354	487	1282
CCC->T	C->T	107837	8.32724301111931e-09	29596303	8479	8482	6305	7711	6749	7366	5613	5518	4914	5677	5069	4529	4274	3325	2303	3038	2599	3142	1912	2898	1342	1591	5001
CCG->A	C->A	15675	6.56514975947938e-09	5456747	1204	1181	889	1079	895	1090	864	779	704	858	746	654	659	483	353	499	391	516	326	400	213	217	675
CCG->G	C->G	11860	4.96731586267467e-09	5456747	916	951	595	749	637	780	669	560	556	641	500	478	510	338	266	409	412	354	349	334	152	247	457
CCG->T	C->T	238131	9.973624736042e-08	5456747	19109	18819	13324	15509	14138	16113	13446	11547	10854	12880	10774	10109	9208	7124	5145	7345	6621	6930	5618	6532	3191	3915	9880
TCG->T	C->T	166959	8.02372211335672e-08	4755595	12908	13121	9920	12086	10296	11388	9404	8240	7523	8938	7656	7226	7058	5009	3454	4608	3960	5097	3120	4226	2164	2236	7321
TCG->G	C->G	14230	6.83865893261616e-09	4755595	1096	1123	860	1007	785	955	792	724	665	730	645	593	562	407	328	471	327	403	326	340	178	225	688
TCG->A	C->A	10880	5.22871463013801e-09	4755595	735	868	652	883	650	733	552	512	495	587	523	469	511	316	241	307	210	368	193	243	158	154	520
GCG->T	C->T	200470	9.89591391054814e-08	4629823	15391	15797	11336	13518	11988	13449	11201	9907	8980	10633	9256	8774	8055	6005	4300	5913	5496	5947	4674	5333	2720	3113	8684
GCG->G	C->G	13295	6.56288598996047e-09	4629823	1039	1002	715	914	740	943	732	648	671	686	572	508	486	406	329	443	335	382	339	342	194	232	637
GCG->A	C->A	17713	8.74376829937343e-09	4629823	1348	1382	1008	1272	979	1220	983	879	828	1035	833	704	705	507	377	534	448	557	384	504	225	291	710
TAG->T	A->T	15225	1.1062730923419e-09	31453274	1063	1262	975	1356	1037	1061	797	819	719	699	707	616	689	448	284	328	244	510	170	271	237	100	833
TAG->G	A->G	79248	5.7582876861682e-09	31453274	5905	6336	5138	6454	5199	5944	4199	3966	3643	3729	3746	3290	3698	2377	1583	1902	1459	2437	1036	1662	1009	755	3781
TAG->C	A->C	14003	1.01748059849351e-09	31453274	1004	1102	913	1219	935	1020	776	705	674	653	624	589	657	411	266	327	249	436	170	284	207	132	650
GAG->T	A->T	20336	1.17938025408608e-09	39407836	1491	1646	1243	1525	1255	1427	1102	1067	960	990	964	791	859	624	428	566	457	601	339	458	289	221	1033
GAG->G	A->G	66156	3.83669748668957e-09	39407836	5240	5340	3905	4763	4050	4707	3465	3279	3091	3398	3110	2847	2751	2007	1327	1838	1518	1952	1181	1557	849	908	3073
GAG->C	A->C	20121	1.16691139321726e-09	39407836	1572	1549	1209	1497	1263	1464	1111	1001	935	1029	940	846	851	595	431	578	483	569	379	450	228	277	864
GAA->C	A->C	29155	1.38127544042222e-09	48239596	2087	2381	1855	2536	1962	2049	1607	1542	1404	1426	1384	1266	1333	902	533	648	507	867	339	563	359	266	1339
GAA->G	A->G	74617	3.53512706355633e-09	48239596	5486	5950	4661	6092	4906	5528	3980	3742	3243	3757	3450	3277	3448	2231	1496	1811	1461	2193	951	1641	1011	714	3588
GAA->T	A->T	18051	8.55201611218025e-10	48239596	1251	1473	1167	1572	1253	1375	970	905	856	821	899	736	853	541	349	422	291	558	159	338	253	134	875
GAC->C	A->C	16240	1.66561064197813e-09	22283502	1272	1324	971	1189	984	1159	842	860	774	832	740	668	673	493	381	439	335	471	291	397	197	225	723
GAC->G	A->G	54701	5.61025663342645e-09	22283502	4150	4107	3374	4333	3551	3848	2929	2806	2341	2799	2513	2191	2395	1610	1092	1440	1149	1719	900	1282	744	668	2760
GAC->T	A->T	18234	1.87011973188603e-09	22283502	1391	1457	1151	1446	1131	1265	1003	954	835	896	859	794	820	562	360	474	357	557	245	378	217	163	919
GCA->A	C->A	46636	3.13787127593301e-09	33966991	3448	3739	2938	3899	3067	3380	2507	2485	1985	2383	2258	1996	2092	1333	858	1093	851	1395	586	964	611	412	2356
GCA->G	C->G	25375	1.70733947222747e-09	33966991	1918	2098	1507	1894	1505	1682	1419	1461	1300	1217	1198	1011	1087	741	590	794	516	738	378	553	330	277	1161
GCA->T	C->T	97672	6.57179353424241e-09	33966991	7136	7796	6119	7530	6213	7109	5197	5076	4494	4935	4687	4071	4380	2899	1933	2515	1956	3005	1312	2248	1289	1018	4754
GCC->A	C->A	36724	3.16992671987097e-09	26477176	2829	2956	2218	2740	2325	2470	2015	1956	1679	1926	1733	1563	1570	1043	728	1031	825	1086	618	948	460	446	1559
GCC->G	C->G	25676	2.21629012251953e-09	26477176	2072	2132	1530	1761	1498	1630	1518	1414	1279	1297	1175	1029	1044	804	593	882	606	679	447	628	334	327	997
GCC->T	C->T	98394	8.49313173061171e-09	26477176	7659	7678	5799	7227	6108	6791	5333	5088	4488	5039	4825	4126	4001	2899	1984	2696	2316	2877	1775	2427	1326	1279	4653
TCC->T	C->T	127445	8.01214815628803e-09	36353375	9637	10372	7734	9666	8244	8938	6820	6383	5637	6487	6060	5524	5575	3981	2546	3246	2718	3728	1858	2982	1563	1350	6396
TCC->G	C->G	33796	2.12466992890981e-09	36353375	2327	2752	2129	2420	2179	2254	1929	1926	1731	1709	1561	1288	1437	1117	763	1148	717	913	499	710	436	404	1447
TCC->A	C->A	33984	2.13648901834746e-09	36353375	2486	2759	2088	2747	2293	2392	1783	1858	1608	1673	1542	1408	1485	958	689	891	617	1051	455	833	425	330	1613
TAC->T	A->T	14798	1.23455589370548e-09	27394487	1111	1204	988	1242	980	1065	791	799	679	727	705	594	771	426	246	325	244	442	151	275	198	90	745
TAC->G	A->G	78323	6.53426958120652e-09	27394487	5634	6244	5069	6710	5358	5758	4206	4009	3558	3565	3658	3250	3795	2319	1486	1827	1377	2474	900	1636	1025	632	3833
TAC->C	A->C	17155	1.43119383406659e-09	27394487	1389	1367	1127	1389	1076	1248	941	892	826	777	777	704	794	465	354	429	307	479	234	368	226	142	844
TAA->C	A->C	31015	1.3780601265148e-09	51436869	2202	2508	2079	2784	2105	2300	1634	1623	1542	1403	1482	1382	1570	876	540	643	437	970	312	552	407	200	1464
TAA->G	A->G	92888	4.12720454720964e-09	51436869	6643	7440	6255	8132	6463	6889	5117	4832	4236	4222	4215	3699	4854	2792	1834	1959	1548	2862	984	1770	1246	655	4241
TAA->T	A->T	48346	2.14811203857761e-09	51436869	3553	3774	3159	4214	3240	3477	2576	2431	2230	2351	2121	2063	2395	1441	944	1004	935	1506	676	936	676	319	2325
TCA->A	C->A	39210	1.88420700744475e-09	47559703	2754	3102	2536	3500	2700	2859	2081	1989	1799	1875	1932	1588	1914	1174	719	878	652	1188	431	697	507	286	2049
TCA->G	C->G	40000	1.92216986222367e-09	47559703	2704	3246	2547	3138	2478	2735	2349	2240	2202	1875	1878	1640	1743	1190	898	1166	716	1158	571	772	490	352	1912
TCA->T	C->T	112542	5.4081210158594e-09	47559703	8256	8922	7181	9448	7531	8320	6102	5793	5109	5601	5198	4889	5310	3298	2103	2655	2011	3482	1433	2326	1415	930	5229
