Context	X1mer	Count	Rate	context_in_genome	chr1	chr2	chr3	chr4	chr5	chr6	chr7	chr8	chr9	chr10	chr11	chr12	chr13	chr14	chr15	chr16	chr17	chr18	chr19	chr20	chr21	chr22	chrX
AAA->C	A->C	10675	1.53223566003192e-09	94426158	499	543	569	600	589	530	669	706	623	597	574	531	612	401	252	293	220	372	172	223	159	75	866
AAA->G	A->G	18738	2.68955801383402e-09	94426158	867	899	975	969	1020	925	1268	1214	1122	1033	1012	968	1092	644	455	588	435	674	282	439	264	157	1436
AAA->T	A->T	6372	9.14604742456524e-10	94426158	255	294	318	374	327	343	413	443	400	346	350	324	396	224	139	187	131	224	105	140	89	52	498
AAC->C	A->C	3391	1.29876124293671e-09	35387385	134	173	204	153	167	185	228	230	219	169	172	170	197	116	71	107	88	120	54	83	49	34	268
AAC->G	A->G	13944	5.34058589546135e-09	35387385	652	674	697	773	755	784	884	917	762	816	768	659	759	468	308	447	273	532	191	365	215	115	1130
AAC->T	A->T	3991	1.52856270143332e-09	35387385	159	195	211	238	219	218	239	284	226	220	193	224	241	117	94	99	93	164	59	92	51	26	329
AAG->C	A->C	4904	1.37445849246951e-09	48358056	254	220	264	258	284	240	309	332	287	281	288	230	299	179	108	145	89	201	59	119	70	53	335
AAG->G	A->G	13165	3.68979324089746e-09	48358056	636	680	674	612	636	709	851	851	789	768	712	650	794	431	335	431	300	486	197	361	205	135	922
AAG->T	A->T	3187	8.9322985634183e-10	48358056	140	151	181	169	175	167	184	195	203	185	183	160	178	121	78	90	51	131	46	80	55	33	231
AAT->C	A->C	5467	1.18397495861416e-09	62583026	271	250	306	304	302	294	349	379	303	295	283	259	341	206	137	152	112	204	67	122	82	45	404
AAT->G	A->G	33618	7.28056889677901e-09	62583026	1545	1693	1802	1777	1824	1741	2140	2335	1972	1924	1818	1650	2079	1236	801	986	685	1289	392	780	516	253	2380
AAT->T	A->T	6906	1.49561570590624e-09	62583026	296	330	363	387	396	375	429	486	386	365	360	324	425	262	130	176	128	271	91	150	121	57	598
ACA->A	C->A	10397	2.87182535012668e-09	49068188	465	501	541	566	524	561	651	668	627	594	605	488	548	347	242	320	180	412	126	260	155	91	925
ACA->G	C->G	8078	2.23127875140168e-09	49068188	355	429	447	398	411	394	503	632	542	410	439	382	412	303	201	297	173	286	120	182	97	69	596
ACA->T	C->T	32435	8.95908966349513e-09	49068188	1485	1637	1652	1705	1716	1711	2021	2129	1867	1774	1859	1663	1824	1168	775	1007	744	1193	450	886	503	360	2306
ACC->A	C->A	12103	6.02349520883888e-09	27232936	619	584	600	589	643	557	775	811	656	662	702	610	605	385	308	383	287	473	193	370	171	129	991
ACC->G	C->G	4686	2.33215719644873e-09	27232936	204	284	246	203	219	204	309	344	278	264	248	221	217	160	125	162	109	161	95	140	72	65	356
ACC->T	C->T	24618	1.22520371024701e-08	27232936	1302	1188	1182	1192	1218	1223	1572	1580	1413	1433	1416	1160	1238	881	577	847	650	899	454	718	371	316	1788
ACG->A	C->A	2203	5.46181858605013e-09	5466725	135	102	81	105	93	96	150	145	109	149	128	109	129	74	46	88	58	92	42	54	33	31	154
ACG->G	C->G	1535	3.80567023585427e-09	5466725	64	92	75	74	71	73	113	86	106	93	65	78	69	56	42	65	35	54	33	40	28	26	97
ACG->T	C->T	50212	1.24488803832387e-07	5466725	2523	2554	2335	2289	2316	2259	3201	3203	2764	3180	2711	2597	2587	1741	1248	1836	1419	1892	1001	1537	755	749	3515
ACT->A	C->A	6236	2.19406574606208e-09	38521791	306	312	330	331	304	327	361	454	383	345	371	310	315	218	125	210	124	229	71	128	94	52	536
ACT->G	C->G	8360	2.94137101300177e-09	38521791	374	465	410	424	448	390	529	648	548	447	424	397	421	285	208	319	185	300	127	209	112	72	618
ACT->T	C->T	24160	8.50042149211994e-09	38521791	1212	1188	1295	1267	1264	1209	1536	1601	1370	1407	1328	1245	1350	850	547	717	581	903	381	607	349	187	1766
TCT->T	C->T	25265	6.35279302576315e-09	53901965	1261	1219	1325	1330	1316	1281	1551	1750	1375	1419	1460	1298	1401	919	580	750	614	915	368	648	386	234	1865
TCT->G	C->G	13200	3.31909233881154e-09	53901965	610	721	663	671	637	612	820	954	948	722	701	703	581	451	364	489	266	424	217	347	188	145	966
TCT->A	C->A	10801	2.71587245087147e-09	53901965	515	540	555	650	598	578	653	743	607	570	579	557	655	338	231	295	205	423	117	236	175	70	911
GCT->T	C->T	21189	8.83493280648055e-09	32505527	1160	1001	1064	1101	1020	1113	1296	1397	1152	1208	1187	1117	1078	712	461	724	560	742	327	571	289	262	1647
GCT->G	C->G	4984	2.0781209640615e-09	32505527	252	256	265	245	214	239	318	332	346	254	264	216	241	170	161	206	130	177	97	151	61	66	323
GCT->A	C->A	5143	2.14441735918304e-09	32505527	247	258	261	270	223	271	319	366	334	285	281	225	280	162	135	184	107	172	92	133	79	71	388
CCT->T	C->T	26314	8.65421123679343e-09	41210642	1413	1256	1315	1355	1235	1330	1549	1692	1463	1521	1496	1274	1305	919	691	893	733	914	510	798	393	332	1927
CCT->G	C->G	7493	2.46431575576853e-09	41210642	352	406	347	322	307	387	485	551	476	458	399	363	332	271	209	311	207	244	151	211	84	100	520
CCT->A	C->A	5512	1.81279973919607e-09	41210642	291	263	260	281	270	264	317	383	318	331	311	270	264	182	128	200	137	192	90	160	85	61	454
TAT->T	A->T	6511	1.68632206200922e-09	52330776	297	314	338	376	352	357	413	465	391	327	354	324	431	200	143	163	121	227	64	139	113	39	563
TAT->G	A->G	40255	1.04258784528e-08	52330776	1854	1951	2231	2281	2427	2040	2637	2746	2391	2138	2176	2078	2492	1363	879	1040	758	1568	391	885	601	265	3063
TAT->C	A->C	4070	1.05411316116994e-09	52330776	186	189	237	225	244	212	247	278	243	213	195	206	226	138	98	90	71	173	43	88	81	27	360
GAT->T	A->T	7561	3.13968805442788e-09	32639443	372	365	394	387	432	404	455	561	414	403	384	354	443	261	160	227	156	301	110	191	112	72	603
GAT->G	A->G	12430	5.16152923112532e-09	32639443	623	620	613	662	633	605	802	850	719	703	703	674	712	427	277	355	255	483	188	306	176	127	917
GAT->C	A->C	2458	1.02067890990394e-09	32639443	126	128	124	134	144	131	166	153	121	144	140	116	133	81	59	77	59	90	43	63	35	19	172
CAT->T	A->T	7977	2.3922619113552e-09	45194009	391	414	403	428	411	415	495	527	453	469	464	423	427	269	158	245	159	330	94	201	124	74	603
CAT->G	A->G	37046	1.11099078310223e-08	45194009	1823	1768	2040	1843	2024	1877	2445	2460	2202	2032	1991	1911	2106	1321	903	1088	858	1405	454	981	591	328	2595
CAT->C	A->C	6222	1.86594629716084e-09	45194009	306	333	313	328	337	323	440	413	353	344	352	314	349	204	131	203	118	241	75	153	96	66	430
CAA->C	A->C	6495	1.88694011410492e-09	46652083	372	326	331	299	390	321	391	453	376	388	376	330	373	222	157	172	145	220	88	143	97	49	476
CAA->G	A->G	12827	3.72652514913377e-09	46652083	622	647	681	691	684	658	794	806	696	712	709	644	758	410	314	422	277	517	201	354	219	126	885
CAA->T	A->T	3120	9.06428507468414e-10	46652083	151	173	176	186	162	139	205	188	202	161	192	147	172	91	62	77	63	125	36	66	47	31	268
CAC->C	A->C	4805	1.84889119517634e-09	35223462	234	248	239	223	195	206	334	328	265	251	263	225	270	171	134	194	142	165	100	155	72	52	339
CAC->G	A->G	13090	5.03683366178112e-09	35223462	620	636	653	613	607	674	874	855	696	799	745	665	697	449	368	437	316	504	238	403	221	154	866
CAC->T	A->T	3675	1.41408431681021e-09	35223462	189	192	165	183	192	221	238	267	203	194	198	172	158	113	96	128	91	122	58	105	65	48	277
CAG->C	A->C	5656	1.63380135277665e-09	46920232	315	274	244	260	254	274	382	379	333	336	298	318	295	220	147	185	133	219	100	168	101	81	340
CAG->G	A->G	18376	5.30812122677222e-09	46920232	954	925	853	823	903	870	1186	1151	1024	1188	1016	907	956	640	464	606	550	725	386	563	267	233	1186
CAG->T	A->T	4070	1.17566681502846e-09	46920232	211	188	193	184	216	197	245	283	244	240	215	245	236	105	90	135	113	119	78	112	63	50	308
CCA->A	C->A	7083	2.21216742553369e-09	43395955	343	359	361	360	362	357	431	475	406	433	349	353	361	230	174	228	178	230	107	198	114	91	583
CCA->G	C->G	5598	1.74837120544086e-09	43395955	288	313	246	248	277	282	327	357	352	339	349	253	284	202	143	194	148	194	103	158	76	79	386
CCA->T	C->T	21393	6.68147645551916e-09	43395955	1109	1084	1047	1042	968	1035	1285	1442	1213	1222	1195	1035	1032	765	551	784	605	770	402	672	321	271	1543
CCC->A	C->A	6508	2.98030067226422e-09	29596303	337	331	303	293	304	284	364	446	388	375	408	319	291	247	167	257	170	239	137	175	108	83	482
CCC->G	C->G	6608	3.02609508947787e-09	29596303	377	359	311	283	272	288	396	451	461	397	316	301	300	252	156	269	197	242	162	235	99	103	381
CCC->T	C->T	21461	9.82793987822102e-09	29596303	1160	1056	1006	997	939	976	1258	1362	1166	1316	1262	1027	991	790	544	794	665	716	444	738	301	389	1564
CCG->A	C->A	1762	4.37645116881352e-09	5456747	100	86	78	77	73	77	132	94	97	122	100	63	71	57	52	77	62	71	43	60	25	38	107
CCG->G	C->G	1775	4.40874053612031e-09	5456747	109	78	62	55	78	73	127	112	90	115	85	98	89	55	49	78	75	63	60	63	26	36	99
CCG->T	C->T	42926	1.06619490847043e-07	5456747	2554	2132	1799	1661	1788	1831	2790	2621	2378	2717	2405	2080	1827	1483	1141	1812	1526	1482	1197	1468	695	854	2685
TCG->T	C->T	31320	8.92620574663953e-08	4755595	1631	1563	1507	1355	1428	1440	2047	1934	1700	1971	1744	1619	1592	1117	797	1136	943	1106	715	1016	470	486	2003
TCG->G	C->G	1652	4.70820303111383e-09	4755595	79	66	83	77	74	69	105	97	97	115	95	77	73	62	34	71	42	68	52	56	22	25	113
TCG->A	C->A	1590	4.53150291735532e-09	4755595	81	85	62	80	74	75	87	92	88	93	86	88	93	53	42	61	46	58	38	46	16	28	118
GCG->T	C->T	35598	1.04210435782031e-07	4629823	1931	1746	1557	1436	1515	1619	2292	2258	1922	2189	1916	1832	1642	1175	942	1474	1273	1192	1001	1163	549	674	2300
GCG->G	C->G	1076	3.14990811004735e-09	4629823	62	65	49	40	46	51	57	63	60	79	61	39	36	36	29	46	38	34	35	34	21	22	73
GCG->A	C->A	2705	7.91868163352981e-09	4629823	144	134	133	119	106	123	186	177	145	175	136	121	130	88	71	94	80	110	80	93	41	60	159
TAG->T	A->T	2380	1.0255600625872e-09	31453274	104	122	124	149	120	115	127	143	150	123	131	136	131	93	56	69	44	94	23	42	44	17	223
TAG->G	A->G	11950	5.14934569240212e-09	31453274	595	602	651	602	658	633	741	786	667	679	646	629	708	412	289	372	239	454	153	276	168	97	893
TAG->C	A->C	2424	1.04451999651738e-09	31453274	131	107	134	151	115	129	144	157	145	134	130	116	133	84	58	67	56	84	34	65	49	28	173
GAG->T	A->T	3373	1.16006882352836e-09	39407836	178	163	154	164	149	173	215	219	207	190	210	144	163	115	86	117	83	123	64	112	59	45	240
GAG->G	A->G	9060	3.11598681920157e-09	39407836	474	492	426	457	400	465	548	578	548	554	497	500	444	319	222	301	246	313	181	248	120	120	607
GAG->C	A->C	3464	1.19136626288237e-09	39407836	183	192	159	170	171	172	229	235	215	190	174	179	169	131	101	120	108	111	60	85	41	54	215
GAA->C	A->C	3999	1.1235638135955e-09	48239596	206	203	214	230	204	201	287	288	267	203	204	213	208	144	90	119	80	167	27	85	41	47	271
GAA->G	A->G	10326	2.90120528611831e-09	48239596	493	481	571	541	564	561	628	652	558	613	578	578	564	378	251	309	242	319	132	266	183	99	765
GAA->T	A->T	3275	9.20147909358654e-10	48239596	153	170	179	202	169	173	201	207	177	194	196	156	194	104	63	96	70	119	34	85	50	29	254
GAC->C	A->C	1642	9.98710716519935e-10	22283502	79	88	90	67	82	92	115	104	101	87	91	92	83	44	46	45	42	47	30	47	21	34	115
GAC->G	A->G	7172	4.36221270333799e-09	22283502	366	339	358	368	362	328	446	469	370	406	401	384	354	234	167	246	175	290	119	196	114	91	589
GAC->T	A->T	3321	2.01992587671297e-09	22283502	177	175	172	178	142	146	218	224	168	190	190	178	177	113	79	114	76	122	55	89	43	28	267
GCA->A	C->A	8791	3.50777077355222e-09	33966991	422	433	463	483	467	401	540	614	452	542	491	435	462	279	188	262	177	319	127	268	132	98	736
GCA->G	C->G	3882	1.54898943725739e-09	33966991	190	216	175	194	160	178	254	270	253	226	239	158	209	136	107	118	90	152	63	102	70	47	275
GCA->T	C->T	18118	7.22941541067217e-09	33966991	946	891	885	882	855	872	1160	1232	1030	1100	1035	886	925	654	433	591	459	651	296	508	266	243	1318
GCC->A	C->A	7888	4.03780406580416e-09	26477176	428	420	353	380	359	385	521	483	438	480	456	407	369	270	181	302	208	291	168	236	115	128	510
GCC->G	C->G	4341	2.22212315538234e-09	26477176	234	235	206	201	171	206	300	301	258	247	237	201	194	163	131	182	122	141	84	134	66	54	273
GCC->T	C->T	20082	1.02798150671246e-08	26477176	1088	964	931	940	876	972	1231	1300	1115	1229	1163	1042	907	699	506	718	575	697	461	604	288	312	1464
TCC->T	C->T	30482	1.13644578894345e-08	36353375	1528	1473	1457	1406	1470	1515	1922	1939	1633	1856	1751	1611	1566	1103	776	1036	815	1089	511	891	438	398	2298
TCC->G	C->G	6383	2.37974328155174e-09	36353375	279	339	307	325	307	297	418	459	399	381	351	279	312	237	172	282	168	180	120	172	94	70	435
TCC->A	C->A	7076	2.63811114840359e-09	36353375	356	366	342	366	347	337	448	492	422	404	393	342	362	200	168	237	180	274	110	185	123	84	538
TAC->T	A->T	2337	1.15623348265511e-09	27394487	115	125	116	132	113	119	159	167	140	149	152	106	138	73	50	68	49	74	21	47	32	15	177
TAC->G	A->G	12557	6.21259043290551e-09	27394487	599	585	646	711	719	660	786	804	726	702	719	615	754	412	266	377	273	475	152	295	194	114	973
TAC->C	A->C	1812	8.9648911877238e-10	27394487	88	92	99	106	85	91	110	107	124	107	97	99	100	49	48	58	45	60	28	46	28	13	132
TAA->C	A->C	4575	1.20549822396912e-09	51436869	228	225	258	250	255	233	313	299	302	234	235	237	272	167	101	127	81	176	62	83	63	37	337
TAA->G	A->G	15539	4.0944780114221e-09	51436869	715	792	865	810	870	826	1054	1022	888	863	804	749	1006	552	361	450	318	589	174	327	271	106	1127
TAA->T	A->T	5982	1.57623833350454e-09	51436869	291	282	311	322	338	321	393	369	362	343	312	318	346	187	137	177	136	221	90	154	88	31	453
TCA->A	C->A	6887	1.96264137674916e-09	47559703	323	325	382	406	382	360	412	435	365	377	418	348	383	244	129	201	139	267	74	163	112	62	580
TCA->G	C->G	6995	1.99341896767248e-09	47559703	307	397	357	347	326	333	496	497	457	387	379	327	383	231	184	256	157	239	108	163	95	67	502
TCA->T	C->T	21392	6.09624282436737e-09	47559703	1085	1093	1095	1148	1107	1043	1330	1435	1226	1215	1236	1130	1177	688	500	685	483	776	302	542	289	213	1594
