Context	X1mer	Count	Rate	context_in_genome	chr1	chr2	chr3	chr4	chr5	chr6	chr7	chr8	chr9	chr10	chr11	chr12	chr13	chr14	chr15	chr16	chr17	chr18	chr19	chr20	chr21	chr22	chrX
AAA->C	A->C	20350	1.56324419824948e-09	94426158	1408	1728	1351	1732	1431	1317	1056	1099	946	937	868	819	1018	582	364	455	392	597	226	367	265	138	1254
AAA->G	A->G	35106	2.69676908224798e-09	94426158	2474	2916	2386	2864	2396	2366	1895	1895	1733	1579	1527	1416	1682	993	690	807	644	1060	374	701	430	238	2040
AAA->T	A->T	12146	9.33030173559619e-10	94426158	805	1029	813	969	853	820	595	647	584	552	601	462	601	318	228	284	217	345	127	227	181	80	808
AAC->C	A->C	6233	1.27762495901061e-09	35387385	447	515	390	538	401	442	332	325	287	282	291	283	271	200	122	152	101	175	69	114	78	43	375
AAC->G	A->G	26423	5.41612133674594e-09	35387385	1913	2251	1674	2158	1801	1777	1285	1372	1182	1228	1188	1053	1224	759	480	641	493	810	284	581	391	208	1670
AAC->T	A->T	7491	1.53548669468129e-09	35387385	503	601	509	611	506	520	354	427	333	339	342	297	370	204	122	165	130	224	72	126	92	39	605
AAG->C	A->C	9355	1.403232676865e-09	48358056	678	824	604	713	626	585	488	502	452	420	423	393	482	244	180	225	199	283	94	207	122	64	547
AAG->G	A->G	25149	3.77230343030229e-09	48358056	1916	2096	1682	1960	1724	1685	1261	1319	1196	1145	1169	1071	1119	718	524	607	469	720	286	520	305	190	1467
AAG->T	A->T	6243	9.36438439515575e-10	48358056	428	501	407	493	467	395	345	350	294	260	324	249	309	171	115	151	88	188	68	118	82	43	397
AAT->C	A->C	9987	1.157532578944e-09	62583026	698	828	620	824	706	681	579	520	493	459	417	404	494	261	187	210	183	325	114	187	131	56	610
AAT->G	A->G	64444	7.46931305872308e-09	62583026	4523	5490	4325	5337	4487	4331	3454	3409	3155	2981	2883	2604	3141	1895	1155	1416	1060	1937	513	1256	858	394	3840
AAT->T	A->T	13186	1.52830926063439e-09	62583026	942	1065	863	1116	956	843	665	737	623	553	578	503	656	359	217	310	211	419	138	203	172	84	973
ACA->A	C->A	19311	2.85469342516433e-09	49068188	1320	1657	1301	1595	1309	1311	951	1084	860	873	934	774	835	551	359	417	309	537	211	363	270	128	1362
ACA->G	C->G	15072	2.22805340500631e-09	49068188	1041	1307	934	1149	1045	979	784	911	795	698	713	560	639	429	272	414	289	409	184	279	173	118	950
ACA->T	C->T	62279	9.20653781916055e-09	49068188	4557	5123	4068	4824	4232	4145	3239	3336	2871	2890	2900	2591	2931	1780	1203	1515	1106	1942	695	1283	786	542	3720
ACC->A	C->A	23818	6.34403480544081e-09	27232936	1722	1988	1520	1743	1544	1524	1269	1326	1066	1185	1115	1019	1035	683	415	657	492	656	360	527	293	192	1487
ACC->G	C->G	8895	2.36922451903585e-09	27232936	618	746	559	629	558	529	494	535	493	404	402	344	365	260	195	284	163	232	129	196	131	86	543
ACC->T	C->T	40889	1.08909748576568e-08	27232936	3112	3436	2626	2938	2577	2666	2114	2122	1844	1968	1937	1672	1754	1184	792	1079	891	1132	590	949	532	434	2540
ACG->A	C->A	4463	5.92180893322548e-09	5466725	335	337	272	325	273	275	211	222	173	241	182	185	174	142	98	157	98	159	74	108	76	65	281
ACG->G	C->G	2990	3.96733334311991e-09	5466725	223	255	173	192	145	208	169	143	154	147	118	112	127	95	80	104	71	84	59	82	45	41	163
ACG->T	C->T	97287	1.29086942793347e-07	5466725	7307	8285	5841	6841	6109	6069	5150	5037	4256	5162	4462	4000	4154	2807	1888	2838	2259	3080	1558	2385	1251	1173	5375
ACT->A	C->A	11940	2.24829133992266e-09	38521791	812	980	785	998	799	775	641	654	531	548	635	495	563	317	222	318	196	308	124	196	148	80	815
ACT->G	C->G	15355	2.8913327909977e-09	38521791	1047	1302	1025	1161	1065	942	886	923	891	672	663	563	650	429	306	464	260	444	159	290	158	111	944
ACT->T	C->T	44478	8.37516768987272e-09	38521791	3240	3597	2963	3490	3042	3009	2281	2446	2016	2068	2167	1783	2054	1202	866	1037	810	1307	555	913	562	369	2701
TCT->T	C->T	43184	5.8112960546722e-09	53901965	3152	3559	2779	3349	2893	2857	2196	2330	1930	1991	2011	1742	1924	1197	785	1093	823	1294	509	968	557	406	2839
TCT->G	C->G	24190	3.25526240187385e-09	53901965	1588	2101	1634	1813	1679	1499	1323	1393	1374	1079	1103	942	929	661	521	773	419	690	300	487	293	213	1376
TCT->A	C->A	20700	2.78561106733314e-09	53901965	1435	1691	1448	1700	1417	1394	1043	1115	932	899	1021	813	936	571	349	485	326	551	214	410	294	126	1530
GCT->T	C->T	40196	8.9697503877146e-09	32505527	3007	3261	2520	3005	2598	2568	2003	2168	1745	1967	1977	1672	1692	1096	750	1031	792	1235	520	953	539	355	2742
GCT->G	C->G	9345	2.08533976945947e-09	32505527	641	783	562	645	596	590	518	578	433	452	455	352	394	253	237	330	200	229	138	219	109	103	528
GCT->A	C->A	9787	2.18397221227393e-09	32505527	717	805	642	750	647	634	484	552	433	470	468	408	418	253	184	292	167	269	131	235	115	100	613
CCT->T	C->T	50444	8.87881216253859e-09	41210642	3843	4059	3186	3716	3242	3193	2625	2690	2241	2490	2333	2079	2047	1379	983	1344	1098	1503	783	1234	641	520	3215
CCT->G	C->G	14185	2.49674788925561e-09	41210642	1056	1181	889	1010	980	848	719	870	779	656	624	514	516	405	366	490	314	378	218	300	159	152	761
CCT->A	C->A	10691	1.88175760902585e-09	41210642	814	904	650	803	683	672	533	615	514	468	539	420	439	301	223	301	228	302	147	232	125	101	677
TAT->T	A->T	12219	1.69368726279866e-09	52330776	838	1035	910	1090	825	815	630	632	549	494	552	503	602	325	220	278	169	369	100	201	159	67	856
TAT->G	A->G	75857	1.05146112361173e-08	52330776	5255	6581	5159	6599	5417	5090	3981	3962	3551	3217	3513	3024	3920	2212	1275	1612	1174	2391	585	1309	1051	406	4573
TAT->C	A->C	7874	1.09142266202444e-09	52330776	524	695	521	699	568	518	372	415	387	314	357	318	401	209	137	178	141	221	71	124	115	39	550
GAT->T	A->T	15053	3.34529987514446e-09	32639443	1147	1212	983	1261	1003	983	792	780	646	709	737	564	708	431	254	358	239	471	155	289	194	104	1033
GAT->G	A->G	23616	5.24829614371962e-09	32639443	1651	1989	1564	1919	1598	1632	1288	1310	1146	1108	1106	962	1053	645	425	562	446	696	238	466	283	179	1350
GAT->C	A->C	4732	1.05161489465114e-09	32639443	331	397	307	356	316	328	271	264	213	230	197	185	215	146	95	134	106	142	49	105	50	36	259
CAT->T	A->T	15419	2.47474281586406e-09	45194009	1088	1261	1010	1258	1151	970	780	843	706	742	700	611	738	415	278	371	265	506	158	315	208	106	939
CAT->G	A->G	68771	1.1037715687774e-08	45194009	4909	5785	4539	5563	4724	4590	3651	3633	3229	3153	3092	2778	3258	1974	1378	1671	1274	2163	726	1407	889	541	3844
CAT->C	A->C	12051	1.93418027589194e-09	45194009	820	1019	789	946	828	763	649	691	606	565	526	472	547	348	221	309	248	376	142	246	158	103	679
CAA->C	A->C	11668	1.81417890334334e-09	46652083	828	946	783	929	803	777	617	620	602	534	523	461	501	332	235	298	240	340	132	211	154	90	712
CAA->G	A->G	24219	3.76564954234422e-09	46652083	1823	2069	1531	1871	1611	1645	1319	1272	1121	1113	1096	1001	1132	666	466	572	438	774	259	477	305	187	1471
CAA->T	A->T	5958	9.26369378309874e-10	46652083	403	461	381	491	410	421	309	365	276	263	283	241	276	166	101	145	101	183	55	116	69	46	396
CAC->C	A->C	8485	1.74732841328447e-09	35223462	634	673	533	607	517	583	503	456	417	421	360	336	354	207	203	263	159	243	125	192	115	84	500
CAC->G	A->G	24123	4.96768453902902e-09	35223462	1895	1953	1519	1759	1537	1605	1263	1294	1170	1176	1081	935	1083	665	488	661	537	728	350	532	305	250	1337
CAC->T	A->T	6967	1.43472446144406e-09	35223462	531	556	421	477	437	437	361	412	306	381	324	275	296	187	145	213	147	210	76	169	73	66	467
CAG->C	A->C	10196	1.57624748795265e-09	46920232	752	905	625	770	633	661	538	540	506	470	489	413	439	318	219	297	227	258	134	213	123	100	566
CAG->G	A->G	33565	5.18897086437138e-09	46920232	2615	2793	2078	2412	2258	2163	1827	1739	1523	1666	1527	1343	1444	952	749	905	782	926	569	782	376	378	1758
CAG->T	A->T	7530	1.16409803690501e-09	46920232	562	616	399	556	477	522	431	392	325	388	388	307	286	199	157	191	159	216	118	178	112	83	468
CCA->A	C->A	13750	2.29830773922034e-09	43395955	1027	1138	837	1024	907	895	666	771	642	660	669	529	584	397	254	376	270	362	173	337	171	133	928
CCA->G	C->G	10137	1.69439604018011e-09	43395955	785	873	634	641	647	597	512	606	539	514	472	370	395	285	203	363	232	265	161	228	141	119	555
CCA->T	C->T	40875	6.83224209750046e-09	43395955	3120	3288	2621	2848	2685	2558	2043	2173	1861	2078	1940	1647	1609	1172	892	1185	934	1170	659	1008	489	466	2429
CCC->A	C->A	12893	3.15988479609846e-09	29596303	1015	1068	751	856	830	755	650	727	591	682	597	525	486	383	277	392	304	373	231	301	151	169	779
CCC->G	C->G	12621	3.09322159400905e-09	29596303	1026	1066	726	821	765	764	655	703	660	646	558	510	462	375	279	418	323	359	210	311	151	201	632
CCC->T	C->T	38510	9.43823497229131e-09	29596303	3015	3137	2235	2553	2397	2422	1947	2032	1724	2010	1824	1511	1509	1068	841	1190	980	1130	664	992	486	517	2326
CCG->A	C->A	3518	4.67645487769503e-09	5456747	281	278	205	221	195	196	209	185	141	191	155	131	156	106	80	125	104	80	79	89	56	62	193
CCG->G	C->G	3508	4.66316194171523e-09	5456747	263	291	186	215	191	213	167	184	168	187	151	138	126	99	90	132	107	107	109	97	43	69	175
CCG->T	C->T	82538	1.09717234990106e-07	5456747	6564	6933	4596	5070	4824	4934	4522	4178	3748	4344	3663	3428	3127	2332	1859	2707	2439	2379	1905	2299	1095	1324	4268
TCG->T	C->T	60350	9.20507103259295e-08	4755595	4677	5020	3556	4166	3738	3797	3316	3051	2731	3269	2710	2491	2427	1714	1256	1891	1500	1688	1086	1497	748	774	3247
TCG->G	C->G	3166	4.82903974965853e-09	4755595	249	255	177	189	193	179	192	172	147	157	125	134	108	109	72	117	85	86	61	81	36	52	190
TCG->A	C->A	3177	4.84581784101869e-09	4755595	230	242	184	245	211	206	161	157	150	180	139	126	136	109	65	101	74	95	56	73	38	22	177
GCG->T	C->T	67783	1.06196726463633e-07	4629823	5281	5512	3860	4281	4116	4090	3724	3462	3046	3516	3077	2849	2553	1918	1472	2221	1917	1962	1485	1774	912	1065	3690
GCG->G	C->G	2092	3.27757036073823e-09	4629823	155	151	127	152	124	126	128	105	101	100	95	92	91	51	56	65	52	68	42	51	26	20	114
GCG->A	C->A	5035	7.88841623628919e-09	4629823	381	422	279	338	274	336	252	249	220	265	223	229	232	127	103	149	125	154	122	144	72	79	260
TAG->T	A->T	4445	1.02508679386238e-09	31453274	305	398	291	380	299	287	228	251	224	207	200	151	184	123	92	101	70	119	35	78	81	24	317
TAG->G	A->G	22250	5.13119936185329e-09	31453274	1648	1770	1469	1922	1467	1493	1126	1254	1058	1029	1034	884	1039	642	439	523	382	696	229	405	286	165	1290
TAG->C	A->C	4491	1.03569511613857e-09	31453274	355	377	310	390	292	295	223	209	220	232	200	194	210	93	77	109	72	129	58	80	58	31	277
GAG->T	A->T	6093	1.12151044453981e-09	39407836	447	479	382	451	387	352	312	303	297	301	324	263	290	158	129	189	130	168	93	154	64	58	362
GAG->G	A->G	16774	3.08751291592168e-09	39407836	1325	1400	1052	1182	1113	1039	855	913	797	809	765	742	693	475	343	421	385	472	270	405	215	159	944
GAG->C	A->C	6514	1.19900197533765e-09	39407836	493	532	388	507	414	419	387	314	302	315	284	279	285	178	136	201	116	186	107	157	73	71	370
GAA->C	A->C	7537	1.13331225440399e-09	48239596	547	687	529	603	541	507	386	364	369	346	361	330	313	178	134	182	136	210	90	155	91	54	424
GAA->G	A->G	19781	2.97439958927496e-09	48239596	1386	1656	1268	1574	1377	1321	1043	1039	879	878	985	801	987	539	354	473	352	594	221	400	302	139	1213
GAA->T	A->T	6464	9.71969007890062e-10	48239596	476	508	400	542	471	413	306	368	310	283	322	240	306	174	132	163	123	180	69	133	88	36	421
GAC->C	A->C	2991	9.73615995772124e-10	22283502	223	248	195	238	181	202	144	147	130	138	150	127	125	101	71	76	71	76	42	69	33	29	175
GAC->G	A->G	14086	4.58520726059717e-09	22283502	1043	1093	910	1171	934	905	658	722	614	760	647	577	596	391	246	384	288	386	194	348	223	126	870
GAC->T	A->T	6569	2.1383094203367e-09	22283502	471	562	405	525	417	388	351	367	294	322	297	240	299	182	108	179	142	189	93	153	87	70	428
GCA->A	C->A	16962	3.62221908272264e-09	33966991	1265	1373	1105	1381	1114	1129	856	897	723	786	797	687	695	496	305	439	316	508	214	378	229	148	1121
GCA->G	C->G	7308	1.56061649902942e-09	33966991	545	659	445	496	432	441	374	425	367	407	341	288	314	210	167	216	128	211	102	157	98	73	412
GCA->T	C->T	33565	7.16777405445027e-09	33966991	2478	2842	2003	2446	2219	2207	1744	1814	1497	1615	1620	1338	1448	932	654	899	696	983	489	790	387	356	2108
GCC->A	C->A	15162	4.15374241753163e-09	26477176	1207	1306	946	1067	961	979	767	823	665	779	729	595	620	392	321	448	333	426	253	366	190	157	832
GCC->G	C->G	8056	2.20700098375114e-09	26477176	682	640	483	543	478	444	446	451	398	381	406	337	300	226	199	265	176	248	165	201	93	99	395
GCC->T	C->T	35856	9.82301728815554e-09	26477176	2692	2863	2189	2457	2217	2281	1799	2047	1590	1814	1749	1477	1390	963	703	1077	860	1022	617	931	437	459	2222
TCC->T	C->T	43948	8.76898063377041e-09	36353375	3415	3686	2617	3132	2888	2795	2238	2346	1980	2130	2016	1842	1819	1346	911	1176	954	1289	643	1076	483	475	2691
TCC->G	C->G	12026	2.39955768412039e-09	36353375	848	1034	755	831	757	742	666	706	654	609	552	461	453	317	267	424	238	326	184	283	124	142	653
TCC->A	C->A	13537	2.70104875851802e-09	36353375	999	1162	862	1051	826	834	685	723	663	643	687	552	593	406	269	374	274	394	167	303	154	134	782
TAC->T	A->T	4464	1.18199528829797e-09	27394487	347	349	275	376	317	306	225	229	219	202	216	200	202	141	62	117	64	114	34	86	57	32	294
TAC->G	A->G	24150	6.39453096155823e-09	27394487	1735	1998	1637	2099	1677	1660	1202	1249	1128	1079	1084	963	1164	637	449	546	449	757	245	430	325	159	1478
TAC->C	A->C	3609	9.55605061708639e-10	27394487	229	320	244	319	236	222	185	190	187	164	191	131	148	109	76	98	58	97	27	65	57	26	230
TAA->C	A->C	8767	1.23632090598989e-09	51436869	555	747	599	750	644	610	478	443	442	392	422	331	437	231	171	185	133	252	70	143	120	56	556
TAA->G	A->G	29188	4.11608698574573e-09	51436869	2083	2451	1959	2553	2108	1966	1554	1522	1372	1323	1313	1156	1524	798	499	590	460	900	258	529	394	199	1677
TAA->T	A->T	11166	1.57462749358767e-09	51436869	777	977	702	921	776	791	592	562	500	491	530	430	570	320	224	245	190	356	111	169	153	70	709
TCA->A	C->A	13634	2.07940405852453e-09	47559703	932	1134	902	1167	971	898	734	713	620	606	579	551	641	388	271	351	199	404	147	250	181	107	888
TCA->G	C->G	13041	1.98896203074801e-09	47559703	879	1096	852	977	891	807	661	796	720	569	621	517	531	408	279	395	234	351	147	274	170	104	762
TCA->T	C->T	38963	5.94248352151176e-09	47559703	2842	3206	2575	2891	2662	2590	1975	2089	1801	1847	1895	1660	1774	1104	753	1005	743	1207	492	800	473	324	2255
