Context	X1mer	Count	Rate	context_in_genome	chr1	chr2	chr3	chr4	chr5	chr6	chr7	chr8	chr9	chr10	chr11	chr12	chr13	chr14	chr15	chr16	chr17	chr18	chr19	chr20	chr21	chr22	chrX
AAA->C	A->C	77902	1.68842327820171e-09	94426158	5490	6184	5019	6717	5330	5462	4137	4027	3673	3652	3650	3273	3856	2296	1495	1660	1389	2362	998	1462	1048	629	4093
AAA->G	A->G	131461	2.84924408327996e-09	94426158	9505	10579	8562	10793	8683	9452	7115	6848	6106	6270	5943	5519	6358	3885	2587	2973	2558	4137	1664	2653	1754	1079	6438
AAA->T	A->T	49528	1.07345418760461e-09	94426158	3453	3992	3170	4204	3357	3625	2672	2576	2312	2318	2401	1968	2449	1436	949	1110	874	1510	592	903	695	352	2610
AAC->C	A->C	33657	1.94648909412083e-09	35387385	2495	2625	2153	2849	2215	2434	1788	1796	1484	1657	1602	1355	1553	1003	648	826	649	971	496	702	414	308	1634
AAC->G	A->G	98108	5.67389107900308e-09	35387385	7103	7802	6191	8267	6621	7211	5111	5028	4391	4790	4508	4016	4668	2959	1811	2235	1873	3062	1193	2109	1325	850	4984
AAC->T	A->T	28725	1.66125617935707e-09	35387385	1934	2299	1851	2523	1943	2097	1461	1532	1276	1385	1357	1120	1430	861	518	640	446	870	300	542	386	202	1752
AAG->C	A->C	30205	1.27830665315457e-09	48358056	2144	2579	1908	2516	1947	2100	1634	1576	1416	1436	1391	1265	1483	923	591	734	583	959	344	623	400	262	1391
AAG->G	A->G	103804	4.39309199881003e-09	48358056	8038	8083	6503	8259	6915	7542	5464	5262	4845	5100	4730	4344	4817	3065	2162	2567	2034	3083	1399	2202	1383	1025	4982
AAG->T	A->T	27547	1.16581736051809e-09	48358056	1955	2182	1836	2359	1895	2012	1448	1483	1244	1326	1300	1074	1353	792	498	615	436	835	303	590	380	236	1395
AAT->C	A->C	37336	1.22094548362204e-09	62583026	2593	3034	2427	3236	2479	2780	2042	1938	1766	1745	1676	1499	1868	1108	698	778	619	1187	426	712	505	260	1960
AAT->G	A->G	212990	6.96510548951839e-09	62583026	14987	17792	14149	18226	14909	15366	11445	10900	10405	10040	9759	8764	10610	6426	4009	4519	3498	6523	2042	4050	2794	1531	10246
AAT->T	A->T	49663	1.62405762677098e-09	62583026	3456	3964	3220	4452	3462	3399	2620	2665	2188	2189	2271	2058	2540	1410	869	1168	850	1577	630	899	683	342	2751
ACA->A	C->A	75283	3.13994426834809e-09	49068188	5360	6168	4867	6295	4924	5486	3970	3872	3385	3555	3583	3036	3500	2245	1416	1625	1381	2262	938	1387	974	579	4475
ACA->G	C->G	60412	2.51969652032258e-09	49068188	4182	4935	3690	4715	3927	4236	3271	3447	3211	2875	2844	2351	2678	1806	1276	1686	1048	1753	782	1172	744	542	3241
ACA->T	C->T	229255	9.56189210366406e-09	49068188	16457	18315	14818	19208	15567	16914	12196	11696	10650	10870	10691	9635	11035	6795	4298	5236	3869	7167	2646	4530	3024	1897	11741
ACC->A	C->A	70264	5.28035896493932e-09	27232936	5164	5692	4397	5441	4607	4980	3758	3751	3159	3426	3428	3095	3123	2036	1326	1794	1365	2018	1034	1563	911	683	3513
ACC->G	C->G	31489	2.36640702844948e-09	27232936	2188	2562	1948	2248	1910	2057	1745	1913	1679	1551	1431	1253	1298	929	715	1045	596	863	498	705	440	351	1564
ACC->T	C->T	127602	9.58932546743975e-09	27232936	9746	10439	7952	9827	8072	9068	6721	6404	5773	6392	6018	5333	5554	3826	2556	3221	2681	3737	1881	2902	1633	1442	6424
ACG->A	C->A	19496	7.29866333935373e-09	5466725	1455	1520	1248	1567	1134	1327	1015	1015	817	1024	879	788	851	603	403	550	402	657	297	443	306	224	971
ACG->G	C->G	17540	6.56640105520437e-09	5466725	1251	1332	1000	1283	932	1144	942	943	897	918	792	722	760	536	417	598	387	529	350	443	251	271	842
ACG->T	C->T	346625	1.29765037956683e-07	5466725	25788	28243	20974	25875	22254	23901	18729	17623	15393	18392	16143	14850	15458	10349	6867	9176	7436	11212	5432	8237	4505	4172	15616
ACT->A	C->A	40141	2.13258701205659e-09	38521791	2841	3201	2617	3486	2723	2874	2171	2178	1906	1865	1940	1642	1873	1170	768	993	659	1209	425	690	506	297	2107
ACT->G	C->G	54099	2.87413927817567e-09	38521791	3618	4375	3483	4296	3595	3695	3015	3197	3008	2477	2506	2120	2346	1574	1174	1622	867	1591	635	1001	648	453	2803
ACT->T	C->T	165998	8.81904234641315e-09	38521791	11924	13321	10873	13868	11098	12292	8781	8640	7604	7839	8050	6911	7956	4830	3217	3695	2865	5236	2018	3338	2142	1356	8144
TCT->T	C->T	150618	5.71870009924941e-09	53901965	11295	12051	9410	12074	9903	10855	8022	7664	6765	7161	6982	6294	7008	4368	2793	3536	2901	4621	1982	3174	1948	1335	8476
TCT->G	C->G	80575	3.05929079191744e-09	53901965	5510	6766	5200	6137	5204	5450	4495	4622	4512	3737	3758	3251	3413	2348	1690	2421	1404	2305	1045	1629	987	753	3938
TCT->A	C->A	64882	2.46345523004887e-09	53901965	4589	5125	4391	5679	4464	4739	3368	3362	2867	2889	3173	2715	3164	1906	1112	1380	1017	1941	692	1152	862	455	3840
GCT->T	C->T	128348	8.08084798845974e-09	32505527	9594	9998	7904	10381	8335	9237	6680	6566	5566	6306	6243	5561	5710	3746	2384	3165	2491	3931	1735	2942	1747	1249	6877
GCT->G	C->G	32428	2.0416815109684e-09	32505527	2290	2651	1941	2334	1963	2168	1785	1970	1716	1619	1493	1251	1328	983	790	1077	669	904	494	704	373	420	1505
GCT->A	C->A	30460	1.91777534303989e-09	32505527	2269	2417	1894	2428	1994	2083	1597	1664	1393	1529	1474	1231	1365	869	602	845	555	936	437	657	386	299	1536
CCT->T	C->T	160392	7.96523082304675e-09	41210642	12407	12722	9902	12458	10189	11220	8567	8329	6907	8216	7570	6709	6942	4647	3112	4093	3411	4768	2419	3738	2014	1860	8192
CCT->G	C->G	42133	2.09236788784621e-09	41210642	3031	3493	2606	3055	2701	2740	2261	2463	2293	2059	1886	1655	1598	1271	1014	1427	872	1194	637	934	503	530	1910
CCT->A	C->A	37661	1.87028379237595e-09	41210642	2775	3000	2354	3099	2476	2607	1930	2022	1809	1781	1854	1606	1616	1098	779	965	703	1089	524	842	446	385	1901
TAT->T	A->T	49082	1.91950885239038e-09	52330776	3454	4080	3316	4339	3331	3369	2587	2533	2248	2231	2314	1975	2465	1396	844	1081	830	1520	599	791	624	308	2847
TAT->G	A->G	261854	1.02406395630543e-08	52330776	18381	21772	17476	22925	18490	18826	13752	13495	12233	11552	12192	10712	13586	7952	4731	5293	4164	8317	2426	4666	3542	1719	13652
TAT->C	A->C	38294	1.49760955122931e-09	52330776	2685	3026	2518	3516	2650	2688	1864	1939	1829	1705	1880	1616	1961	1094	647	747	657	1176	399	638	513	260	2286
GAT->T	A->T	44336	2.77996170054654e-09	32639443	3290	3534	2825	3877	3005	3175	2300	2263	1912	2095	2183	1736	2204	1316	744	1024	758	1385	477	854	572	322	2485
GAT->G	A->G	89575	5.61654342580423e-09	32639443	6408	7171	5642	7301	6080	6622	4741	4532	4197	4345	4279	3704	4147	2630	1712	2203	1749	2760	1137	1851	1167	792	4405
GAT->C	A->C	19688	1.23447956424486e-09	32639443	1440	1571	1211	1570	1311	1451	1023	1011	894	978	911	828	940	587	419	512	368	610	267	419	241	186	940
CAT->T	A->T	48333	2.18870851582791e-09	45194009	3470	3877	3138	4083	3349	3381	2496	2604	2239	2399	2246	2021	2315	1410	861	1082	803	1569	551	953	625	402	2459
CAT->G	A->G	260601	1.18010392057863e-08	45194009	19124	21350	16659	20923	17449	18370	14046	13365	12094	12760	12074	10867	12284	7692	5202	6214	4971	8273	3311	5764	3360	2506	11943
CAT->C	A->C	41436	1.87638520393614e-09	45194009	2907	3353	2643	3329	2790	2941	2251	2254	1998	2012	1978	1702	1873	1219	804	1034	782	1252	505	861	538	366	2044
CAA->C	A->C	42760	1.87582232367384e-09	46652083	3088	3382	2832	3475	2839	2978	2321	2170	2122	2073	1985	1773	1946	1240	889	1030	820	1260	576	856	593	359	2153
CAA->G	A->G	106393	4.66731441727388e-09	46652083	8079	8724	6524	8184	6855	7668	5754	5300	4944	5261	4777	4520	4854	3095	2161	2559	2126	3322	1689	2318	1349	1135	5195
CAA->T	A->T	20264	8.88953778459466e-10	46652083	1420	1651	1305	1790	1328	1525	1058	1097	943	947	1043	809	930	582	382	468	348	628	205	381	239	163	1022
CAC->C	A->C	36317	2.11009967191647e-09	35223462	2790	3002	2093	2664	2132	2420	2020	1839	1764	1794	1609	1495	1489	1027	827	1116	821	1051	632	801	534	466	1931
CAC->G	A->G	118748	6.89952682877816e-09	35223462	9018	9429	6855	8573	7298	8382	6425	6025	5449	6282	5318	4985	5181	3478	2566	3270	2744	3605	2384	2920	1587	1579	5395
CAC->T	A->T	24972	1.45092956486213e-09	35223462	1853	1987	1519	1907	1607	1700	1303	1348	1081	1281	1171	1035	1110	743	514	731	517	745	338	554	286	294	1348
CAG->C	A->C	32012	1.39629666408093e-09	46920232	2388	2625	1902	2403	1937	2169	1703	1731	1572	1605	1571	1336	1384	975	687	935	711	961	503	721	416	387	1390
CAG->G	A->G	150838	6.57923891717605e-09	46920232	11744	11998	9112	10706	9260	10512	8427	7277	6777	7762	6780	6297	6381	4565	3271	4167	3762	4473	3194	3703	1847	2114	6709
CAG->T	A->T	27376	1.19408401461576e-09	46920232	2074	2166	1536	2158	1760	1965	1535	1432	1257	1421	1305	1104	1184	819	563	678	560	829	441	635	353	328	1273
CCA->A	C->A	46900	2.21181416773005e-09	43395955	3486	3726	2900	3690	3015	3361	2427	2455	2166	2314	2370	1923	2100	1423	951	1166	828	1337	681	1014	582	470	2515
CCA->G	C->G	30838	1.4543267655535e-09	43395955	2296	2504	1929	2203	1939	2018	1707	1710	1565	1581	1386	1265	1249	923	652	965	695	866	530	694	378	367	1416
CCA->T	C->T	130321	6.14596661306497e-09	43395955	9865	10255	8085	9740	8380	9305	6837	6831	6085	6629	6037	5444	5680	3802	2626	3468	2801	3868	2058	3117	1628	1492	6288
CCC->A	C->A	41420	2.86416262165659e-09	29596303	3083	3372	2374	2977	2554	2803	2200	2217	1909	2211	1952	1706	1620	1312	915	1261	937	1186	726	999	519	553	2034
CCC->G	C->G	36612	2.53169294795005e-09	29596303	2886	3078	2148	2402	2189	2382	2015	1915	1842	1917	1654	1511	1395	1115	836	1189	901	1067	685	955	405	594	1531
CCC->T	C->T	120668	8.34410369942196e-09	29596303	9550	9512	7001	8496	7492	8225	6282	6186	5482	6367	5666	5056	4817	3645	2643	3458	2906	3603	2122	3160	1504	1705	5790
CCG->A	C->A	17182	6.44413959109551e-09	5456747	1320	1286	975	1178	965	1180	939	876	767	937	801	743	745	523	388	538	443	532	364	436	244	243	759
CCG->G	C->G	13377	5.0170675887606e-09	5456747	1026	1076	686	866	717	872	731	651	640	725	573	525	541	384	308	459	443	393	395	374	169	280	543
CCG->T	C->T	273423	1.02547781365156e-07	5456747	21772	21823	15307	17740	16112	18158	15365	13271	12439	14760	12318	11746	10717	8201	5977	8383	7603	7999	6435	7449	3628	4498	11722
TCG->T	C->T	192544	8.28610001663031e-08	4755595	14885	15283	11343	13954	11956	13024	10757	9509	8603	10346	8828	8268	8136	5728	3990	5415	4552	5812	3510	4772	2468	2590	8815
TCG->G	C->G	15477	6.66050201291067e-09	4755595	1191	1266	902	1068	843	1021	882	816	715	777	675	660	602	460	370	517	366	430	331	366	200	252	767
TCG->A	C->A	12239	5.2670339300907e-09	4755595	833	956	745	1009	734	826	635	584	567	681	584	508	560	370	269	355	232	414	205	255	176	147	594
GCG->T	C->T	229648	1.01513387984407e-07	4629823	17749	18164	12931	15434	13720	15180	12761	11338	10320	12281	10669	10068	9119	6924	4906	6753	6206	6848	5274	6013	3105	3564	10321
GCG->G	C->G	14088	6.22744639589424e-09	4629823	1098	1058	773	1006	783	966	797	688	703	716	605	567	550	419	360	452	340	424	335	362	193	226	667
GCG->A	C->A	19478	8.61003697467547e-09	4629823	1498	1534	1087	1423	1065	1330	1043	953	902	1126	902	832	801	550	420	578	485	602	413	549	254	312	819
TAG->T	A->T	16797	1.09292637588802e-09	31453274	1166	1408	1067	1465	1161	1167	893	918	786	787	782	641	776	472	328	365	268	543	182	310	275	107	930
TAG->G	A->G	87228	5.67564338369708e-09	31453274	6516	6904	5582	7237	5654	6421	4578	4454	4077	4131	4126	3581	4094	2639	1744	2058	1611	2693	1120	1786	1128	823	4271
TAG->C	A->C	15530	1.0104867903519e-09	31453274	1133	1239	1020	1346	1024	1125	839	772	753	735	691	678	741	420	293	371	257	494	198	297	199	144	761
GAG->T	A->T	22530	1.17004791664759e-09	39407836	1659	1818	1366	1726	1385	1521	1199	1158	1054	1109	1087	927	1009	679	477	623	511	654	371	493	298	232	1174
GAG->G	A->G	72248	3.75204713191101e-09	39407836	5688	5828	4299	5197	4515	5017	3735	3618	3361	3680	3366	3161	3030	2179	1471	1969	1656	2133	1270	1724	941	951	3459
GAG->C	A->C	22540	1.1705672455054e-09	39407836	1751	1768	1333	1710	1418	1583	1250	1092	1034	1164	1080	964	972	642	455	658	493	656	425	522	259	297	1014
GAA->C	A->C	31886	1.35276208627709e-09	48239596	2303	2655	2070	2722	2139	2256	1694	1625	1498	1587	1561	1381	1449	934	591	721	562	931	409	623	401	272	1502
GAA->G	A->G	82041	3.48058565891799e-09	48239596	5957	6555	5081	6722	5417	5989	4397	4114	3621	4037	3885	3550	3906	2407	1580	1969	1580	2498	1064	1773	1126	750	4063
GAA->T	A->T	20558	8.7217220628754e-10	48239596	1425	1657	1286	1767	1463	1494	1064	1085	994	917	1040	823	977	608	423	489	340	635	202	385	288	137	1059
GAC->C	A->C	17129	1.57316258284091e-09	22283502	1285	1372	1029	1291	1047	1211	855	911	793	881	805	714	711	548	409	460	363	507	301	420	207	223	786
GAC->G	A->G	60300	5.53807599657348e-09	22283502	4551	4532	3734	4851	3904	4232	3107	3092	2615	3161	2777	2437	2648	1777	1188	1594	1244	1824	979	1425	850	702	3076
GAC->T	A->T	20971	1.92601976325278e-09	22283502	1557	1697	1322	1682	1328	1414	1136	1102	970	1037	981	862	949	634	394	550	421	647	290	426	257	214	1101
GCA->A	C->A	53204	3.20562156979766e-09	33966991	3979	4236	3363	4513	3450	3855	2802	2772	2271	2673	2596	2265	2342	1556	973	1271	994	1585	670	1076	707	465	2790
GCA->G	C->G	27760	1.6725820385231e-09	33966991	2049	2317	1676	2044	1645	1812	1530	1613	1399	1369	1308	1153	1179	809	644	883	555	805	408	610	352	305	1295
GCA->T	C->T	110046	6.63043814882251e-09	33966991	8094	8861	6832	8407	7110	8001	5746	5712	5004	5502	5338	4570	4966	3211	2187	2817	2192	3380	1533	2518	1391	1111	5563
GCC->A	C->A	42603	3.29301389248928e-09	26477176	3344	3435	2613	3160	2719	2846	2265	2322	1917	2235	2026	1770	1820	1197	880	1181	957	1206	710	1069	538	494	1899
GCC->G	C->G	28487	2.20191269993527e-09	26477176	2307	2287	1718	1984	1684	1755	1657	1544	1446	1421	1340	1166	1151	877	669	954	646	779	542	692	368	383	1117
GCC->T	C->T	110736	8.55937812827015e-09	26477176	8576	8681	6525	8131	6795	7613	5887	5848	4936	5667	5475	4638	4529	3204	2214	3097	2586	3253	1950	2755	1478	1463	5435
TCC->T	C->T	134480	7.57073434354395e-09	36353375	10356	10989	8091	10162	8742	9386	7043	6765	5980	6794	6344	5854	5833	4220	2692	3389	2843	3963	2010	3129	1625	1445	6825
TCC->G	C->G	38164	2.14849424068271e-09	36353375	2660	3107	2395	2687	2424	2574	2158	2171	1994	1942	1754	1496	1583	1212	866	1291	767	1069	573	816	469	470	1686
TCC->A	C->A	39143	2.20360837603615e-09	36353375	2859	3197	2429	3151	2580	2680	2047	2098	1866	1920	1878	1632	1730	1174	806	1040	726	1163	512	939	455	381	1880
TAC->T	A->T	16577	1.23841957619217e-09	27394487	1231	1331	1073	1386	1136	1200	857	875	774	785	781	703	846	502	262	372	260	504	161	317	232	104	885
TAC->G	A->G	87606	6.54479009422038e-09	27394487	6227	7085	5721	7584	5937	6378	4619	4474	3986	3998	4075	3655	4285	2567	1687	1997	1573	2787	1007	1743	1154	676	4391
TAC->C	A->C	18232	1.36205982464473e-09	27394487	1339	1432	1210	1512	1176	1280	991	956	882	839	871	738	834	524	382	464	326	509	222	387	253	160	945
TAA->C	A->C	34366	1.36734939850003e-09	51436869	2322	2834	2284	3083	2356	2549	1801	1784	1689	1577	1705	1464	1746	951	612	717	492	1069	320	610	468	214	1719
TAA->G	A->G	103352	4.11215431047476e-09	51436869	7380	8283	6845	9148	7224	7566	5582	5344	4751	4734	4775	4188	5430	3050	1976	2103	1717	3238	1068	1992	1364	746	4848
TAA->T	A->T	52731	2.09805334145101e-09	51436869	3841	4191	3433	4550	3530	3811	2777	2678	2362	2543	2368	2209	2669	1571	1053	1071	991	1662	694	957	763	368	2639
TCA->A	C->A	44694	1.92324731074103e-09	47559703	3117	3574	2828	3927	3113	3224	2437	2282	2054	2120	2117	1826	2183	1319	863	1031	713	1375	500	769	569	336	2417
TCA->G	C->G	44822	1.9287553354373e-09	47559703	3007	3674	2841	3502	2843	3036	2523	2583	2467	2061	2144	1831	1896	1398	1001	1293	796	1285	602	900	561	397	2181
TCA->T	C->T	125880	5.41679803723277e-09	47559703	9133	10028	8104	10348	8510	9254	6706	6497	5712	6271	5893	5448	5938	3773	2382	2982	2268	3922	1602	2569	1580	1051	5909
