Context	X1mer	Count	Rate	context_in_genome	chr1	chr2	chr3	chr4	chr5	chr6	chr7	chr8	chr9	chr10	chr11	chr12	chr13	chr14	chr15	chr16	chr17	chr18	chr19	chr20	chr21	chr22	chrX
AAA->C	A->C	4510	2.00448378183428e-09	94426158	255	324	262	342	246	299	210	224	256	185	199	154	187	115	108	103	92	105	69	80	58	45	592
AAA->G	A->G	6799	3.02183708041935e-09	94426158	456	464	408	478	364	448	303	284	371	315	285	268	292	189	156	154	94	184	100	144	90	65	887
AAA->T	A->T	3161	1.40491645995081e-09	94426158	226	226	146	203	198	238	135	140	157	135	130	133	153	78	50	78	53	96	39	57	39	30	421
AAC->C	A->C	1655	1.96276295013872e-09	35387385	95	128	79	118	91	96	73	77	107	59	68	64	54	49	38	34	29	44	27	32	26	13	254
AAC->G	A->G	3992	4.73435027006271e-09	35387385	266	302	223	298	252	248	159	176	192	177	151	136	155	97	87	87	65	106	37	61	59	28	630
AAC->T	A->T	1381	1.63781005084083e-09	35387385	82	110	73	128	74	83	58	60	72	57	55	47	55	38	24	21	14	34	14	23	21	10	228
AAG->C	A->C	1654	1.43543984016545e-09	48358056	116	130	93	120	89	94	67	78	79	89	89	49	67	31	38	50	23	46	17	30	18	14	227
AAG->G	A->G	4897	4.24990864406906e-09	48358056	308	353	259	333	276	302	270	239	250	196	214	216	194	138	95	156	90	109	66	83	64	54	632
AAG->T	A->T	1246	1.08135310812948e-09	48358056	83	92	77	87	70	74	58	63	69	66	52	41	57	37	26	21	11	35	13	20	10	8	176
AAT->C	A->C	1969	1.32040597928784e-09	62583026	129	139	109	158	122	123	79	91	117	76	88	69	79	42	38	50	30	43	22	31	30	15	289
AAT->G	A->G	9813	6.58057078453611e-09	62583026	604	730	575	715	596	620	443	428	507	453	399	356	407	278	190	215	132	279	86	143	106	79	1472
AAT->T	A->T	3189	2.13853462059367e-09	62583026	220	205	195	248	191	199	148	131	154	123	125	101	150	78	53	72	60	99	37	49	37	20	494
ACA->A	C->A	4579	3.91641718322618e-09	49068188	259	319	230	312	268	287	185	251	269	189	175	195	188	112	84	109	78	101	39	80	54	51	744
ACA->G	C->G	2897	2.47780314038136e-09	49068188	180	235	156	183	143	188	134	149	163	127	139	85	121	83	62	71	36	86	44	61	38	31	382
ACA->T	C->T	10624	9.08670368084624e-09	49068188	714	767	586	784	634	691	469	445	529	483	468	360	434	271	202	233	176	334	97	201	111	99	1536
ACC->A	C->A	3896	6.00402935831291e-09	27232936	241	281	181	276	211	242	170	177	191	167	140	167	146	116	70	104	60	89	55	79	50	37	646
ACC->G	C->G	1452	2.23764133169157e-09	27232936	74	113	78	102	68	80	62	81	75	54	59	56	55	34	40	48	43	36	20	24	16	18	216
ACC->T	C->T	5940	9.15398726601095e-09	27232936	398	452	367	380	293	392	269	251	262	244	264	220	197	162	120	166	105	158	72	120	76	73	899
ACG->A	C->A	943	7.23940360289534e-09	5466725	56	57	41	65	58	61	35	48	39	47	25	34	46	26	21	30	12	24	15	24	20	10	149
ACG->G	C->G	688	5.28177060317285e-09	5466725	44	63	32	56	40	38	38	39	29	37	20	33	26	18	14	17	11	18	9	15	11	10	70
ACG->T	C->T	15126	1.16122183348245e-07	5466725	1078	1148	794	984	882	900	737	692	666	673	626	545	586	406	318	424	295	423	209	314	166	194	2066
ACT->A	C->A	2054	2.23775374702756e-09	38521791	118	147	93	156	102	116	91	103	114	84	93	66	100	72	40	50	34	47	16	29	25	12	346
ACT->G	C->G	2393	2.60708116681448e-09	38521791	140	177	128	177	154	144	105	122	132	95	91	82	86	52	65	65	29	62	25	24	30	15	393
ACT->T	C->T	6671	7.26779710147071e-09	38521791	446	500	361	458	398	469	284	274	327	265	303	242	271	149	124	146	108	190	83	115	74	46	1038
TCT->T	C->T	8486	6.60718936581254e-09	53901965	591	587	464	587	459	545	426	375	427	363	393	316	307	220	162	218	155	211	115	167	96	76	1226
TCT->G	C->G	4134	3.21872741436119e-09	53901965	239	297	229	283	229	261	209	220	209	164	182	156	156	111	106	117	66	101	45	94	43	28	589
TCT->A	C->A	3679	2.86446496309502e-09	53901965	254	264	215	286	205	226	156	158	175	157	140	138	159	107	63	69	37	94	45	47	47	29	608
GCT->T	C->T	6225	8.03712029553566e-09	32505527	417	478	337	433	358	339	275	263	273	273	253	263	232	157	126	143	91	163	68	131	76	69	1007
GCT->G	C->G	1564	2.0192861272639e-09	32505527	104	130	75	86	84	96	69	94	83	60	66	44	65	50	56	46	32	36	19	30	17	15	207
GCT->A	C->A	1650	2.13032104219018e-09	32505527	94	115	84	107	118	100	69	78	94	72	76	70	70	29	32	32	21	36	29	31	25	17	251
CCT->T	C->T	8119	8.26820975345156e-09	41210642	556	609	419	545	477	492	347	381	383	345	301	305	309	232	151	227	145	193	162	168	111	67	1194
CCT->G	C->G	2257	2.29847880447594e-09	41210642	139	157	124	164	143	118	112	114	153	109	76	71	74	72	52	55	37	50	36	38	20	25	318
CCT->A	C->A	2008	2.04490272015405e-09	41210642	140	148	95	123	94	124	91	93	124	93	95	85	67	57	49	52	36	47	34	40	16	22	283
TAT->T	A->T	4100	3.28809991782623e-09	52330776	247	292	252	293	244	298	213	186	178	181	159	162	172	104	88	102	66	104	57	48	42	28	584
TAT->G	A->G	13476	1.0807423046982e-08	52330776	842	1036	858	995	894	830	615	588	643	519	569	515	590	354	228	271	166	382	122	196	175	79	2009
TAT->C	A->C	2024	1.62319859358056e-09	52330776	116	160	107	155	126	122	94	88	110	89	86	76	89	51	47	45	42	52	21	29	28	17	274
GAT->T	A->T	2383	3.06407666879107e-09	32639443	138	165	124	195	118	169	108	106	116	93	91	90	115	54	40	39	31	60	15	46	30	19	421
GAT->G	A->G	3792	4.87577789679216e-09	32639443	231	289	219	262	227	228	179	154	208	169	159	139	151	88	59	84	59	103	43	76	55	32	578
GAT->C	A->C	829	1.06593351171959e-09	32639443	50	69	50	55	41	57	43	31	58	37	28	22	32	19	18	24	18	16	13	19	10	14	105
CAT->T	A->T	2631	2.44319597768909e-09	45194009	176	190	141	204	171	146	113	129	137	132	109	75	112	72	40	44	35	80	20	46	41	23	395
CAT->G	A->G	10393	9.6511348521941e-09	45194009	655	807	619	731	664	639	449	465	520	454	455	398	473	304	214	204	171	286	92	189	117	72	1415
CAT->C	A->C	2238	2.07824880200235e-09	45194009	133	169	111	148	160	135	118	102	132	97	117	77	78	56	32	63	53	62	35	42	28	29	261
CAA->C	A->C	2569	2.31106089513714e-09	46652083	158	201	136	169	143	176	144	110	176	101	99	109	92	51	44	50	60	90	24	44	32	20	340
CAA->G	A->G	3971	3.57229381650043e-09	46652083	249	296	188	269	207	264	189	166	218	165	176	155	169	85	79	82	70	115	52	70	44	36	627
CAA->T	A->T	1024	9.21185814176892e-10	46652083	61	95	58	69	57	55	41	40	55	38	27	36	39	31	20	23	10	35	16	15	15	13	175
CAC->C	A->C	3136	3.73647722363425e-09	35223462	220	235	144	225	156	170	158	149	218	140	111	127	88	100	82	122	71	73	59	69	48	55	316
CAC->G	A->G	4436	5.28539954210508e-09	35223462	322	311	233	327	205	270	224	196	241	189	183	154	175	109	107	131	96	134	70	84	66	44	565
CAC->T	A->T	1510	1.79913284683919e-09	35223462	83	110	77	109	69	68	78	78	86	88	58	61	62	35	44	48	27	38	17	27	30	22	195
CAG->C	A->C	1880	1.68157415104894e-09	46920232	123	169	91	105	115	102	94	106	109	95	82	52	65	54	36	64	36	35	25	54	28	20	220
CAG->G	A->G	5567	4.97942728664333e-09	46920232	388	413	285	371	289	341	268	233	284	246	194	221	261	145	123	164	132	156	92	122	64	55	720
CAG->T	A->T	1365	1.22093016818181e-09	46920232	81	95	57	89	76	91	74	64	85	55	56	44	51	33	38	33	30	32	15	22	23	21	200
CCA->A	C->A	2635	2.54829495108969e-09	43395955	191	209	113	164	134	167	114	128	178	115	110	89	85	77	65	61	48	43	37	49	32	34	392
CCA->G	C->G	1640	1.58603556728163e-09	43395955	116	149	90	109	86	98	58	90	96	86	59	67	51	32	39	47	43	38	16	31	25	17	197
CCA->T	C->T	6243	6.03757319910928e-09	43395955	389	467	350	409	360	378	259	305	330	282	260	210	237	174	128	184	121	140	90	127	62	76	905
CCC->A	C->A	2450	3.4741370268375e-09	29596303	132	176	105	145	117	161	122	111	157	125	108	87	66	79	62	83	36	63	42	53	40	38	342
CCC->G	C->G	2137	3.0302982964701e-09	29596303	163	173	94	125	111	115	113	102	126	100	94	78	71	60	49	85	52	57	28	57	14	20	250
CCC->T	C->T	6352	9.0072319977436e-09	29596303	446	447	271	358	328	410	326	287	303	304	248	240	223	151	132	195	143	178	102	149	81	78	952
CCG->A	C->A	774	5.95285722898805e-09	5456747	48	66	32	56	37	42	39	46	35	37	33	20	27	15	16	29	20	21	14	15	12	14	100
CCG->G	C->G	814	6.26049842945255e-09	5456747	53	61	33	52	49	54	40	30	39	42	34	28	28	32	23	39	17	23	16	14	7	20	80
CCG->T	C->T	12525	9.63301508954462e-08	5456747	881	976	597	733	667	742	636	521	594	605	527	473	420	337	284	407	314	331	267	310	150	186	1567
TCG->T	C->T	8819	7.78274507375721e-08	4755595	569	687	499	538	468	520	449	350	408	428	355	332	323	252	184	261	187	248	122	190	78	133	1238
TCG->G	C->G	665	5.86860808940758e-09	4755595	46	56	24	55	38	39	50	33	36	24	24	30	19	17	13	16	13	15	9	19	7	6	76
TCG->A	C->A	596	5.25968484404048e-09	4755595	33	37	35	52	32	38	24	25	46	26	20	23	19	16	16	14	10	14	7	12	10	6	81
GCG->T	C->T	11151	1.01080586259323e-07	4629823	745	809	565	641	592	716	582	510	543	547	443	390	361	320	245	329	268	279	223	271	162	166	1444
GCG->G	C->G	649	5.88299708387595e-09	4629823	44	57	16	43	34	46	29	38	40	40	24	22	25	13	19	22	13	14	12	15	8	16	59
GCG->A	C->A	1022	9.26413408277538e-09	4629823	66	76	42	61	48	60	62	41	42	47	45	35	46	26	29	26	22	24	23	27	16	22	136
TAG->T	A->T	934	1.24623327341227e-09	31453274	56	73	40	70	65	61	32	43	45	44	41	28	42	28	19	17	12	30	9	17	19	6	137
TAG->G	A->G	3582	4.77945137619138e-09	31453274	214	258	195	272	201	227	160	175	183	170	147	132	136	93	89	80	52	99	30	64	43	25	537
TAG->C	A->C	721	9.62028040824675e-10	31453274	40	56	40	64	46	35	31	26	52	35	21	24	30	9	14	13	14	25	16	11	5	6	108
GAG->T	A->T	1339	1.42598945596448e-09	39407836	81	102	59	110	53	79	79	63	73	57	49	60	41	41	36	46	34	39	13	23	14	20	167
GAG->G	A->G	3834	4.08307959235834e-09	39407836	266	281	178	272	176	242	189	179	184	181	156	156	149	115	80	128	67	117	83	93	48	41	453
GAG->C	A->C	1356	1.4440938777355e-09	39407836	88	91	69	91	73	91	70	51	69	70	62	49	44	30	34	60	29	33	32	26	18	13	163
GAA->C	A->C	1414	1.23016699785557e-09	48239596	93	116	89	89	84	86	72	71	85	64	66	49	60	34	35	30	27	27	13	23	13	17	171
GAA->G	A->G	4144	3.60524189470544e-09	48239596	241	310	220	300	267	284	188	169	202	184	173	145	186	100	71	102	67	110	66	65	59	36	599
GAA->T	A->T	1161	1.01005932426472e-09	48239596	77	85	59	65	67	60	54	62	53	56	58	41	55	36	22	30	21	30	15	16	13	9	177
GAC->C	A->C	734	1.38239113528914e-09	22283502	38	48	31	47	41	50	27	40	44	34	31	27	27	17	25	22	24	14	10	15	12	10	100
GAC->G	A->G	2341	4.40896137290446e-09	22283502	180	160	120	149	141	144	109	101	121	95	79	100	94	64	52	54	49	53	27	44	35	27	343
GAC->T	A->T	1063	2.00201876949912e-09	22283502	78	81	60	64	49	57	56	60	47	51	29	29	43	21	17	31	13	28	14	18	14	6	197
GCA->A	C->A	2812	3.47437398558756e-09	33966991	173	216	138	178	152	178	129	124	181	133	120	94	87	72	51	65	44	66	37	41	35	30	468
GCA->G	C->G	1256	1.55185409882574e-09	33966991	84	90	85	65	60	72	57	67	65	60	50	36	54	31	40	36	26	33	19	23	12	16	175
GCA->T	C->T	5024	6.20741639530296e-09	33966991	341	369	305	309	263	345	216	240	239	226	235	197	186	101	85	129	85	134	78	108	51	52	730
GCC->A	C->A	2356	3.73440957771255e-09	26477176	143	213	137	162	139	135	111	112	107	110	102	79	84	55	54	71	41	58	25	38	31	35	314
GCC->G	C->G	1398	2.21591875621483e-09	26477176	111	114	59	72	72	82	74	84	68	58	47	58	41	42	34	59	22	41	32	30	14	17	167
GCC->T	C->T	5481	8.68773297769206e-09	26477176	340	377	277	334	270	318	235	269	282	270	247	178	198	156	125	162	106	142	91	117	74	82	831
TCC->T	C->T	7079	8.1723225694977e-09	36353375	487	545	348	491	377	435	354	353	302	303	286	251	240	214	146	211	132	198	113	124	67	80	1022
TCC->G	C->G	1955	2.2569417464851e-09	36353375	104	151	98	148	115	102	100	93	96	83	75	63	65	58	54	68	37	52	27	50	21	29	266
TCC->A	C->A	2345	2.70717564987599e-09	36353375	153	178	130	166	136	147	112	110	126	103	94	79	86	71	45	70	40	53	33	48	28	33	304
TAC->T	A->T	916	1.40330032563059e-09	27394487	52	60	39	61	68	54	46	42	65	47	32	25	44	30	26	26	13	19	4	10	20	4	129
TAC->G	A->G	3714	5.68980066527514e-09	27394487	199	271	226	292	233	233	148	181	179	162	152	151	157	80	71	83	47	115	19	48	54	25	588
TAC->C	A->C	798	1.22252582953408e-09	27394487	45	72	43	48	39	47	30	48	69	44	32	20	24	21	16	25	12	21	7	17	11	8	99
TAA->C	A->C	1625	1.32585846218617e-09	51436869	75	136	100	121	104	115	77	59	79	63	56	55	83	50	39	40	22	40	9	18	25	13	246
TAA->G	A->G	4496	3.6683443975317e-09	51436869	288	345	260	361	282	258	205	229	247	176	176	138	227	129	87	88	56	134	44	68	57	39	602
TAA->T	A->T	2962	2.41673400922796e-09	51436869	193	215	169	217	187	201	144	103	166	126	118	103	118	88	59	71	40	88	40	45	35	27	409
TCA->A	C->A	2975	2.62522275853488e-09	47559703	203	217	167	228	188	163	151	131	164	114	116	112	118	68	61	73	41	81	45	48	40	32	414
TCA->G	C->G	2126	1.87604154105719e-09	47559703	121	157	122	130	114	104	94	125	131	101	90	84	72	56	41	64	27	56	26	37	23	21	330
TCA->T	C->T	5739	5.06425324747283e-09	47559703	360	442	291	406	336	369	267	264	286	261	269	183	240	146	114	139	107	160	53	96	70	42	838
