Context	X1mer	Count	Rate	context_in_genome	chr1	chr2	chr3	chr4	chr5	chr6	chr7	chr8	chr9	chr10	chr11	chr12	chr13	chr14	chr15	chr16	chr17	chr18	chr19	chr20	chr21	chr22	chrX
AAA->C	A->C	66503	1.99783897914763e-09	94426158	4591	4921	4140	5466	4312	4826	3529	3285	3340	3136	3194	2764	3132	1932	1343	1500	1309	2007	1026	1300	956	687	3807
AAA->G	A->G	109518	3.29006705439289e-09	94426158	7921	8271	6587	8399	6766	7899	5837	5521	5089	5374	4924	4613	5023	3343	2358	2734	2387	3369	1857	2371	1618	1138	6119
AAA->T	A->T	52104	1.56527377967172e-09	94426158	3737	4051	3124	4315	3330	3845	2774	2624	2461	2290	2389	2103	2492	1474	1053	1186	1017	1636	767	981	796	503	3156
AAC->C	A->C	31626	2.53517159519239e-09	35387385	2258	2337	1984	2580	2087	2254	1696	1598	1522	1554	1475	1238	1430	911	665	779	648	937	474	643	471	332	1753
AAC->G	A->G	66687	5.34569620466056e-09	35387385	4763	5008	4111	5590	4334	4982	3539	3336	3137	3313	3034	2598	3103	2024	1337	1552	1302	2044	855	1425	947	634	3719
AAC->T	A->T	21047	1.68714844001816e-09	35387385	1381	1663	1321	1802	1395	1564	1079	1103	995	986	993	801	1011	626	397	501	326	640	234	411	318	193	1307
AAG->C	A->C	20442	1.19912957596981e-09	48358056	1387	1624	1227	1694	1339	1500	1167	1056	1011	965	946	812	930	634	423	524	399	620	264	390	289	203	1038
AAG->G	A->G	88397	5.18537604573931e-09	48358056	6665	6625	5188	6851	5540	6589	4790	4324	4190	4369	3937	3616	3880	2550	1879	2394	1825	2617	1442	2061	1283	1036	4746
AAG->T	A->T	22456	1.31727099882487e-09	48358056	1536	1727	1407	1910	1467	1670	1165	1161	1099	1081	1017	832	1097	680	421	538	366	661	267	519	354	244	1237
AAT->C	A->C	26889	1.21879217593297e-09	62583026	1802	2112	1727	2284	1695	2004	1436	1385	1332	1311	1208	1051	1320	807	543	598	402	798	302	503	425	232	1612
AAT->G	A->G	133626	6.0568382350113e-09	62583026	9231	10709	8633	11231	9089	10025	7168	6710	6658	6257	6137	5359	6423	4046	2622	2931	2260	4078	1385	2565	1840	1136	7133
AAT->T	A->T	46739	2.11852904574105e-09	62583026	3290	3622	2889	3958	3103	3298	2485	2362	2155	2070	2059	1933	2279	1293	838	1115	857	1475	629	833	726	414	3056
ACA->A	C->A	76580	4.42717720962032e-09	49068188	5457	5842	4716	6060	4751	5506	4149	3736	3687	3521	3512	3102	3416	2254	1558	1931	1639	2252	1278	1518	1087	755	4853
ACA->G	C->G	48970	2.83101159513068e-09	49068188	3293	3833	2838	3681	3102	3517	2659	2666	2575	2300	2324	1944	2057	1507	1130	1381	821	1455	707	1009	701	528	2942
ACA->T	C->T	180519	1.04360094372349e-08	49068188	12600	13833	11286	15369	11829	13617	9638	8793	8623	8287	8165	7399	8705	5446	3486	4168	3013	5629	2216	3439	2638	1619	10721
ACC->A	C->A	44028	4.58612678794714e-09	27232936	3173	3337	2683	3394	2816	3269	2289	2335	2101	2107	2105	1868	1888	1297	910	1092	830	1268	626	973	651	484	2532
ACC->G	C->G	21713	2.26171006965332e-09	27232936	1482	1712	1292	1544	1278	1453	1162	1310	1176	1063	979	849	843	638	554	751	427	620	350	461	347	270	1152
ACC->T	C->T	81691	8.50925055496933e-09	27232936	6070	6284	4796	6205	4985	6022	4305	4063	3908	4130	3723	3353	3445	2426	1742	2166	1664	2396	1232	1838	1310	1124	4504
ACG->A	C->A	15773	8.18462225955198e-09	5466725	1143	1228	948	1277	995	1119	833	838	696	817	734	624	696	463	318	424	318	508	220	326	269	180	799
ACG->G	C->G	15530	8.05852936605859e-09	5466725	1050	1127	843	1138	926	980	839	854	847	782	743	608	629	481	368	542	331	472	308	376	214	251	821
ACG->T	C->T	210564	1.092618272656e-07	5466725	15176	16500	12469	15765	13493	14925	11445	10495	9890	10909	9578	8878	9251	6257	4495	5500	4328	6821	3213	4940	2923	2662	10651
ACT->A	C->A	27689	2.03897718045863e-09	38521791	1962	2120	1764	2425	1822	2079	1477	1422	1449	1293	1256	1065	1248	838	548	676	424	840	297	462	395	257	1570
ACT->G	C->G	36730	2.70474310514087e-09	38521791	2403	2820	2262	2918	2346	2575	1987	2174	2082	1699	1721	1406	1575	1095	858	1093	604	1055	451	673	489	366	2078
ACT->T	C->T	113449	8.35421727566367e-09	38521791	7930	8885	7194	9459	7352	8681	6032	5742	5437	5213	5384	4577	5368	3414	2258	2588	1947	3575	1331	2285	1608	1026	6163
TCT->T	C->T	146332	7.70098496227153e-09	53901965	11027	11111	8680	10950	8976	10446	8093	7161	6712	7080	6528	6146	6456	4394	2991	3697	3330	4264	2680	3172	2014	1609	8815
TCT->G	C->G	57552	3.02877761903515e-09	53901965	3915	4748	3461	4347	3535	4076	3201	3166	3213	2557	2779	2312	2383	1699	1263	1665	1006	1584	821	1194	789	608	3230
TCT->A	C->A	46269	2.43498942964862e-09	53901965	3277	3473	2922	3969	3125	3386	2398	2284	2183	2042	2114	1880	2307	1364	843	977	715	1437	542	814	713	365	3139
GCT->T	C->T	80928	7.06241381231598e-09	32505527	5848	6135	4878	6634	5008	6086	4227	4009	3809	3894	3791	3305	3524	2473	1572	1954	1579	2432	1103	1770	1220	926	4751
GCT->G	C->G	21948	1.91535511013136e-09	32505527	1518	1759	1261	1541	1318	1528	1198	1275	1289	1052	951	836	846	719	558	712	423	633	336	465	299	318	1113
GCT->A	C->A	19711	1.72013689519771e-09	32505527	1435	1501	1175	1574	1248	1366	1019	1040	1031	987	909	724	846	585	446	541	357	618	277	401	302	218	1111
CCT->T	C->T	110036	7.57420366976177e-09	41210642	8166	8431	6564	8402	6583	8061	5999	5536	4937	5548	5095	4472	4647	3299	2288	2971	2380	3224	1749	2557	1591	1416	6120
CCT->G	C->G	26529	1.82609372528182e-09	41210642	1801	2153	1516	1859	1634	1790	1457	1471	1480	1354	1170	1069	1029	799	644	889	529	761	411	585	341	391	1396
CCT->A	C->A	26956	1.8554857875795e-09	41210642	1905	1988	1619	2246	1720	1895	1394	1411	1381	1287	1287	1092	1170	799	573	710	500	761	392	610	396	329	1491
TAT->T	A->T	60126	3.25924270665185e-09	52330776	4282	4764	3621	4942	3918	4095	3235	2980	2742	2670	2729	2566	3009	1673	1136	1397	1163	1866	989	1036	782	535	3996
TAT->G	A->G	202344	1.09684363874989e-08	52330776	13860	16008	13179	17287	13667	14738	10606	9968	9534	8769	9277	8261	10056	6246	3884	4264	3294	6526	2232	3649	2921	1575	12543
TAT->C	A->C	35981	1.95041765339521e-09	52330776	2461	2800	2253	3177	2509	2507	1779	1740	1704	1612	1679	1445	1791	979	613	734	638	1154	395	663	517	313	2518
GAT->T	A->T	27389	2.38037292525953e-09	32639443	1934	2129	1689	2353	1852	1995	1407	1341	1268	1255	1366	1046	1296	846	492	628	464	815	311	523	410	229	1740
GAT->G	A->G	63852	5.54936551256604e-09	32639443	4558	4819	3695	4992	4116	4704	3322	3129	3098	3064	3059	2646	2829	1932	1265	1751	1338	2005	904	1372	1037	794	3423
GAT->C	A->C	14909	1.2957384330459e-09	32639443	1063	1168	883	1179	993	1071	773	729	720	722	709	597	671	428	335	373	259	477	206	327	228	186	812
CAT->T	A->T	31460	1.97464675195172e-09	45194009	2230	2395	1957	2630	2055	2299	1630	1662	1589	1551	1454	1222	1455	899	566	752	493	1013	392	615	495	339	1767
CAT->G	A->G	178908	1.1229500988499e-08	45194009	12980	14149	11048	13890	11564	12858	9758	9042	8606	8719	8252	7285	8204	5327	3609	4431	3528	5710	2448	4079	2486	1986	8949
CAT->C	A->C	28971	1.81841993168447e-09	45194009	1991	2197	1703	2252	1855	2150	1574	1550	1486	1416	1435	1143	1252	899	612	751	524	859	371	623	400	321	1607
CAA->C	A->C	36651	2.22857037822822e-09	46652083	2600	2810	2258	2868	2304	2614	2002	1813	1881	1784	1672	1490	1634	1085	793	898	714	1046	569	782	568	383	2083
CAA->G	A->G	77609	4.71902863452332e-09	46652083	5813	6204	4589	5745	4867	5699	4174	3829	3798	3848	3497	3244	3386	2239	1668	1924	1621	2339	1330	1769	1016	930	4080
CAA->T	A->T	14215	8.64345527448479e-10	46652083	986	1122	876	1319	879	1110	734	700	696	650	765	530	635	418	276	314	242	404	144	267	216	135	797
CAC->C	A->C	42822	3.44862897433921e-09	35223462	3099	3411	2267	2938	2414	2663	2333	2007	2215	2215	1871	1755	1665	1350	977	1417	1117	1235	888	1132	641	714	2498
CAC->G	A->G	95182	7.66539169201707e-09	35223462	6969	7352	5253	6671	5633	6695	5206	4699	4556	5002	4207	4007	3979	2843	2182	2720	2270	2817	2033	2499	1403	1456	4730
CAC->T	A->T	21604	1.73985755830238e-09	35223462	1571	1650	1304	1584	1322	1503	1143	1126	960	1066	983	873	925	651	463	667	453	661	318	497	319	328	1237
CAG->C	A->C	21141	1.27813562530738e-09	46920232	1555	1655	1140	1537	1245	1484	1142	1133	1129	1118	1025	835	864	648	481	630	476	660	339	487	303	297	958
CAG->G	A->G	112333	6.79139157077026e-09	46920232	8462	8739	6512	7727	6587	8023	6272	5248	5240	5765	4961	4606	4532	3439	2577	3341	2904	3371	2521	2789	1501	1761	5455
CAG->T	A->T	19768	1.19512724284927e-09	46920232	1421	1544	1069	1560	1241	1446	1027	1077	969	1004	903	771	869	634	435	493	393	607	328	443	270	252	1012
CCA->A	C->A	35349	2.31067809288687e-09	43395955	2554	2799	2101	2623	2158	2547	1861	1828	1704	1713	1768	1397	1543	1083	811	895	624	1019	551	735	530	428	2077
CCA->G	C->G	19703	1.28793715420945e-09	43395955	1415	1534	1148	1448	1269	1323	1158	1034	996	978	878	785	739	635	455	573	441	542	350	433	239	273	1057
CCA->T	C->T	83208	5.43910443726641e-09	43395955	6043	6413	4957	6321	5114	6407	4447	4222	4114	4161	3750	3343	3519	2463	1682	2189	1739	2439	1290	1936	1189	1042	4428
CCC->A	C->A	29604	2.83742568232757e-09	29596303	2067	2267	1584	2137	1736	2097	1638	1557	1474	1580	1355	1195	1144	958	708	963	646	853	518	716	435	457	1519
CCC->G	C->G	23264	2.22976189277357e-09	29596303	1706	1917	1299	1531	1366	1574	1279	1147	1163	1219	1034	918	881	743	546	785	546	692	501	611	293	379	1134
CCC->T	C->T	80950	7.75873560952632e-09	29596303	6045	6151	4475	5741	4806	5738	4356	4024	3916	4202	3647	3331	3160	2473	1810	2364	1899	2363	1565	2185	1123	1294	4282
CCG->A	C->A	14299	7.43332998129946e-09	5456747	1061	1067	772	965	857	998	766	690	700	758	679	619	618	431	327	433	352	454	307	349	223	208	665
CCG->G	C->G	10605	5.51300541658023e-09	5456747	785	827	528	668	596	712	592	472	517	565	456	398	411	333	255	348	353	307	296	292	159	244	491
CCG->T	C->T	163140	8.48082700293162e-08	5456747	12534	12394	8893	10723	9566	11266	9196	7693	7663	8697	7125	6965	6338	5060	3773	4935	4481	4754	3778	4338	2359	2810	7799
TCG->T	C->T	111979	6.679489749803e-08	4755595	8253	8466	6492	8152	6865	7759	6281	5401	5190	5948	5093	4689	4637	3430	2475	3019	2593	3419	2032	2829	1570	1549	5837
TCG->G	C->G	12568	7.49674735222891e-09	4755595	967	997	717	858	730	813	693	640	633	626	542	524	497	354	328	403	290	344	274	290	184	207	657
TCG->A	C->A	9107	5.43227865505639e-09	4755595	611	713	545	690	572	629	476	416	438	478	435	371	405	276	199	235	158	295	157	199	155	135	519
GCG->T	C->T	138899	8.51032793972412e-08	4629823	10262	10585	7582	9345	8188	9365	7787	6657	6616	7284	6304	5964	5511	4242	3166	4049	3684	4192	3202	3655	2099	2244	6916
GCG->G	C->G	14668	8.98706903720498e-09	4629823	1086	1092	769	954	873	991	780	714	775	820	631	571	540	468	396	481	377	414	371	394	222	258	691
GCG->A	C->A	15070	9.23337403808829e-09	4629823	1088	1135	808	1093	899	1021	819	732	788	900	693	583	571	444	309	469	386	455	304	405	220	280	668
TAG->T	A->T	12628	1.13888606641878e-09	31453274	922	1010	751	1072	857	907	673	645	609	577	601	493	572	362	259	276	204	409	159	227	210	94	739
TAG->G	A->G	62304	5.61903369355049e-09	31453274	4573	4871	3788	4916	3888	4732	3264	3064	3074	2979	2981	2477	2733	1905	1290	1541	1172	1915	836	1368	858	730	3349
TAG->C	A->C	10630	9.58691707794712e-10	31453274	767	797	656	883	692	769	594	517	553	492	480	447	489	301	202	265	179	336	134	211	172	126	568
GAG->T	A->T	19368	1.39416364607826e-09	39407836	1371	1509	1127	1419	1205	1391	1060	967	965	920	869	757	817	618	427	561	443	592	336	414	278	254	1068
GAG->G	A->G	62000	4.46293608306756e-09	39407836	4748	4740	3428	4334	3616	4436	3380	2979	2943	3117	2845	2585	2468	1944	1300	1898	1450	1906	1314	1535	902	958	3174
GAG->C	A->C	16374	1.17864702297013e-09	39407836	1201	1245	933	1147	1045	1214	891	767	814	877	752	680	659	487	362	482	394	455	326	395	219	276	753
GAA->C	A->C	24199	1.42300138323624e-09	48239596	1691	1877	1473	2031	1571	1758	1333	1231	1222	1192	1159	999	1096	768	467	592	433	693	328	466	320	244	1255
GAA->G	A->G	73343	4.3128720381295e-09	48239596	5338	5705	4312	5684	4609	5447	4093	3526	3270	3664	3308	3155	3189	2206	1423	1929	1476	2191	1162	1663	1070	822	4101
GAA->T	A->T	14045	8.25904145937974e-10	48239596	962	1088	886	1227	942	1086	739	679	719	609	677	544	639	406	285	348	224	438	145	251	216	120	815
GAC->C	A->C	14596	1.85806958880362e-09	22283502	1043	1178	800	1071	866	1020	749	764	730	761	649	575	581	475	366	416	289	448	276	390	196	231	722
GAC->G	A->G	44654	5.68445049454897e-09	22283502	3321	3253	2651	3455	2747	3226	2381	2242	2055	2279	2008	1763	1867	1377	946	1247	941	1372	757	1044	642	613	2467
GAC->T	A->T	13724	1.74706406116339e-09	22283502	1004	1017	841	1062	847	1013	749	678	657	710	655	573	574	437	287	355	261	424	205	252	177	144	802
GCA->A	C->A	35110	2.93214415480734e-09	33966991	2538	2676	2184	2901	2231	2613	1895	1833	1629	1748	1659	1464	1559	1029	681	858	659	964	448	657	523	338	2023
GCA->G	C->G	20159	1.6835401314942e-09	33966991	1471	1580	1148	1442	1189	1331	1178	1144	1049	918	936	819	832	613	480	683	414	565	317	467	293	260	1030
GCA->T	C->T	70797	5.91247535539434e-09	33966991	5069	5380	4335	5437	4405	5409	3688	3525	3494	3499	3346	2887	3092	2083	1495	1837	1385	2161	935	1588	1046	776	3925
GCC->A	C->A	25440	2.72556792263318e-09	26477176	1862	1972	1474	1862	1573	1706	1379	1387	1276	1308	1152	1041	1040	764	578	718	564	726	426	619	383	348	1282
GCC->G	C->G	20477	2.19384647609118e-09	26477176	1573	1634	1149	1412	1234	1315	1213	1083	1041	992	912	795	794	671	493	753	479	538	398	494	317	292	895
GCC->T	C->T	68828	7.37403258565239e-09	26477176	5198	5246	3821	5028	4128	4877	3724	3461	3417	3413	3295	2776	2736	2025	1477	1929	1548	1992	1201	1614	1134	996	3792
TCC->T	C->T	93985	7.33373772025746e-09	36353375	6973	7513	5468	6908	5794	6685	5122	4494	4269	4809	4403	3958	3856	3010	1890	2499	1929	2667	1559	2192	1300	1155	5532
TCC->G	C->G	25429	1.98424872573737e-09	36353375	1700	1954	1501	1823	1585	1759	1448	1436	1365	1287	1181	937	1071	873	561	839	528	721	356	548	386	330	1240
TCC->A	C->A	24461	1.90871477762641e-09	36353375	1756	1865	1410	1982	1625	1763	1258	1265	1237	1215	1073	950	1058	712	533	673	413	726	354	581	332	285	1395
TAC->T	A->T	12233	1.26672216053675e-09	27394487	896	941	797	999	828	904	645	633	610	565	571	450	623	365	217	264	202	363	136	215	179	104	726
TAC->G	A->G	59366	6.14732508644034e-09	27394487	4150	4607	3761	4887	3863	4405	3146	2979	2795	2658	2778	2456	2791	1781	1241	1438	1049	1883	711	1229	857	561	3340
TAC->C	A->C	15215	1.57550704427096e-09	27394487	1105	1091	961	1205	960	1096	844	754	805	739	670	620	658	446	343	403	262	444	214	334	225	165	871
TAA->C	A->C	25103	1.38440342755923e-09	51436869	1735	1964	1602	2183	1718	1893	1333	1270	1263	1118	1210	1074	1209	730	462	559	352	772	255	468	353	188	1392
TAA->G	A->G	70060	3.8637335830299e-09	51436869	4990	5378	4500	5944	4690	5338	3818	3599	3355	3122	3197	2759	3459	2120	1464	1503	1188	2173	803	1352	975	599	3734
TAA->T	A->T	51706	2.85153024042455e-09	51436869	3702	3855	3191	4300	3423	3772	2656	2566	2463	2433	2240	2160	2633	1533	989	1085	1010	1651	763	922	818	425	3116
TCA->A	C->A	35980	2.14601913385192e-09	47559703	2551	2694	2150	2927	2359	2589	1940	1733	1803	1741	1702	1448	1688	1063	723	884	698	1029	541	667	501	338	2211
TCA->G	C->G	30403	1.81338020362701e-09	47559703	2021	2424	1809	2360	1928	2056	1769	1656	1720	1403	1417	1208	1267	940	723	870	518	883	440	569	428	322	1672
TCA->T	C->T	80642	4.80987423546656e-09	47559703	5747	6126	4979	6729	5250	6381	4347	4031	3837	3950	3647	3337	3672	2383	1569	1862	1425	2487	1008	1639	1092	750	4394
