Context	X1mer	Count	Rate	context_in_genome	chr1	chr2	chr3	chr4	chr5	chr6	chr7	chr8	chr9	chr10	chr11	chr12	chr13	chr14	chr15	chr16	chr17	chr18	chr19	chr20	chr21	chr22	chrX
AAA->C	A->C	46042	1.96327098959132e-09	94426158	3155	3647	2938	3505	3169	2881	2459	2410	2385	2019	1998	1806	1941	1368	944	1156	931	1272	713	906	632	414	3393
AAA->G	A->G	74632	3.18237349583379e-09	94426158	5432	5862	4547	5712	5076	4766	4062	3869	3561	3309	3246	3175	3127	2190	1581	1830	1578	2114	1157	1511	1020	670	5237
AAA->T	A->T	30615	1.30545027032575e-09	94426158	2105	2365	1901	2534	2083	1850	1681	1625	1479	1301	1304	1234	1387	833	595	684	576	918	476	601	472	275	2336
AAC->C	A->C	15221	1.73186128231539e-09	35387385	1089	1201	914	1130	996	883	821	763	758	665	693	633	652	490	333	368	294	428	220	319	242	143	1186
AAC->G	A->G	46878	5.33382781633144e-09	35387385	3398	3645	2934	3724	3194	2957	2455	2457	2190	2008	2082	1885	2075	1338	958	1022	841	1341	527	991	713	438	3705
AAC->T	A->T	13233	1.50566456532945e-09	35387385	879	1010	839	1081	947	848	705	706	612	561	580	511	566	405	263	305	231	363	140	280	189	116	1096
AAG->C	A->C	16328	1.35951043730318e-09	48358056	1190	1306	966	1329	1142	1043	838	925	785	731	684	638	661	446	336	449	277	472	180	333	221	160	1216
AAG->G	A->G	50402	4.19659756620254e-09	48358056	3646	4076	3150	3834	3410	3027	2644	2654	2408	2254	2181	2054	2034	1446	1041	1292	1067	1438	723	1171	719	479	3654
AAG->T	A->T	12519	1.04236349611701e-09	48358056	941	956	755	1013	843	779	640	651	596	568	545	511	562	344	247	314	200	342	125	243	195	116	1033
AAT->C	A->C	19571	1.25914239563043e-09	62583026	1364	1605	1196	1638	1354	1239	1001	1076	1005	862	889	786	875	532	394	395	325	579	224	359	264	172	1437
AAT->G	A->G	111419	7.16838110360976e-09	62583026	7743	9116	7265	8792	8051	6951	5899	6033	5608	4704	4893	4460	5056	3285	2294	2540	1859	3270	1119	2151	1537	875	7918
AAT->T	A->T	28341	1.82337921590935e-09	62583026	1931	2193	1784	2336	2001	1661	1533	1512	1330	1233	1202	1168	1256	780	514	618	488	840	355	521	432	219	2434
ACA->A	C->A	41343	3.39250389643923e-09	49068188	2885	3277	2565	3278	2755	2573	2109	2231	1956	1716	1899	1633	1749	1160	808	980	767	1109	556	804	663	386	3484
ACA->G	C->G	30244	2.48174752301256e-09	49068188	1957	2501	1854	2230	1904	1770	1601	1769	1643	1276	1286	1208	1314	880	679	871	567	851	454	596	445	293	2295
ACA->T	C->T	116750	9.58021502816149e-09	49068188	8389	9417	7152	9317	8052	7278	6026	6143	5330	5066	5375	4793	4944	3298	2394	2664	2164	3507	1430	2530	1697	1054	8730
ACC->A	C->A	37183	5.49753938586089e-09	27232936	2731	2870	2319	2823	2435	2334	1909	2063	1666	1647	1771	1559	1415	1064	785	969	725	1072	567	847	558	396	2658
ACC->G	C->G	16240	2.40109834134902e-09	27232936	1133	1292	977	1103	1025	917	856	936	949	719	745	613	575	456	412	543	333	400	273	394	233	211	1145
ACC->T	C->T	63612	9.40509037499348e-09	27232936	4806	4961	3714	4591	4045	3818	3221	3371	2812	3029	2811	2621	2511	1950	1389	1732	1415	1827	1016	1568	891	766	4747
ACG->A	C->A	9619	7.08469381050147e-09	5466725	685	745	555	714	595	555	530	525	463	461	403	386	407	288	192	280	212	318	172	240	141	112	640
ACG->G	C->G	7109	5.23600044691287e-09	5466725	583	540	380	517	424	437	380	346	379	313	323	255	260	247	156	218	161	218	145	154	97	98	478
ACG->T	C->T	167511	1.23377081286091e-07	5466725	12314	13729	9484	11819	10816	10224	9124	8891	7461	8329	7493	6961	6607	4840	3586	4482	3853	5000	2694	4132	2419	2169	11084
ACT->A	C->A	20965	2.1913249540493e-09	38521791	1382	1652	1314	1704	1443	1307	1090	1170	1050	873	993	816	812	643	455	525	345	566	247	411	323	187	1657
ACT->G	C->G	27643	2.8893296305645e-09	38521791	1820	2289	1629	2056	1959	1634	1520	1649	1584	1163	1216	1064	1122	783	643	797	472	726	321	500	399	252	2045
ACT->T	C->T	74977	7.8368218974364e-09	38521791	5517	5897	4736	6102	5043	4740	4006	3927	3450	3273	3412	2960	3351	2154	1487	1705	1421	2175	933	1588	1062	597	5441
TCT->T	C->T	79273	5.92160022775498e-09	53901965	6035	6098	4685	6128	5260	4941	4106	4117	3618	3610	3574	3183	3155	2241	1622	1989	1640	2154	1215	1778	1107	795	6222
TCT->G	C->G	44799	3.34643281575310e-09	53901965	2940	3641	2706	3164	2925	2675	2396	2725	2698	1948	2014	1691	1703	1269	1046	1375	798	1166	643	919	609	444	3304
TCT->A	C->A	36397	2.71881325911215e-09	53901965	2520	2761	2274	3001	2534	2315	1930	1946	1679	1481	1632	1510	1516	1004	668	845	637	1056	370	719	552	289	3158
GCT->T	C->T	65571	8.12218699209730e-09	32505527	4932	5097	3900	5005	4275	4077	3416	3437	3087	3034	3056	2712	2564	1918	1345	1623	1310	1886	895	1581	939	700	4782
GCT->G	C->G	16747	2.07442719428792e-09	32505527	1143	1356	999	1135	1041	1008	903	1023	986	770	727	654	598	464	413	621	368	421	264	358	191	202	1102
GCT->A	C->A	16587	2.05460822067557e-09	32505527	1186	1346	1003	1183	1075	986	854	983	782	763	786	677	646	483	377	452	343	445	215	367	237	182	1216
CCT->T	C->T	87797	8.57805219485518e-09	41210642	6636	6669	5084	6441	5506	5267	4603	4696	3880	4103	3936	3576	3528	2513	1798	2448	1859	2528	1438	2158	1331	1116	6683
CCT->G	C->G	24403	2.3842523971326e-09	41210642	1722	1980	1366	1581	1593	1383	1306	1459	1422	1083	1107	932	833	665	621	899	506	672	429	562	300	326	1656
CCT->A	C->A	19009	1.85724106942153e-09	41210642	1346	1437	1154	1470	1276	1113	1050	1017	908	833	869	758	793	560	399	531	415	528	283	451	256	191	1371
TAT->T	A->T	32731	2.51837551084919e-09	52330776	2179	2556	2067	2661	2208	2034	1808	1729	1473	1315	1389	1334	1486	895	585	700	604	962	452	641	481	273	2899
TAT->G	A->G	143567	1.10462746926793e-08	52330776	9676	11941	9166	12145	10227	8862	7527	7516	7052	5685	6517	5591	6701	4162	2743	3001	2361	4330	1396	2604	2175	983	11206
TAT->C	A->C	18786	1.44542489831698e-09	52330776	1247	1474	1160	1556	1359	1213	1040	946	853	756	834	768	877	512	331	419	331	549	174	339	274	150	1624
GAT->T	A->T	22321	2.75352673096499e-09	32639443	1514	1712	1454	1926	1617	1377	1163	1180	1006	941	1019	895	930	663	412	486	389	643	251	477	323	182	1761
GAT->G	A->G	41803	5.15683338266787e-09	32639443	2940	3350	2625	3260	2823	2501	2256	2289	1997	1787	1916	1716	1756	1278	822	1098	740	1206	520	915	605	406	2997
GAT->C	A->C	9318	1.14947189100541e-09	32639443	737	754	548	721	614	544	525	504	465	414	391	391	370	259	195	206	172	261	132	208	132	102	673
CAT->T	A->T	26881	2.39487550147551e-09	45194009	1954	2114	1684	2212	1822	1638	1419	1504	1269	1166	1270	1066	1180	737	539	608	453	757	288	544	419	246	1992
CAT->G	A->G	120272	1.07152437153924e-08	45194009	8608	9833	7396	9147	8130	7433	6480	6427	5823	5409	5373	4820	5295	3432	2629	2931	2275	3636	1474	2561	1787	1126	8247
CAT->C	A->C	21781	1.94050754427432e-09	45194009	1463	1744	1374	1674	1528	1420	1083	1187	1089	997	1031	930	860	689	459	514	366	623	261	484	325	204	1476
CAA->C	A->C	23315	2.0122538566856e-09	46652083	1613	1930	1469	1780	1555	1414	1243	1329	1131	1052	991	927	965	661	522	562	447	673	307	474	345	217	1708
CAA->G	A->G	45308	3.91040951056021e-09	46652083	3380	3623	2830	3437	3015	2828	2369	2305	2192	1972	2006	1820	1997	1371	956	1102	895	1360	622	1013	598	432	3185
CAA->T	A->T	10810	9.32981522229096e-10	46652083	791	867	710	850	756	641	573	555	513	458	479	408	454	321	218	238	210	314	121	226	181	96	830
CAC->C	A->C	18838	2.15338231340678e-09	35223462	1362	1428	1027	1319	1161	1104	991	991	993	924	777	769	731	568	421	654	434	516	378	469	295	262	1264
CAC->G	A->G	50338	5.75416492686434e-09	35223462	3634	4110	2836	3483	3231	3096	2726	2670	2339	2322	2147	2056	2028	1425	1191	1379	1300	1456	904	1200	743	699	3363
CAC->T	A->T	14176	1.62046648661506e-09	35223462	1011	1166	877	1064	897	816	741	779	654	693	581	573	525	389	307	396	334	391	197	369	227	204	985
CAG->C	A->C	17903	1.53632836550043e-09	46920232	1321	1433	1064	1220	1152	1082	959	1019	891	818	822	704	739	524	419	515	399	506	297	415	243	244	1117
CAG->G	A->G	64137	5.50385367693131e-09	46920232	4855	5166	3691	4263	4042	3837	3322	3376	3013	3041	2869	2515	2540	1996	1519	1857	1585	1846	1173	1594	913	903	4221
CAG->T	A->T	14208	1.21924556873318e-09	46920232	1019	1131	803	1069	914	832	729	770	694	633	667	588	531	389	315	369	310	415	242	354	230	186	1018
CCA->A	C->A	24859	2.3064964601931e-09	43395955	1813	1942	1465	1895	1573	1449	1352	1335	1132	1175	1106	938	1022	740	550	661	503	686	360	553	372	287	1950
CCA->G	C->G	17277	1.60301457591843e-09	43395955	1216	1349	992	1234	1057	973	904	1000	918	792	801	654	613	495	415	564	391	477	287	399	269	254	1223
CCA->T	C->T	69889	6.48452194804439e-09	43395955	5167	5415	4054	5056	4515	4264	3697	3748	3206	3223	3169	2792	2794	2038	1625	1956	1545	1944	1110	1743	999	888	4941
CCC->A	C->A	21990	2.99161810414522e-09	29596303	1621	1752	1232	1530	1353	1289	1131	1169	1097	1054	1033	844	745	669	542	723	477	576	387	572	299	315	1580
CCC->G	C->G	20814	2.83162979625641e-09	29596303	1566	1695	1116	1252	1280	1163	1140	1176	1128	980	912	803	767	671	522	725	507	543	429	565	269	344	1261
CCC->T	C->T	65089	8.85499912599855e-09	29596303	5128	5047	3692	4240	4024	3757	3397	3592	3000	3035	2962	2587	2367	1959	1479	2010	1616	1807	1210	1804	932	980	4464
CCG->A	C->A	7948	5.86465445151174e-09	5456747	657	605	410	527	478	408	444	400	366	411	321	302	285	234	202	268	201	226	166	219	128	155	535
CCG->G	C->G	7399	5.45955942208547e-09	5456747	566	605	395	450	398	380	427	401	367	367	319	268	267	237	194	279	223	174	219	181	110	171	401
CCG->T	C->T	141522	1.04425972230353e-07	5456747	11292	10914	7508	8937	8294	8092	7879	7222	6572	7147	6274	5753	4969	4173	3326	4486	4228	3989	3361	3991	2071	2464	8580
TCG->T	C->T	97933	8.29168099219693e-08	4755595	7505	7697	5378	6640	6125	5912	5389	5019	4442	4929	4423	4055	3827	2797	2155	2738	2450	2762	1881	2513	1389	1419	6488
TCG->G	C->G	6798	5.75565410892699e-09	4755595	484	492	389	425	412	391	373	378	312	304	296	251	251	208	175	217	182	175	163	202	88	116	514
TCG->A	C->A	6183	5.23495283252363e-09	4755595	414	471	321	440	420	338	351	346	287	308	265	239	241	192	136	179	136	207	122	163	102	79	426
GCG->T	C->T	118967	1.03461914443548e-07	4629823	9159	9217	6445	7710	7161	7000	6596	6183	5523	5754	5371	4947	4353	3448	2812	3620	3366	3256	2749	3254	1632	1932	7479
GCG->G	C->G	5685	4.94406838544781e-09	4629823	381	440	293	389	308	321	287	290	329	265	228	232	210	213	146	208	157	137	169	151	99	103	329
GCG->A	C->A	10415	9.05760285566208e-09	4629823	777	794	505	711	611	651	559	571	518	512	459	417	398	314	228	309	294	316	235	277	155	198	606
TAG->T	A->T	8664	1.10910068529544e-09	31453274	613	684	550	727	613	544	442	457	419	371	433	324	405	230	147	176	138	241	89	160	118	63	720
TAG->G	A->G	38938	4.98455245660595e-09	31453274	2829	3173	2408	3097	2705	2376	1999	2031	1852	1653	1702	1588	1694	1174	859	932	697	1086	437	746	558	364	2978
TAG->C	A->C	8372	1.07172102230996e-09	31453274	607	656	530	661	567	544	423	428	441	362	387	313	363	234	169	194	158	234	89	171	144	75	622
GAG->T	A->T	11605	1.18571672531468e-09	39407836	890	939	635	835	729	695	570	653	601	503	512	467	428	373	249	373	227	335	185	257	160	161	828
GAG->G	A->G	33660	3.43914045446721e-09	39407836	2527	2672	1950	2397	2057	2029	1816	1774	1622	1580	1456	1361	1265	988	714	992	789	948	680	835	437	486	2285
GAG->C	A->C	12229	1.24947262678786e-09	39407836	890	956	759	825	739	720	637	618	631	591	524	459	498	367	305	382	288	345	222	330	180	169	794
GAA->C	A->C	14360	1.19858590488005e-09	48239596	978	1164	874	1056	975	834	820	763	766	630	649	612	657	438	315	374	257	406	172	279	197	121	1023
GAA->G	A->G	41354	3.45169369849648e-09	48239596	3045	3354	2539	3175	2874	2625	2176	2166	1881	1816	1786	1547	1801	1188	905	1016	807	1136	553	934	553	409	3068
GAA->T	A->T	10694	8.92595937798554e-10	48239596	730	864	612	884	717	658	583	598	506	445	488	427	459	309	253	241	199	298	108	206	176	81	852
GAC->C	A->C	6599	1.19237557850842e-09	22283502	494	550	343	494	416	413	333	377	347	297	285	242	257	203	163	179	140	152	132	149	90	92	451
GAC->G	A->G	25804	4.66253363052452e-09	22283502	1826	2064	1538	1982	1690	1529	1311	1373	1190	1162	1113	1040	994	722	573	675	556	752	409	621	386	300	1998
GAC->T	A->T	10352	1.87050643866028e-09	22283502	779	823	625	800	672	610	517	575	471	458	446	407	412	300	199	259	184	317	150	251	136	103	858
GCA->A	C->A	29615	3.51053291268112e-09	33966991	2150	2358	1753	2376	1948	1797	1572	1645	1311	1350	1367	1183	1187	820	626	728	590	804	381	676	445	273	2275
GCA->G	C->G	13378	1.58581493519663e-09	33966991	930	1108	742	982	876	774	704	795	721	616	581	546	546	382	288	390	281	408	188	289	185	160	886
GCA->T	C->T	55621	6.59325852224335e-09	33966991	3949	4461	3363	4088	3554	3419	2996	3041	2699	2489	2590	2274	2238	1522	1167	1502	1128	1565	774	1350	821	662	3969
GCC->A	C->A	23212	3.52987468658247e-09	26477176	1789	1875	1281	1598	1404	1357	1224	1306	1116	1138	1096	877	831	655	526	697	525	643	400	609	330	325	1610
GCC->G	C->G	14865	2.26053710219061e-09	26477176	1114	1171	820	936	961	823	804	805	749	701	689	579	528	468	390	524	380	371	277	357	218	245	955
GCC->T	C->T	59263	9.01219039940277e-09	26477176	4458	4637	3316	4093	3670	3454	3071	3195	2817	2882	2758	2292	2185	1730	1361	1742	1385	1709	1101	1517	898	830	4162
TCC->T	C->T	63636	7.04817250623068e-09	36353375	4834	4996	3745	4639	4143	3789	3307	3374	2909	2972	2895	2597	2507	1871	1371	1788	1375	1769	974	1550	888	805	4538
TCC->G	C->G	20562	2.27739837628253e-09	36353375	1404	1702	1179	1368	1280	1202	1141	1182	1105	925	883	789	787	608	478	763	440	582	338	483	280	294	1349
TCC->A	C->A	21227	2.35105219985164e-09	36353375	1464	1650	1241	1629	1402	1289	1098	1139	1036	1011	993	800	819	567	426	593	421	641	318	482	323	246	1639
TAC->T	A->T	8213	1.20713832670213e-09	27394487	557	641	490	672	607	503	459	483	403	356	349	338	348	230	151	188	115	266	100	150	133	61	613
TAC->G	A->G	41737	6.13446150512197e-09	27394487	2883	3286	2636	3463	2866	2630	2135	2208	1967	1727	1783	1722	1824	1195	829	892	774	1281	471	871	628	346	3320
TAC->C	A->C	7827	1.15040444211586e-09	27394487	527	613	507	595	514	483	423	430	410	304	316	307	330	248	183	219	136	217	102	154	121	84	604
TAA->C	A->C	17121	1.34021042131429e-09	51436869	1116	1337	1129	1382	1198	1095	892	949	907	742	798	711	786	535	369	368	248	485	171	293	241	122	1247
TAA->G	A->G	49496	3.8744848439561e-09	51436869	3341	4129	3200	4132	3557	3198	2566	2614	2481	2030	2164	1957	2320	1381	983	1017	814	1481	504	952	726	374	3575
TAA->T	A->T	29080	2.27634595244552e-09	51436869	2025	2352	1790	2294	1980	1831	1573	1468	1332	1307	1167	1144	1371	844	558	621	554	864	449	566	429	250	2311
TCA->A	C->A	25101	2.12505550537764e-09	47559703	1748	1940	1566	2097	1690	1512	1296	1300	1210	1071	1124	994	1081	698	495	617	417	787	318	513	365	226	2036
TCA->G	C->G	22924	1.94075026513991e-09	47559703	1515	1849	1418	1707	1559	1344	1236	1288	1380	935	1040	917	901	686	538	726	396	602	304	435	322	232	1594
TCA->T	C->T	62722	5.31005662755651e-09	47559703	4500	4989	3906	4976	4251	3983	3326	3390	2921	2792	2776	2618	2695	1733	1303	1563	1162	1870	878	1319	830	575	4366
