Context	X1mer	Count	Rate	context_in_genome	chr1	chr2	chr3	chr4	chr5	chr6	chr7	chr8	chr9	chr10	chr11	chr12	chr13	chr14	chr15	chr16	chr17	chr18	chr19	chr20	chr21	chr22	chrX
AAA->C	A->C	25093	1.96968958968737e-09	94426158	1752	2025	1596	1905	1820	1598	1354	1310	1246	1143	1139	990	1060	733	514	663	520	680	392	490	338	228	1597
AAA->G	A->G	40810	3.20340462101549e-09	94426158	3066	3195	2513	3104	2801	2610	2294	2090	1959	1849	1862	1766	1736	1198	906	1035	856	1180	650	802	573	358	2407
AAA->T	A->T	16623	1.3048320268351e-09	94426158	1155	1312	1015	1399	1115	1000	966	897	814	712	755	669	750	455	329	384	329	511	260	341	258	146	1051
AAC->C	A->C	8348	1.74852357359087e-09	35387385	605	683	553	635	551	504	469	410	380	361	416	348	346	267	175	190	159	222	126	180	134	83	551
AAC->G	A->G	25683	5.37941194783591e-09	35387385	1928	2026	1637	2052	1751	1651	1379	1380	1236	1068	1190	1091	1111	731	533	579	463	761	286	564	410	237	1619
AAC->T	A->T	7257	1.52000905289278e-09	35387385	496	561	466	614	526	451	395	384	341	314	336	288	314	219	127	170	137	197	81	161	109	61	509
AAG->C	A->C	8762	1.34298739803982e-09	48358056	669	720	522	731	639	552	475	512	414	390	375	329	369	241	190	244	149	264	92	179	114	82	510
AAG->G	A->G	27655	4.23879439543384e-09	48358056	2081	2211	1781	2080	1898	1672	1475	1496	1322	1254	1251	1150	1146	786	583	734	573	785	408	641	413	267	1648
AAG->T	A->T	6767	1.03720562914123e-09	48358056	470	554	435	538	477	445	360	374	301	308	284	297	309	185	134	162	109	164	70	133	112	69	477
AAT->C	A->C	10522	1.24617565210039e-09	62583026	777	859	629	872	740	680	571	574	519	446	504	439	502	277	207	219	172	321	122	202	130	95	665
AAT->G	A->G	60527	7.16853009833494e-09	62583026	4308	4910	4017	4714	4482	3743	3368	3372	3033	2594	2817	2514	2710	1752	1281	1422	1032	1844	647	1237	833	489	3408
AAT->T	A->T	15215	1.8019922587633e-09	62583026	1014	1178	989	1252	1127	907	868	836	708	653	660	606	682	435	265	346	263	483	196	300	251	122	1074
ACA->A	C->A	22455	3.3919587437683e-09	49068188	1587	1762	1417	1793	1521	1412	1182	1244	1060	948	1089	878	984	628	441	553	441	603	322	452	367	195	1576
ACA->G	C->G	16492	2.49121280793707e-09	49068188	1087	1338	1029	1207	1047	1002	895	1001	886	701	731	665	693	495	379	477	301	471	277	338	257	166	1049
ACA->T	C->T	63620	9.61017213442616e-09	49068188	4705	5192	3966	5013	4500	3945	3433	3457	2904	2760	3010	2673	2726	1805	1327	1457	1215	1963	797	1391	927	588	3866
ACC->A	C->A	20191	5.49541994766703e-09	27232936	1551	1544	1242	1554	1327	1281	1079	1144	918	875	1029	879	765	578	429	545	383	595	340	484	286	208	1155
ACC->G	C->G	8902	2.42287298173107e-09	27232936	649	707	520	593	553	537	478	511	492	411	456	377	303	245	220	288	186	217	158	212	139	119	531
ACC->T	C->T	34549	9.40326203615217e-09	27232936	2671	2758	2073	2486	2232	2070	1814	1869	1484	1678	1543	1457	1342	1091	763	951	765	1019	587	870	497	428	2101
ACG->A	C->A	5331	7.22801387319398e-09	5466725	414	412	308	406	338	314	285	300	256	236	212	222	224	158	119	163	127	179	96	139	80	62	281
ACG->G	C->G	4095	5.55218848447371e-09	5466725	353	312	229	282	234	249	229	206	234	182	197	153	148	146	89	132	86	125	89	92	54	47	227
ACG->T	C->T	91659	1.24275468693132e-07	5466725	6970	7543	5208	6426	6116	5649	5144	4907	4114	4586	4292	3870	3587	2613	1942	2531	2123	2749	1531	2289	1347	1192	4930
ACT->A	C->A	11227	2.16020404258235e-09	38521791	802	869	714	918	800	732	589	642	547	445	563	448	431	346	252	287	180	313	122	220	186	94	727
ACT->G	C->G	14862	2.85961988784706e-09	38521791	1008	1267	897	1094	1100	896	860	917	857	609	672	581	616	396	351	415	271	380	175	268	214	140	878
ACT->T	C->T	41421	7.96987722880587e-09	38521791	3088	3268	2668	3367	2821	2686	2336	2231	1886	1869	1960	1618	1855	1194	837	926	774	1220	538	912	601	324	2442
TCT->T	C->T	42444	5.83645619922917e-09	53901965	3312	3289	2551	3218	2886	2706	2311	2268	1870	1945	1984	1725	1673	1194	827	1106	892	1192	665	973	633	443	2781
TCT->G	C->G	24095	3.31329309491157e-09	53901965	1645	1965	1442	1706	1602	1435	1316	1498	1438	1047	1153	931	904	708	551	770	456	636	353	500	345	246	1448
TCT->A	C->A	19230	2.64430903569826e-09	53901965	1371	1443	1246	1578	1400	1209	1073	1045	869	766	930	810	805	551	374	455	360	557	216	395	283	161	1333
GCT->T	C->T	35483	8.09097095657520e-09	32505527	2714	2789	2156	2682	2382	2205	1907	1915	1646	1672	1734	1527	1419	1052	724	873	708	1059	496	872	530	360	2061
GCT->G	C->G	8975	2.0465142275248e-09	32505527	601	731	525	602	566	560	467	590	502	423	416	384	314	264	219	332	207	237	139	184	109	109	494
GCT->A	C->A	8984	2.04856644234906e-09	32505527	591	768	579	658	618	553	491	505	410	405	465	378	351	246	202	244	199	250	115	216	139	99	502
CCT->T	C->T	47061	8.46426581225532e-09	41210642	3721	3683	2825	3362	3003	2826	2505	2528	2024	2234	2231	1977	1858	1343	1011	1314	999	1406	777	1203	725	619	2887
CCT->G	C->G	13014	2.34066329403733e-09	41210642	981	1042	764	832	846	775	716	801	751	564	582	511	433	382	348	492	287	362	249	295	165	177	659
CCT->A	C->A	10201	1.83472462444097e-09	41210642	741	789	606	772	716	620	570	557	484	461	520	400	433	292	216	291	217	273	160	256	151	101	575
TAT->T	A->T	17245	2.4425504706377e-09	52330776	1184	1375	1122	1377	1199	1068	1016	940	779	705	744	698	795	437	306	401	324	497	250	357	247	154	1270
TAT->G	A->G	77921	1.10365888792439e-08	52330776	5448	6540	5038	6629	5606	4800	4220	4151	3808	3068	3695	2950	3645	2275	1548	1678	1315	2411	785	1515	1198	550	5048
TAT->C	A->C	10096	1.42997909837972e-09	52330776	685	771	634	840	764	664	593	555	448	423	435	403	491	279	186	230	170	300	91	197	146	76	715
GAT->T	A->T	12033	2.73255366814075e-09	32639443	841	957	816	1040	874	748	657	645	532	484	569	501	504	364	220	260	228	343	142	260	167	91	790
GAT->G	A->G	22907	5.20191198172526e-09	32639443	1625	1856	1465	1796	1577	1392	1274	1271	1071	991	1104	948	928	697	476	615	414	657	297	512	336	241	1364
GAT->C	A->C	5109	1.16019419018791e-09	32639443	431	418	311	400	358	305	284	289	262	225	210	229	199	131	113	115	99	137	85	98	68	52	290
CAT->T	A->T	14592	2.39315856948418e-09	45194009	1131	1178	933	1178	1011	935	796	838	658	635	674	597	642	387	302	332	244	412	152	308	235	147	867
CAT->G	A->G	66163	1.08510519759308e-08	45194009	4851	5422	4091	5049	4533	4184	3588	3662	3175	2999	3037	2685	2870	1883	1510	1640	1253	2057	867	1495	1025	641	3646
CAT->C	A->C	11699	1.91869257842622e-09	45194009	806	923	754	910	839	776	596	658	586	546	573	512	451	383	232	283	204	347	145	256	179	103	637
CAA->C	A->C	12621	2.00521179061889e-09	46652083	879	1030	823	944	870	779	667	729	611	593	560	533	521	345	279	318	243	370	173	271	186	130	767
CAA->G	A->G	25292	4.01836753096687e-09	46652083	1945	2021	1576	1908	1696	1644	1376	1315	1196	1108	1127	1045	1128	784	528	653	509	753	355	579	339	251	1456
CAA->T	A->T	5850	9.29442118304451e-10	46652083	458	475	390	457	444	344	318	287	266	240	261	234	251	179	106	132	138	175	65	122	94	43	371
CAC->C	A->C	10006	2.10555205045414e-09	35223462	737	776	558	685	639	590	560	541	516	510	417	417	380	269	232	379	222	271	223	251	160	135	538
CAC->G	A->G	28243	5.94314476923609e-09	35223462	2138	2338	1624	1913	1833	1786	1586	1489	1299	1287	1214	1217	1120	783	669	827	719	829	533	691	406	399	1543
CAC->T	A->T	7640	1.60767716025081e-09	35223462	564	618	504	576	503	456	412	425	336	354	329	321	282	219	177	204	168	220	98	197	119	110	448
CAG->C	A->C	9612	1.51841726693869e-09	46920232	744	805	587	688	625	584	542	548	456	427	430	378	396	275	230	263	213	284	176	232	135	129	465
CAG->G	A->G	35894	5.67021112978539e-09	46920232	2793	2908	2114	2375	2242	2055	1979	1975	1673	1652	1687	1464	1411	1137	807	1102	917	1054	686	925	518	516	1904
CAG->T	A->T	7695	1.21558685695934e-09	46920232	543	639	439	569	503	462	395	432	356	340	378	320	308	215	175	199	170	237	145	198	127	98	447
CCA->A	C->A	13194	2.25353730643117e-09	43395955	994	1071	819	1009	815	785	763	714	570	615	615	500	533	411	290	353	279	388	206	293	202	147	822
CCA->G	C->G	9197	1.57084906830737e-09	43395955	649	719	526	654	594	561	495	566	473	419	435	351	330	264	210	314	193	283	152	210	134	136	529
CCA->T	C->T	37881	6.47008084772768e-09	43395955	2980	2963	2188	2721	2524	2341	2087	2054	1707	1755	1730	1538	1572	1070	880	1055	874	1067	594	989	558	509	2125
CCC->A	C->A	11774	2.94865586288911e-09	29596303	898	927	698	828	734	711	603	621	562	575	590	474	379	350	318	379	273	337	223	311	157	172	654
CCC->G	C->G	11172	2.7978922456427e-09	29596303	873	931	603	663	717	627	624	616	595	526	528	442	398	374	281	410	268	290	229	324	146	193	514
CCC->T	C->T	35215	8.81917073311024e-09	29596303	2873	2753	2010	2323	2268	2063	1867	2004	1568	1626	1641	1438	1243	1062	831	1114	898	1032	665	1007	501	547	1881
CCG->A	C->A	4395	5.96983851467601e-09	5456747	375	329	213	304	273	238	234	235	200	203	192	174	160	123	100	151	107	141	101	120	71	94	257
CCG->G	C->G	4012	5.44960002750402e-09	5456747	322	322	217	252	238	231	227	214	189	188	162	158	136	139	111	148	126	89	129	87	57	88	182
CCG->T	C->T	77051	1.04660302023732e-07	5456747	6307	5986	4112	4943	4655	4430	4337	3997	3510	3867	3505	3218	2612	2279	1847	2509	2321	2208	1891	2216	1141	1357	3803
TCG->T	C->T	53333	8.31244288545039e-08	4755595	4218	4233	2906	3644	3380	3211	2971	2780	2461	2697	2520	2244	2101	1485	1176	1491	1381	1575	1075	1409	774	799	2802
TCG->G	C->G	3810	5.93823850028425e-09	4755595	264	286	216	253	245	217	214	202	167	162	157	148	150	111	108	134	102	95	90	116	52	75	246
TCG->A	C->A	3338	5.20258270707318e-09	4755595	217	256	165	249	239	162	194	190	141	162	155	145	125	110	71	105	71	122	75	91	53	44	196
GCG->T	C->T	64861	1.03838109952097e-07	4629823	5102	5063	3524	4187	4014	3875	3701	3376	2999	3101	3025	2738	2356	1847	1587	2051	1831	1806	1553	1786	967	1094	3278
GCG->G	C->G	3188	5.10377414050485e-09	4629823	210	260	175	212	174	174	155	169	188	133	134	132	120	117	89	121	92	76	92	89	54	52	170
GCG->A	C->A	5704	9.13172136055196e-09	4629823	446	415	279	374	359	366	311	320	266	281	267	231	206	182	131	186	163	163	130	161	87	114	266
TAG->T	A->T	4586	1.08070140137087e-09	31453274	352	363	280	387	321	284	235	267	234	213	229	187	198	111	75	86	77	144	45	93	58	38	309
TAG->G	A->G	21322	5.02457812473389e-09	31453274	1587	1743	1303	1709	1458	1364	1195	1095	1012	925	966	878	951	645	458	505	356	620	265	427	317	205	1338
TAG->C	A->C	4619	1.08847792693677e-09	31453274	341	350	321	366	332	296	251	246	242	203	230	180	183	129	89	115	86	133	50	113	84	38	241
GAG->T	A->T	6162	1.15898183528777e-09	39407836	484	516	326	422	414	371	297	350	310	274	282	250	247	183	135	197	114	185	104	157	75	92	377
GAG->G	A->G	18233	3.42935991606654e-09	39407836	1401	1466	1055	1266	1144	1104	986	1013	848	853	829	745	706	510	400	537	433	517	412	474	234	265	1035
GAG->C	A->C	6441	1.21145764379886e-09	39407836	487	501	398	464	419	395	362	350	316	306	279	244	272	180	134	214	133	186	110	178	95	89	329
GAA->C	A->C	7904	1.2144532238102e-09	48239596	575	642	466	574	561	449	469	418	411	330	386	353	374	242	176	192	148	228	86	165	118	57	484
GAA->G	A->G	22660	3.48171938911173e-09	48239596	1753	1825	1427	1755	1591	1485	1204	1223	1011	984	1000	880	946	653	499	576	456	620	317	531	302	232	1390
GAA->T	A->T	5722	8.7918792341118e-10	48239596	399	463	347	419	398	370	310	334	270	240	268	223	263	167	147	130	106	177	63	111	95	49	373
GAC->C	A->C	3621	1.20443288082747e-09	22283502	277	313	192	262	225	240	174	211	183	161	164	139	134	109	94	102	77	82	66	89	55	59	213
GAC->G	A->G	14229	4.73291230635018e-09	22283502	1014	1194	847	1104	946	865	733	768	648	654	617	579	557	413	319	348	342	396	249	345	209	171	911
GAC->T	A->T	5562	1.85005680286174e-09	22283502	429	444	343	432	384	325	292	330	261	261	245	212	220	156	103	142	102	176	81	129	75	64	356
GCA->A	C->A	15761	3.43925371726392e-09	33966991	1167	1307	949	1266	1038	950	897	892	693	686	768	667	616	442	330	410	321	443	214	393	237	157	918
GCA->G	C->G	7308	1.59469996610397e-09	33966991	535	618	445	527	461	406	398	444	401	318	323	297	286	205	153	226	165	228	107	166	112	95	392
GCA->T	C->T	30119	6.57235471799201e-09	33966991	2251	2416	1820	2169	1932	1816	1640	1705	1453	1330	1461	1296	1251	826	631	848	625	840	432	767	475	375	1760
GCC->A	C->A	12568	3.51829322652441e-09	26477176	994	1033	703	866	810	741	706	704	575	599	600	487	467	344	271	398	309	346	209	326	182	177	721
GCC->G	C->G	7936	2.22160845366786e-09	26477176	642	640	450	498	511	429	454	436	400	347	378	311	274	256	205	288	213	202	142	210	108	124	418
GCC->T	C->T	32066	8.97657468186916e-09	26477176	2480	2482	1851	2179	2033	1885	1725	1746	1486	1567	1616	1276	1178	954	757	955	746	908	640	879	474	447	1802
TCC->T	C->T	34062	6.94485097103675e-09	36353375	2651	2653	2040	2508	2313	2082	1805	1839	1560	1576	1603	1422	1375	981	746	943	764	972	546	867	485	414	1917
TCC->G	C->G	11106	2.26438596924239e-09	36353375	764	952	661	734	677	663	644	650	565	472	481	440	441	320	260	438	235	322	200	260	145	169	613
TCC->A	C->A	11241	2.29191092024614e-09	36353375	752	920	695	888	754	678	605	614	530	559	571	433	433	290	220	319	225	342	183	256	170	122	682
TAC->T	A->T	4430	1.19861049659078e-09	27394487	295	351	283	347	336	278	261	275	220	179	193	170	186	134	84	104	62	151	63	75	65	43	275
TAC->G	A->G	22917	6.20057714455323e-09	27394487	1652	1822	1478	1919	1619	1435	1246	1258	1072	965	1009	925	958	678	469	523	420	722	296	496	335	179	1441
TAC->C	A->C	4263	1.15342585710304e-09	27394487	296	335	276	328	294	268	234	241	228	148	168	171	176	140	98	128	77	120	58	99	65	42	273
TAA->C	A->C	9346	1.34675555097153e-09	51436869	611	731	631	749	686	631	499	533	490	413	445	385	418	295	207	206	148	273	101	157	126	69	542
TAA->G	A->G	27066	3.90020177001877e-09	51436869	1864	2291	1760	2280	1995	1817	1481	1458	1328	1109	1165	1095	1242	771	536	582	456	798	281	559	405	214	1579
TAA->T	A->T	15683	2.25991518359582e-09	51436869	1137	1286	992	1230	1099	983	881	838	708	711	648	648	708	451	305	341	317	465	247	317	220	150	1001
TCA->A	C->A	13447	2.09567432873547e-09	47559703	955	1027	892	1114	949	827	728	702	636	589	629	508	560	371	268	335	237	424	179	288	204	119	906
TCA->G	C->G	12365	1.92704789728668e-09	47559703	829	1020	756	910	884	731	676	724	741	493	577	515	478	366	282	401	220	328	173	249	168	126	718
TCA->T	C->T	33793	5.26653696668087e-09	47559703	2502	2678	2114	2683	2325	2199	1890	1851	1590	1478	1579	1424	1454	917	735	842	643	1038	511	721	437	319	1863
