Context	Count	Count	Count	Count	Count	Count	Count	Count	Count	Count	Count	Count	Count	Count	Count	Count	Count	Count	Count	Count	Count	Count	Count	One_mer
AAA->C	728	809	688	817	764	703	498	491	517	454	435	433	498	325	214	226	181	270	127	152	139	63	624	A->C
AAA->G	1271	1484	1136	1385	1246	1169	939	891	783	797	776	723	850	513	340	465	317	523	213	340	210	123	977	A->G
AAA->T	414	522	414	500	437	428	329	315	264	275	277	228	309	155	113	143	90	176	80	87	73	38	397	A->T
AAC->C	215	295	216	232	230	211	145	176	156	138	122	113	139	80	60	78	62	82	50	66	42	23	167	A->C
AAC->G	980	1074	858	1022	937	844	695	677	581	606	526	536	632	393	274	332	233	379	143	257	152	73	850	A->G
AAC->T	313	354	256	350	263	285	179	214	159	177	184	155	158	112	66	100	65	115	41	80	47	24	288	A->T
AAG->C	341	405	298	357	312	285	244	244	235	194	199	185	239	118	106	110	77	143	50	97	56	28	232	A->C
AAG->G	879	1054	781	980	872	850	649	691	608	586	586	498	542	363	257	314	236	356	139	257	155	86	721	A->G
AAG->T	213	248	212	258	219	242	162	155	125	154	135	119	124	103	49	67	52	105	31	50	36	23	193	A->T
AAT->C	333	420	296	441	347	363	239	221	234	190	202	181	243	142	105	102	80	160	49	86	74	35	289	A->C
AAT->G	2191	2750	2081	2672	2235	2108	1688	1644	1580	1477	1421	1284	1545	880	624	780	533	901	289	612	394	202	1796	A->G
AAT->T	426	531	440	564	466	455	343	331	299	312	238	258	359	179	96	137	96	179	69	129	90	35	462	A->T
ACA->A	655	761	602	728	633	598	494	445	458	446	448	368	470	235	182	251	131	279	106	174	132	64	595	C->A
ACA->G	487	629	470	578	489	491	393	405	364	308	331	262	291	192	141	208	112	193	101	134	72	63	468	C->G
ACA->T	2140	2432	1825	2252	1968	1934	1469	1431	1359	1411	1267	1169	1300	803	519	694	532	881	355	618	322	260	1678	C->T
ACC->A	853	977	756	913	807	776	600	653	513	552	610	518	525	327	238	312	246	336	157	284	149	110	713	C->A
ACC->G	300	351	281	315	316	258	242	267	225	207	194	173	188	112	95	148	88	142	72	70	59	59	235	C->G
ACC->T	1349	1379	1047	1242	1137	1100	860	858	777	850	782	687	704	482	358	450	374	487	276	370	206	170	1007	C->T
ACG->A	140	174	131	159	118	149	135	109	86	102	83	90	80	46	43	69	48	60	42	47	26	20	107	C->A
ACG->G	84	116	87	80	77	93	63	72	66	64	57	42	75	47	28	46	30	48	27	27	18	27	85	C->G
ACG->T	3410	3942	2781	3180	2914	2909	2428	2363	1982	2347	2012	1895	1934	1319	951	1377	1076	1356	794	1184	632	619	2450	C->T
ACT->A	407	486	382	477	402	350	277	297	279	244	271	247	273	155	108	137	80	153	45	124	69	37	369	C->A
ACT->G	499	627	437	566	479	450	402	395	390	321	321	255	318	213	170	233	125	230	81	139	84	49	418	C->G
ACT->T	1518	1616	1316	1575	1399	1355	1047	1000	859	928	883	845	908	559	376	467	402	600	243	419	222	159	1164	C->T
AGA->A	1470	1547	1165	1463	1270	1292	926	980	860	834	843	806	814	563	358	466	378	538	220	413	221	137	1152	C->T
AGA->C	800	1002	753	901	852	756	645	725	651	505	520	438	514	355	266	409	197	314	128	215	143	97	650	C->G
AGA->T	716	840	661	862	702	654	520	526	481	437	440	417	509	270	184	216	144	319	106	182	128	72	697	C->A
AGC->A	1500	1624	1194	1393	1332	1264	936	1006	891	924	911	770	801	507	362	516	396	615	288	429	220	177	1190	C->T
AGC->C	312	389	258	312	279	284	246	283	238	221	197	176	163	113	101	159	87	127	71	117	39	50	239	C->G
AGC->T	335	402	304	364	333	285	230	293	225	229	200	192	181	111	89	105	96	135	69	105	46	36	276	C->A
AGG->A	1896	2039	1414	1787	1564	1637	1197	1228	974	1185	1087	1008	1009	673	505	715	520	753	399	588	271	245	1589	C->T
AGG->C	490	611	410	461	438	474	413	424	401	346	334	278	283	187	186	276	129	197	113	164	76	74	375	C->G
AGG->T	415	466	320	420	320	310	262	286	251	259	243	197	227	160	110	165	102	149	67	99	52	57	290	C->A
ATA->A	401	532	455	521	426	425	322	319	297	242	249	235	289	160	99	134	78	227	51	110	98	44	400	A->T
ATA->C	2585	3157	2478	3151	2728	2483	1916	1869	1787	1510	1544	1457	1864	1015	656	796	586	1163	306	628	468	222	2076	A->G
ATA->G	270	326	250	335	282	264	202	199	148	139	169	151	181	122	71	84	62	147	34	73	54	27	259	A->C
ATC->A	575	595	501	661	571	542	385	392	329	346	355	325	368	204	144	198	116	236	90	170	102	55	508	A->T
ATC->C	878	1027	725	950	825	773	585	577	549	518	546	438	505	330	215	336	177	325	143	242	153	83	659	A->G
ATC->G	158	206	153	162	138	146	110	120	104	104	102	97	104	72	41	64	48	70	24	48	32	20	138	A->C
ATG->A	556	646	537	623	552	513	401	418	363	346	337	289	354	220	120	221	115	223	89	151	98	52	457	A->T
ATG->C	2507	3021	2131	2713	2310	2351	1680	1761	1590	1596	1523	1335	1669	962	665	855	618	1006	402	732	394	282	1792	A->G
ATG->G	426	501	393	471	422	371	306	307	306	297	268	261	269	173	129	148	107	191	58	131	67	55	328	A->C
CAA->C	436	529	392	471	413	393	286	318	294	270	275	238	279	161	105	165	103	170	75	120	69	42	354	A->C
CAA->G	942	1014	774	914	877	851	596	577	551	605	502	477	592	325	238	324	240	360	136	270	127	100	660	A->G
CAA->T	210	238	212	254	200	217	138	173	144	121	129	127	133	72	52	89	47	79	29	67	37	30	189	A->T
CAC->C	322	390	234	326	282	261	206	221	184	215	185	171	184	101	96	127	94	121	59	94	53	42	215	A->C
CAC->G	948	982	728	939	752	764	675	585	572	616	561	528	524	369	270	335	274	352	197	313	163	147	676	A->G
CAC->T	276	301	215	304	242	220	193	213	177	183	179	156	150	107	90	103	76	110	54	84	43	44	208	A->T
CAG->C	390	475	330	392	316	320	277	257	262	255	239	226	219	157	113	135	103	135	82	154	50	49	258	A->C
CAG->G	1326	1475	1001	1134	1097	1089	874	829	753	788	779	710	745	520	376	484	382	508	290	449	180	202	875	A->G
CAG->T	273	305	258	281	249	250	200	200	172	170	154	149	138	116	91	101	69	107	50	82	52	50	228	A->T
CCA->A	522	527	430	474	446	411	335	344	276	305	288	270	272	187	111	185	128	187	80	159	78	58	443	C->A
CCA->G	363	435	317	346	311	297	239	262	270	243	244	192	199	155	128	165	112	147	82	124	67	66	300	C->G
CCA->T	1479	1669	1184	1349	1254	1242	1018	954	931	953	878	822	808	559	414	556	409	535	327	503	211	255	1122	C->T
CCC->A	467	504	353	438	392	383	295	333	316	301	302	262	231	161	146	212	123	185	147	156	70	97	367	C->A
CCC->G	511	535	328	376	401	378	338	308	300	333	290	258	229	197	151	216	148	156	108	172	78	88	330	C->G
CCC->T	1382	1437	931	1154	1108	1137	856	888	766	832	835	684	601	491	369	547	412	466	312	454	206	240	952	C->T
CCG->A	119	111	84	104	118	99	102	68	92	93	68	68	72	57	34	50	53	46	43	40	24	21	97	C->A
CCG->G	131	144	80	95	80	102	99	77	90	91	82	69	52	39	45	73	55	50	62	46	22	23	80	C->G
CCG->T	3166	3386	2195	2419	2282	2344	2180	1841	1822	2023	1764	1570	1435	1111	843	1366	1142	1068	915	1191	503	661	1991	C->T
CGA->A	2239	2346	1627	1953	1761	1831	1501	1438	1206	1471	1223	1164	1113	790	598	844	737	864	554	694	341	364	1527	C->T
CGA->C	115	132	84	107	103	95	86	60	85	75	62	51	58	44	38	61	40	39	47	41	21	22	84	C->G
CGA->T	106	121	91	112	100	89	85	82	65	78	60	61	57	40	33	54	41	45	33	40	23	12	74	C->A
CGC->A	2567	2713	1840	2066	1956	1894	1702	1623	1455	1614	1494	1286	1187	940	733	1061	987	934	747	905	451	509	1693	C->T
CGC->C	70	67	40	65	55	68	44	43	45	47	50	47	48	32	25	27	28	36	24	24	17	17	48	C->G
CGC->T	173	188	123	182	160	129	108	119	117	121	111	90	80	70	58	81	57	78	68	76	33	33	115	C->A
CTA->A	147	201	141	173	152	156	112	105	102	91	84	91	108	57	36	32	28	65	13	44	27	15	152	A->T
CTA->C	792	899	717	807	794	739	533	512	468	490	473	400	511	306	215	246	195	331	115	212	128	75	632	A->G
CTA->G	163	202	172	196	175	154	111	120	109	110	89	84	109	53	35	52	33	65	25	47	31	21	137	A->C
CTC->A	274	260	170	213	217	195	173	169	137	149	121	120	114	82	73	71	71	101	44	87	33	34	194	A->T
CTC->C	615	677	504	541	525	481	401	418	378	379	341	319	367	204	185	241	164	236	121	194	109	88	435	A->G
CTC->G	254	278	171	219	186	211	191	159	138	152	143	140	134	100	69	83	57	98	47	73	50	35	164	A->C
GAA->C	262	312	216	273	270	261	188	190	185	165	163	144	174	90	96	83	69	105	38	83	47	34	196	A->C
GAA->G	702	835	617	755	667	705	538	505	419	438	437	432	414	276	191	222	161	334	106	216	122	62	597	A->G
GAA->T	224	306	199	274	230	200	191	165	165	133	145	141	144	76	57	82	45	113	29	55	33	18	211	A->T
GAC->C	112	113	91	109	87	99	54	66	80	76	57	49	66	33	33	35	29	43	24	30	17	17	79	A->C
GAC->G	552	585	454	502	460	450	332	319	327	291	313	291	282	182	141	177	116	224	87	174	87	64	439	A->G
GAC->T	261	284	208	268	225	220	172	184	168	170	155	131	143	114	66	101	78	108	46	88	38	29	258	A->T
GCA->A	568	604	511	643	536	584	427	440	330	378	397	302	358	204	147	208	155	230	90	193	98	66	550	C->A
GCA->G	229	290	230	222	239	216	217	207	181	182	163	139	134	90	89	114	71	108	53	69	45	29	181	C->G
GCA->T	1191	1346	944	1192	1120	1012	840	817	771	759	703	609	709	421	347	457	340	433	249	396	174	177	928	C->T
GCC->A	601	618	412	537	466	467	360	388	331	429	352	299	306	213	164	220	173	200	120	216	89	79	401	C->A
GCC->G	297	311	257	254	255	257	180	189	191	208	169	147	151	113	87	141	77	98	50	106	34	68	206	C->G
GCC->T	1201	1380	938	1179	1071	1056	912	903	768	834	805	647	652	433	363	549	406	507	342	463	219	226	987	C->T
GGA->A	1293	1462	1098	1282	1115	1096	918	935	829	844	774	695	734	474	359	490	346	484	282	451	205	187	995	C->T
GGA->C	427	508	326	396	378	366	345	316	330	300	276	225	261	180	123	188	135	167	101	145	63	66	268	C->G
GGA->T	483	569	432	485	455	458	344	371	314	317	305	262	278	184	135	205	124	183	95	181	79	69	384	C->A
GTA->A	156	173	159	220	158	149	115	117	109	94	105	88	122	67	50	46	43	76	32	44	36	20	155	A->T
GTA->C	833	1037	796	1027	825	812	618	576	532	537	521	482	596	309	216	284	222	369	115	239	159	75	754	A->G
GTA->G	110	168	136	140	125	116	76	78	96	76	95	89	96	45	39	54	25	62	22	26	14	14	89	A->C
TAA->C	286	367	269	383	326	278	230	230	199	198	203	173	227	127	85	104	57	142	31	76	47	16	230	A->C
TAA->G	1042	1208	941	1168	967	1028	754	726	616	629	545	522	747	390	289	314	207	472	128	272	220	72	860	A->G
TAA->T	401	446	351	525	386	423	296	280	229	248	232	219	291	161	129	141	106	152	57	89	82	31	357	A->T
TCA->A	451	533	403	557	434	422	287	344	300	304	292	238	303	181	118	152	118	198	59	107	83	38	434	C->A
TCA->G	456	520	413	495	454	386	325	368	312	270	281	257	297	168	114	193	116	170	81	139	64	59	331	C->G
TCA->T	1319	1512	1099	1337	1194	1185	922	919	773	860	760	651	806	508	353	473	335	528	233	373	189	146	977	C->T
