Context	Count	Count	Count	Count	Count	Count	Count	Count	Count	Count	Count	Count	Count	Count	Count	Count	Count	Count	Count	Count	Count	Count	Count	One_mer
AAA->C	756	859	706	849	817	688	561	527	541	488	434	406	514	315	219	224	199	310	137	175	125	68	683	A->C
AAA->G	1303	1535	1225	1434	1338	1251	1006	931	840	846	788	770	917	507	342	425	356	537	225	370	208	133	1019	A->G
AAA->T	441	535	451	537	455	435	385	335	277	297	282	245	342	175	121	127	99	194	76	128	88	37	401	A->T
AAC->C	244	326	244	270	243	214	160	182	162	162	135	120	156	86	69	79	74	95	52	76	45	26	224	A->C
AAC->G	959	1157	885	1106	964	957	696	738	641	618	568	597	685	372	249	341	252	370	170	320	181	88	900	A->G
AAC->T	311	339	255	359	309	293	210	213	185	185	189	157	172	131	78	86	63	131	50	101	48	31	305	A->T
AAG->C	346	393	301	368	345	317	253	246	242	210	216	197	244	142	101	121	87	134	63	86	63	35	224	A->C
AAG->G	920	1102	831	1019	916	916	712	709	599	607	559	521	582	376	249	308	253	401	125	242	154	94	736	A->G
AAG->T	224	263	217	281	219	225	172	161	141	136	133	120	127	104	59	92	50	118	39	67	32	19	187	A->T
AAT->C	408	424	320	476	368	348	262	236	243	216	231	177	280	147	99	119	93	182	50	92	70	31	284	A->C
AAT->G	2326	2915	2312	2755	2366	2231	1820	1707	1663	1544	1363	1327	1632	941	656	792	580	960	316	634	402	213	1867	A->G
AAT->T	489	565	480	641	519	473	361	363	307	330	292	291	363	223	121	155	101	205	79	120	85	27	501	A->T
ACA->A	708	768	678	812	646	727	543	488	500	426	467	392	519	266	189	247	149	301	103	162	126	72	685	C->A
ACA->G	522	662	504	615	508	520	397	398	380	334	344	283	334	213	137	221	119	196	104	133	84	56	482	C->G
ACA->T	2290	2505	1927	2365	2041	2011	1621	1521	1389	1398	1290	1218	1401	884	553	740	532	937	372	608	324	260	1784	C->T
ACC->A	884	1057	781	970	819	835	639	703	572	580	580	513	549	376	251	323	256	352	170	304	152	115	742	C->A
ACC->G	324	370	282	326	336	278	256	259	211	205	206	177	189	126	93	150	84	155	61	89	54	52	279	C->G
ACC->T	1407	1397	1085	1272	1170	1160	932	878	772	883	838	740	726	487	385	445	369	536	276	385	203	180	1030	C->T
ACG->A	149	180	128	150	130	129	137	124	89	119	87	103	93	64	43	68	41	80	37	56	33	18	121	C->A
ACG->G	93	113	87	90	83	90	67	73	63	62	55	46	67	45	26	54	28	38	26	34	16	17	85	C->G
ACG->T	3559	4174	2901	3346	3200	3116	2573	2557	2131	2469	2065	1986	2053	1418	1020	1376	1139	1471	793	1209	657	634	2525	C->T
ACT->A	420	487	425	502	411	386	326	313	252	255	266	248	270	160	109	131	83	174	49	104	78	39	374	C->A
ACT->G	516	666	467	587	487	481	468	450	423	340	331	299	342	215	160	224	135	236	90	147	98	52	407	C->G
ACT->T	1535	1673	1341	1635	1535	1455	1136	1054	943	947	900	850	994	595	366	457	398	630	274	433	262	155	1209	C->T
AGA->A	1573	1626	1213	1585	1357	1355	1024	1024	934	945	875	823	898	573	364	510	380	576	260	439	236	156	1267	C->T
AGA->C	864	1032	787	910	849	744	650	716	724	509	514	453	530	383	253	374	200	331	127	246	144	106	703	C->G
AGA->T	785	896	704	943	713	698	548	518	504	472	498	432	512	275	178	222	148	320	99	208	133	66	711	C->A
AGC->A	1546	1768	1281	1540	1439	1365	1043	1124	952	948	983	817	834	573	409	550	420	656	271	487	242	194	1310	C->T
AGC->C	314	440	276	328	282	296	257	287	238	244	213	180	195	131	98	158	95	118	82	117	51	45	261	C->G
AGC->T	330	417	309	364	328	327	212	286	223	233	185	177	202	120	81	113	83	144	73	90	51	40	298	C->A
AGG->A	1966	2147	1511	1939	1681	1690	1242	1308	1048	1232	1204	1022	1031	744	516	751	524	771	404	617	310	273	1568	C->T
AGG->C	520	649	419	476	464	461	404	421	428	330	341	270	281	225	182	233	150	201	107	165	72	91	410	C->G
AGG->T	432	436	322	448	358	305	257	286	254	248	259	220	214	158	108	171	93	154	54	108	53	44	283	C->A
ATA->A	413	566	518	590	491	460	356	355	317	287	258	263	338	194	116	155	96	234	66	125	97	37	437	A->T
ATA->C	2717	3276	2609	3368	2804	2680	2095	2059	1830	1606	1685	1526	1997	1185	673	827	604	1210	324	648	482	228	2175	A->G
ATA->G	284	350	264	369	273	267	211	202	176	154	169	152	200	136	72	76	59	145	42	73	52	28	248	A->C
ATC->A	594	657	527	708	582	582	415	411	377	369	394	323	382	234	148	185	128	249	89	183	100	69	550	A->T
ATC->C	898	1024	758	1039	845	807	616	616	580	536	529	499	526	339	205	333	167	344	169	243	149	86	686	A->G
ATC->G	166	195	156	182	172	149	115	102	105	113	108	104	122	81	41	51	45	71	26	62	44	21	140	A->C
ATG->A	591	665	511	660	592	561	416	486	378	376	352	339	362	235	122	225	123	250	94	154	103	45	488	A->T
ATG->C	2627	3047	2217	2870	2479	2373	1832	1885	1669	1673	1557	1420	1708	1061	705	861	610	1123	427	745	417	288	1846	A->G
ATG->G	432	519	426	513	457	421	346	340	331	290	285	262	276	182	128	157	111	187	62	134	83	68	331	A->C
CAA->C	459	532	391	493	452	439	304	311	336	286	272	248	299	170	105	149	126	186	80	119	75	36	360	A->C
CAA->G	980	1021	812	992	886	888	646	625	561	572	542	515	586	347	259	315	223	337	140	286	145	116	705	A->G
CAA->T	212	259	211	276	245	217	137	177	141	139	128	118	131	75	57	70	55	109	37	58	45	24	184	A->T
CAC->C	372	431	283	317	264	277	265	223	206	227	216	171	194	121	102	114	93	125	64	110	54	39	254	A->C
CAC->G	941	1035	807	979	812	747	741	639	571	574	575	528	532	371	280	314	276	401	192	313	134	139	654	A->G
CAC->T	289	345	235	329	241	257	191	227	188	199	169	173	158	122	99	107	77	116	63	80	48	40	201	A->T
CAG->C	424	462	326	367	313	341	287	270	248	277	250	212	238	168	111	160	117	139	74	158	58	55	256	A->C
CAG->G	1389	1514	1052	1188	1151	1108	934	823	755	802	750	728	746	525	364	471	370	526	302	455	188	193	890	A->G
CAG->T	259	324	242	295	238	217	199	171	164	163	167	147	162	128	85	101	74	105	58	91	48	47	224	A->T
CCA->A	535	553	466	543	457	452	363	353	290	310	306	278	278	191	141	185	137	198	93	164	84	72	433	C->A
CCA->G	417	430	329	356	300	309	268	255	274	271	237	222	210	170	128	156	114	143	77	120	64	63	286	C->G
CCA->T	1561	1720	1216	1437	1331	1252	1080	1006	975	999	860	849	803	577	433	577	431	563	319	503	224	236	1145	C->T
CCC->A	500	544	364	471	392	406	302	322	283	312	303	262	256	173	134	189	128	202	131	151	53	100	386	C->A
CCC->G	517	558	372	414	431	393	375	330	303	342	320	262	222	217	167	206	152	183	118	166	61	91	326	C->G
CCC->T	1420	1493	982	1202	1155	1172	947	900	771	884	865	722	610	523	392	551	412	502	344	464	186	261	974	C->T
CCG->A	137	109	87	117	113	102	97	77	72	89	72	68	72	48	33	56	58	46	52	50	24	23	106	C->A
CCG->G	141	145	94	102	90	112	91	90	82	98	66	66	64	49	41	71	49	32	48	54	29	26	78	C->G
CCG->T	3297	3329	2279	2649	2402	2475	2254	1984	1819	2049	1826	1648	1531	1228	924	1433	1205	1139	904	1225	499	688	1965	C->T
CGA->A	2378	2474	1708	1995	1876	1915	1606	1478	1252	1625	1269	1281	1194	848	635	934	753	876	584	727	350	368	1567	C->T
CGA->C	120	123	80	88	117	106	91	73	78	78	57	63	56	41	33	60	43	38	36	35	25	20	87	C->G
CGA->T	123	130	98	111	91	84	81	78	60	88	66	75	53	37	33	58	36	38	29	40	19	12	76	C->A
CGC->A	2722	2828	1835	2213	2009	2007	1794	1756	1510	1690	1470	1339	1220	1016	766	1060	970	1010	749	942	440	519	1772	C->T
CGC->C	78	73	50	63	60	72	46	56	45	56	37	38	44	34	25	33	30	32	26	27	16	16	47	C->G
CGC->T	183	203	125	192	167	141	124	102	117	136	107	101	103	74	49	84	65	65	61	79	40	35	135	C->A
CTA->A	160	218	164	189	161	145	119	117	95	85	96	89	112	65	50	42	31	54	22	40	31	14	135	A->T
CTA->C	852	925	745	880	829	749	565	568	497	509	475	459	529	315	215	250	203	332	125	193	133	71	658	A->G
CTA->G	159	211	169	199	167	166	115	135	110	116	109	84	116	57	44	44	40	80	27	42	29	20	136	A->C
CTC->A	238	262	186	217	211	204	159	163	146	139	130	134	124	99	58	79	62	90	46	85	35	23	197	A->T
CTC->C	638	723	554	586	545	495	436	464	363	402	371	332	384	241	179	221	178	249	148	203	114	104	458	A->G
CTC->G	246	276	189	227	206	215	178	163	161	169	144	134	127	97	76	89	70	108	49	65	47	31	168	A->C
GAA->C	293	333	255	303	271	260	208	186	186	182	158	150	182	124	80	92	71	113	40	78	53	26	202	A->C
GAA->G	727	862	680	799	699	744	545	527	473	452	444	425	441	278	204	236	178	328	122	210	122	66	636	A->G
GAA->T	231	302	204	270	226	243	196	178	147	140	147	151	143	89	48	70	49	95	40	70	43	15	211	A->T
GAC->C	108	122	94	124	108	104	60	86	84	89	62	75	72	44	44	40	30	52	26	36	18	15	81	A->C
GAC->G	540	604	438	527	473	463	319	336	336	309	280	305	302	198	139	168	133	227	89	164	92	68	476	A->G
GAC->T	282	324	217	308	239	224	200	194	169	165	157	136	151	118	62	102	68	114	42	79	33	40	229	A->T
GCA->A	592	650	498	668	600	588	442	439	383	382	381	334	369	215	158	203	147	232	86	203	95	54	541	C->A
GCA->G	250	293	248	241	234	221	231	196	188	177	176	153	154	108	85	102	56	116	59	90	45	36	204	C->G
GCA->T	1221	1448	1012	1230	1134	1049	857	921	811	830	704	638	749	468	373	469	349	501	257	409	202	162	965	C->T
GCC->A	614	632	436	589	482	459	364	373	351	399	344	306	329	194	158	226	174	214	121	194	89	78	437	C->A
GCC->G	300	332	248	266	255	257	195	214	210	234	166	171	150	106	80	150	106	114	59	87	47	76	197	C->G
GCC->T	1323	1407	979	1265	1156	1175	990	989	830	931	826	702	758	519	380	566	433	519	344	490	233	231	1028	C->T
GGA->A	1425	1551	1193	1385	1157	1177	971	999	840	849	835	709	796	503	384	511	388	542	302	433	199	199	1014	C->T
GGA->C	393	548	356	428	399	391	353	309	354	308	253	219	260	161	126	188	143	182	97	138	73	70	285	C->G
GGA->T	510	554	430	487	467	447	356	363	316	319	307	293	288	205	155	193	139	220	86	187	66	78	395	C->A
GTA->A	173	204	177	212	162	177	138	126	107	123	95	106	123	72	46	42	48	73	29	40	38	15	147	A->T
GTA->C	916	1057	841	1070	891	861	640	623	512	578	485	543	593	366	221	264	217	393	131	241	153	90	792	A->G
GTA->G	128	186	138	181	128	129	100	115	131	96	91	95	101	54	48	44	25	70	27	26	22	11	107	A->C
TAA->C	304	378	303	365	339	308	243	246	213	207	198	161	223	129	67	100	59	151	35	65	51	22	260	A->C
TAA->G	1086	1253	990	1263	1003	1073	794	730	669	663	594	568	760	435	295	316	236	517	118	274	231	85	925	A->G
TAA->T	425	469	359	545	381	451	311	276	258	253	248	244	310	175	121	146	117	179	67	96	77	24	366	A->T
TCA->A	472	565	420	593	452	429	308	364	326	302	300	237	299	192	124	157	116	216	62	117	92	32	435	C->A
TCA->G	469	590	443	493	510	409	343	350	330	282	268	259	318	169	119	195	121	185	86	126	80	58	363	C->G
TCA->T	1415	1553	1175	1411	1258	1236	1010	953	847	893	834	678	806	536	348	466	356	563	263	383	200	156	1043	C->T
