Context	Count	Count	Count	Count	Count	Count	Count	Count	Count	Count	Count	Count	Count	Count	Count	Count	Count	Count	Count	Count	Count	Count	Count	One_mer
AAA->C	788	887	743	915	814	731	584	527	547	484	458	454	538	350	231	238	190	327	141	169	131	69	661	A->C
AAA->G	1293	1552	1226	1510	1356	1271	1036	964	871	846	851	777	930	517	373	480	357	595	242	358	232	131	1071	A->G
AAA->T	450	568	468	542	497	443	376	343	284	301	299	267	327	179	126	161	107	184	78	101	85	41	428	A->T
AAC->C	224	335	244	266	276	218	163	190	181	163	135	144	178	96	70	89	61	101	45	79	43	28	194	A->C
AAC->G	987	1242	901	1114	1013	957	718	798	625	640	586	616	673	400	282	338	264	394	159	287	174	87	947	A->G
AAC->T	338	339	261	370	321	289	193	232	205	188	212	162	181	123	77	90	61	135	49	102	48	36	306	A->T
AAG->C	344	428	316	399	363	347	277	264	249	235	207	189	242	146	108	129	98	146	52	106	61	32	234	A->C
AAG->G	949	1182	842	1079	943	915	674	755	630	622	603	518	592	375	272	308	268	409	135	266	161	95	741	A->G
AAG->T	234	273	227	297	219	250	166	177	151	143	144	127	139	108	55	83	51	110	48	52	37	19	206	A->T
AAT->C	412	445	319	460	362	378	262	250	269	233	218	193	278	163	104	121	91	188	46	84	76	32	333	A->C
AAT->G	2407	2994	2348	2873	2412	2257	1804	1780	1698	1545	1448	1374	1656	988	671	865	596	1014	337	650	447	205	1919	A->G
AAT->T	475	604	476	667	551	496	378	379	323	348	290	290	363	228	123	171	112	221	73	137	103	34	513	A->T
ACA->A	709	798	719	839	668	741	546	512	497	452	468	401	501	259	178	261	158	310	110	182	146	72	676	C->A
ACA->G	542	666	517	640	545	542	405	423	407	368	350	277	311	217	157	225	124	199	105	122	85	54	447	C->G
ACA->T	2273	2630	1982	2375	2115	2043	1657	1574	1461	1425	1293	1270	1420	882	569	733	546	969	362	648	352	248	1823	C->T
ACC->A	938	1070	814	954	832	834	636	722	548	614	599	517	585	381	269	334	261	360	169	313	150	129	758	C->A
ACC->G	348	388	267	315	326	289	258	253	232	223	210	172	188	110	98	154	85	147	65	106	55	61	265	C->G
ACC->T	1430	1493	1100	1331	1228	1183	922	931	791	892	847	752	791	533	373	480	389	535	279	420	203	170	1004	C->T
ACG->A	148	171	131	163	131	137	140	122	100	120	86	105	86	63	39	68	37	78	39	56	31	28	116	C->A
ACG->G	104	112	89	77	90	87	61	77	56	73	58	55	62	46	25	49	27	41	33	33	17	19	85	C->G
ACG->T	3581	4261	2998	3438	3211	3147	2570	2490	2100	2453	2170	2004	2054	1382	1047	1376	1130	1512	816	1220	668	633	2620	C->T
ACT->A	455	515	423	496	419	373	326	330	269	249	270	261	287	166	116	152	88	188	59	136	81	34	391	C->A
ACT->G	553	668	480	619	518	494	452	471	445	367	355	307	357	231	174	224	140	234	86	151	90	48	452	C->G
ACT->T	1548	1693	1374	1676	1516	1466	1115	1114	978	972	945	899	1005	635	390	478	429	646	266	483	258	171	1259	C->T
AGA->A	1571	1695	1282	1607	1387	1412	1029	1076	935	959	874	841	884	589	386	533	408	618	259	454	257	156	1331	C->T
AGA->C	845	1098	801	956	900	767	697	775	745	521	558	460	545	397	264	390	213	315	131	242	139	112	689	C->G
AGA->T	759	883	718	1000	786	675	563	526	506	476	509	430	556	290	176	234	166	364	101	192	140	68	784	C->A
AGC->A	1568	1752	1302	1568	1495	1349	1028	1107	988	928	944	847	874	571	399	571	401	667	284	490	261	196	1342	C->T
AGC->C	339	437	283	340	312	295	269	311	271	235	216	176	178	141	102	166	102	128	80	117	49	58	278	C->G
AGC->T	334	410	329	390	319	304	239	279	242	248	202	189	203	115	97	124	92	150	75	107	42	46	290	C->A
AGG->A	2054	2166	1563	1980	1691	1701	1272	1338	1084	1230	1218	1074	1039	758	514	722	563	790	414	605	313	276	1580	C->T
AGG->C	526	642	464	524	465	469	429	451	412	333	353	282	279	216	184	276	156	197	107	175	72	83	395	C->G
AGG->T	427	470	336	427	367	313	265	267	255	285	275	219	214	161	104	177	96	151	57	108	52	53	309	C->A
ATA->A	470	570	531	609	490	455	353	347	312	282	266	285	331	207	120	152	90	237	62	112	97	44	440	A->T
ATA->C	2731	3436	2744	3443	2950	2757	2095	2056	1976	1662	1746	1536	2035	1162	715	832	634	1245	336	709	540	210	2274	A->G
ATA->G	272	368	257	392	299	296	197	222	176	163	183	139	208	120	74	85	70	151	38	69	59	27	276	A->C
ATC->A	597	661	540	710	641	606	439	396	379	379	398	333	381	254	141	194	141	250	88	187	97	63	583	A->T
ATC->C	891	1055	789	1049	878	835	664	650	608	556	593	509	532	350	230	309	191	372	169	256	169	84	697	A->G
ATC->G	172	224	170	188	169	163	107	128	111	131	111	114	117	77	47	67	45	70	30	50	42	22	141	A->C
ATG->A	604	680	537	672	604	578	414	486	383	375	375	345	367	227	133	254	130	242	96	174	110	59	485	A->T
ATG->C	2729	3177	2294	2955	2472	2432	1810	1979	1709	1680	1631	1468	1795	1091	723	905	643	1176	419	778	431	293	1880	A->G
ATG->G	445	557	435	499	466	423	358	332	320	308	286	262	313	198	129	174	119	201	61	145	70	69	350	A->C
CAA->C	480	563	428	516	451	433	316	311	340	300	291	267	309	152	108	163	120	178	80	127	72	45	384	A->C
CAA->G	960	1078	861	1008	956	889	633	635	626	614	515	530	595	362	260	324	249	358	147	273	139	102	708	A->G
CAA->T	215	261	239	292	259	229	139	175	156	118	147	128	146	76	60	78	64	103	36	55	45	18	192	A->T
CAC->C	381	449	269	321	307	291	245	245	219	221	190	198	185	110	114	127	99	126	72	122	59	50	230	A->C
CAC->G	989	1038	791	965	806	774	676	672	617	608	564	544	540	386	269	334	307	387	201	344	140	142	690	A->G
CAC->T	314	338	218	327	253	245	204	227	168	194	187	171	157	113	93	120	75	112	55	85	43	36	213	A->T
CAG->C	424	450	353	389	335	355	292	280	260	276	250	219	242	171	107	163	110	132	89	152	62	50	262	A->C
CAG->G	1396	1562	1076	1169	1172	1139	904	881	818	783	782	736	750	511	365	500	366	504	300	479	179	197	841	A->G
CAG->T	286	337	225	306	270	232	209	203	165	173	165	158	172	132	84	103	84	122	62	88	45	45	232	A->T
CCA->A	550	542	444	525	459	428	344	351	301	316	306	306	312	196	129	187	137	191	98	150	96	67	416	C->A
CCA->G	419	467	334	346	323	311	270	274	283	291	249	205	217	163	124	158	138	170	92	117	60	62	297	C->G
CCA->T	1557	1756	1284	1462	1347	1309	1055	1050	1012	1020	924	858	856	593	412	601	439	573	310	542	236	233	1187	C->T
CCC->A	479	542	370	462	435	405	332	341	302	320	316	247	260	176	139	203	129	201	138	152	70	91	372	C->A
CCC->G	535	587	377	432	446	417	364	337	329	353	303	267	239	209	174	232	164	177	107	155	81	84	346	C->G
CCC->T	1452	1545	1024	1203	1137	1171	923	915	814	877	872	734	625	527	413	560	418	505	353	463	218	250	1033	C->T
CCG->A	151	127	80	122	113	105	97	76	87	92	68	74	75	50	36	55	59	42	53	44	24	18	101	C->A
CCG->G	162	152	98	97	100	106	86	85	79	99	78	62	58	47	43	87	51	47	59	46	20	27	75	C->G
CCG->T	3241	3414	2298	2573	2431	2433	2257	1957	1844	2161	1814	1639	1500	1219	894	1400	1161	1127	950	1225	531	672	2002	C->T
CGA->A	2337	2504	1814	2018	1863	1952	1565	1531	1303	1633	1299	1234	1247	867	625	917	748	901	530	723	369	367	1552	C->T
CGA->C	121	139	79	104	123	111	94	64	76	72	71	63	62	43	39	52	40	42	36	37	25	17	71	C->G
CGA->T	114	130	94	117	106	80	84	89	65	85	74	78	65	40	30	64	43	43	36	41	25	10	95	C->A
CGC->A	2728	2840	1900	2199	2058	2009	1762	1756	1509	1757	1532	1442	1188	1010	765	1020	980	1007	753	948	450	541	1743	C->T
CGC->C	78	83	58	69	64	68	50	56	38	57	36	42	38	34	22	39	31	35	29	31	18	15	46	C->G
CGC->T	189	222	128	195	158	141	134	122	137	145	97	90	100	71	56	79	57	66	55	73	34	29	139	C->A
CTA->A	152	201	150	185	177	161	117	108	107	112	101	90	116	55	50	48	32	56	21	40	34	18	144	A->T
CTA->C	871	973	770	953	842	765	589	557	511	500	506	448	519	322	233	261	230	338	113	221	144	70	633	A->G
CTA->G	161	216	179	226	178	158	122	124	124	109	107	89	131	58	39	50	36	64	25	39	31	19	129	A->C
CTC->A	260	274	187	250	224	213	168	173	145	150	143	136	130	90	54	93	67	116	56	82	41	26	204	A->T
CTC->C	628	732	545	603	549	533	434	488	412	395	367	337	392	237	180	235	164	252	132	198	111	92	427	A->G
CTC->G	253	269	184	243	194	215	184	173	163	163	153	133	129	112	82	95	69	102	53	73	46	31	167	A->C
GAA->C	308	328	256	304	301	286	201	203	194	184	181	142	181	117	86	79	68	117	39	95	45	24	200	A->C
GAA->G	735	892	730	850	737	742	569	525	492	489	488	412	474	319	218	222	167	342	113	197	119	66	613	A->G
GAA->T	265	311	221	305	245	257	205	200	172	149	155	151	160	97	48	85	47	109	39	68	35	16	226	A->T
GAC->C	111	127	110	129	101	106	55	82	86	86	67	71	83	39	39	48	31	47	28	39	19	17	92	A->C
GAC->G	545	638	434	547	466	487	330	355	347	349	315	315	306	225	140	173	131	194	103	172	106	71	482	A->G
GAC->T	268	322	211	326	249	226	198	200	182	170	160	133	154	112	68	95	75	117	46	82	39	33	231	A->T
GCA->A	601	672	518	689	589	609	444	463	367	404	393	351	387	222	163	202	160	251	84	186	100	62	571	C->A
GCA->G	264	322	238	252	239	243	242	211	191	179	170	144	145	117	90	108	66	105	59	88	48	39	211	C->G
GCA->T	1275	1446	1031	1292	1153	1085	900	954	810	847	756	645	757	475	363	472	353	498	256	423	199	170	1015	C->T
GCC->A	621	651	417	594	501	492	383	404	373	409	375	320	308	230	157	237	190	225	117	195	90	73	420	C->A
GCC->G	306	333	254	271	275	272	197	215	206	221	171	172	173	131	84	135	97	116	57	99	56	60	216	C->G
GCC->T	1351	1488	988	1278	1134	1131	989	983	809	895	885	701	724	483	403	571	403	551	341	493	222	224	1068	C->T
GGA->A	1435	1590	1206	1364	1175	1222	963	1005	900	901	829	735	784	498	411	520	402	542	307	468	227	192	1016	C->T
GGA->C	429	558	351	424	396	387	347	292	353	320	285	229	259	191	134	192	142	179	92	149	76	65	293	C->G
GGA->T	504	600	431	488	487	467	344	396	335	335	328	281	294	202	146	206	132	207	96	187	80	73	422	C->A
GTA->A	183	197	189	216	168	176	131	128	114	105	98	91	121	69	51	45	48	76	29	50	40	15	150	A->T
GTA->C	908	1094	884	1097	923	894	652	649	562	625	507	544	622	359	248	273	223	421	124	242	160	84	768	A->G
GTA->G	136	196	150	167	141	131	94	106	123	108	94	82	100	59	46	46	26	60	28	24	20	15	102	A->C
TAA->C	331	406	304	397	367	334	255	247	216	229	209	160	252	146	79	113	58	170	44	75	64	24	257	A->C
TAA->G	1140	1333	1030	1286	1060	1053	801	779	687	651	621	583	807	447	297	339	250	501	127	284	222	83	912	A->G
TAA->T	439	494	405	550	420	462	315	284	290	263	261	252	328	172	126	154	126	191	63	101	96	29	380	A->T
TCA->A	487	574	447	591	478	456	316	365	340	285	322	279	324	199	135	136	129	211	66	121	95	33	458	C->A
TCA->G	481	590	452	516	510	414	339	380	341	277	278	295	343	181	125	219	122	179	88	124	77	63	363	C->G
TCA->T	1428	1608	1185	1477	1328	1275	990	1000	889	900	823	688	855	564	346	478	350	559	244	408	213	148	1036	C->T
