Context	Count	Count	Count	Count	Count	Count	Count	Count	Count	Count	Count	Count	Count	Count	Count	Count	Count	Count	Count	Count	Count	Count	Count	One_mer
AAA->C	691	788	614	768	672	611	522	465	490	442	390	391	467	295	196	217	188	271	129	172	112	68	585	A->C
AAA->G	1151	1364	1086	1272	1186	1097	886	825	740	738	695	683	806	477	318	404	287	480	218	322	182	121	871	A->G
AAA->T	380	477	421	470	402	391	319	302	231	267	256	218	292	151	112	134	87	172	64	106	81	39	353	A->T
AAC->C	248	305	227	269	233	214	143	194	172	176	143	139	181	78	85	104	56	108	52	72	41	33	214	A->C
AAC->G	817	1033	756	1005	875	819	603	630	555	572	491	518	573	360	213	321	222	370	161	295	155	92	740	A->G
AAC->T	281	302	231	334	292	240	169	208	148	171	160	163	161	109	61	82	52	91	42	76	42	29	264	A->T
AAG->C	316	354	289	314	340	288	245	231	206	190	180	176	224	138	80	123	85	130	48	77	51	21	194	A->C
AAG->G	844	1000	748	921	839	832	599	648	556	554	475	468	526	342	229	283	225	354	127	231	141	85	631	A->G
AAG->T	189	216	207	257	183	191	156	165	117	130	131	119	109	84	48	70	44	91	36	50	27	18	171	A->T
AAT->C	321	363	326	422	313	311	252	231	218	202	197	151	249	150	97	106	83	177	35	71	74	28	241	A->C
AAT->G	2118	2558	2017	2493	2081	1972	1546	1533	1463	1334	1291	1207	1475	843	568	704	484	876	256	566	388	207	1577	A->G
AAT->T	440	532	419	561	468	442	328	323	267	305	251	241	329	189	102	129	93	193	62	110	77	32	396	A->T
ACA->A	632	705	610	737	638	628	455	470	440	402	419	341	436	261	167	216	127	264	84	160	124	54	631	C->A
ACA->G	453	539	430	546	419	444	347	334	351	330	309	240	273	199	132	215	112	172	76	121	75	59	402	C->G
ACA->T	1984	2215	1736	2078	1797	1747	1390	1362	1238	1247	1149	1081	1212	808	523	641	502	821	341	596	284	226	1448	C->T
ACC->A	759	952	730	817	750	741	522	615	437	534	510	461	509	338	225	306	216	300	168	268	121	113	619	C->A
ACC->G	283	344	256	292	278	240	240	257	189	215	192	177	167	107	85	145	68	130	72	86	43	54	216	C->G
ACC->T	1250	1269	969	1181	1068	1075	813	777	767	794	722	639	638	484	341	394	355	466	251	373	171	177	834	C->T
ACG->A	136	154	118	135	112	127	129	112	83	127	74	100	77	65	42	63	36	63	33	43	29	17	109	C->A
ACG->G	85	109	78	88	78	73	60	74	55	60	55	57	53	44	25	46	35	30	26	25	17	15	76	C->G
ACG->T	3142	3705	2563	3058	2789	2757	2320	2288	1822	2192	1850	1794	1863	1254	902	1311	978	1353	760	1106	579	561	2264	C->T
ACT->A	374	451	374	436	389	346	287	267	264	235	230	213	242	144	96	117	80	147	60	103	62	32	314	C->A
ACT->G	470	573	430	533	461	409	379	394	371	285	285	249	297	194	144	214	122	180	74	116	82	37	383	C->G
ACT->T	1393	1527	1210	1440	1376	1289	1011	993	853	873	801	803	853	541	328	427	345	535	224	396	208	166	1046	C->T
AGA->A	1371	1427	1105	1422	1165	1219	939	1002	845	861	786	724	771	540	343	464	351	526	232	412	240	134	1089	C->T
AGA->C	709	941	710	843	749	664	563	645	624	474	475	403	444	330	233	321	181	286	128	208	114	90	611	C->G
AGA->T	666	823	648	860	671	605	493	496	422	387	439	397	478	229	156	217	136	279	108	176	118	63	564	C->A
AGC->A	1372	1530	1157	1377	1295	1219	923	965	847	870	867	736	782	546	390	519	374	590	256	445	223	188	1141	C->T
AGC->C	287	389	242	309	269	256	218	259	230	225	206	171	161	122	103	150	82	98	69	112	42	44	248	C->G
AGC->T	301	356	278	346	303	282	188	235	200	211	184	174	180	114	74	92	93	138	63	84	46	36	245	C->A
AGG->A	1806	1924	1388	1721	1470	1490	1125	1152	933	1090	1077	972	933	665	508	689	525	706	367	557	252	263	1294	C->T
AGG->C	445	560	376	432	438	404	340	369	363	305	281	235	249	197	163	226	136	198	92	167	59	79	320	C->G
AGG->T	364	373	275	377	319	302	237	248	226	240	241	198	200	131	91	141	74	121	51	98	38	46	251	C->A
ATA->A	444	546	464	557	431	441	323	294	272	282	258	228	317	173	117	142	91	215	60	126	90	38	405	A->T
ATA->C	2449	2840	2349	2995	2477	2302	1807	1788	1630	1465	1444	1372	1733	996	608	746	557	1048	275	594	446	187	1929	A->G
ATA->G	246	290	242	338	261	236	189	174	166	142	163	138	165	108	56	82	48	135	40	78	45	21	198	A->C
ATC->A	531	584	458	638	499	506	350	358	301	317	331	287	331	219	141	172	123	202	75	165	68	46	467	A->T
ATC->C	847	933	680	918	757	726	574	544	552	474	472	435	477	328	201	285	162	330	134	222	131	89	616	A->G
ATC->G	151	205	153	148	168	148	95	87	108	109	103	88	102	77	30	58	39	50	20	60	27	20	112	A->C
ATG->A	530	581	477	542	509	479	361	444	340	350	329	288	317	206	124	199	120	218	82	149	86	49	401	A->T
ATG->C	2395	2739	2001	2529	2253	2060	1614	1641	1453	1469	1406	1289	1518	949	607	779	560	1006	360	658	355	250	1557	A->G
ATG->G	365	451	381	448	398	340	278	312	275	269	266	233	276	159	114	143	102	173	45	130	71	55	294	A->C
CAA->C	416	474	366	436	385	371	276	295	299	257	249	201	258	140	102	142	118	148	74	100	61	34	292	A->C
CAA->G	868	931	758	881	772	779	557	576	516	549	484	504	523	316	237	263	219	321	137	237	118	98	622	A->G
CAA->T	171	244	203	240	221	210	130	153	141	124	126	114	123	72	47	63	57	83	32	57	33	23	170	A->T
CAC->C	373	427	274	299	269	268	226	220	225	220	194	175	194	121	109	136	88	126	66	108	46	53	255	A->C
CAC->G	841	915	691	879	716	705	619	595	523	529	476	476	485	370	259	309	237	352	193	309	127	118	581	A->G
CAC->T	279	276	193	267	208	205	181	197	173	161	154	164	154	118	90	100	64	95	67	69	38	39	171	A->T
CAG->C	371	375	304	336	288	296	270	231	232	255	221	190	200	159	96	149	105	131	84	113	44	47	226	A->C
CAG->G	1231	1304	934	1099	1032	1038	800	774	672	717	669	700	701	458	347	427	324	488	273	401	175	171	726	A->G
CAG->T	241	298	223	281	219	215	187	182	157	159	141	141	152	111	73	110	66	108	47	90	39	44	191	A->T
CCA->A	468	492	380	479	419	401	337	312	257	274	279	277	263	173	137	169	126	198	97	172	64	64	389	C->A
CCA->G	370	408	302	312	288	269	215	232	275	233	216	179	186	147	110	141	112	121	71	129	63	64	233	C->G
CCA->T	1362	1541	1150	1270	1158	1174	916	937	896	854	768	753	705	519	383	543	358	507	288	441	190	190	958	C->T
CCC->A	426	501	317	429	363	352	282	308	276	278	263	227	221	162	117	177	96	178	115	155	69	87	332	C->A
CCC->G	494	498	343	377	371	363	330	298	309	285	274	222	203	194	150	188	137	174	107	158	62	83	295	C->G
CCC->T	1293	1346	895	1056	1046	1060	803	795	728	817	771	645	533	442	355	483	359	474	309	422	167	228	851	C->T
CCG->A	138	105	79	112	100	111	101	70	72	84	57	64	63	49	31	57	51	42	51	39	22	17	94	C->A
CCG->G	136	150	99	94	85	93	79	91	74	98	65	66	59	35	30	71	39	31	38	47	22	20	66	C->G
CCG->T	2916	3007	2040	2292	2203	2244	2045	1759	1626	1953	1586	1507	1345	1134	852	1290	1100	999	867	1066	469	633	1722	C->T
CGA->A	2132	2243	1594	1758	1657	1745	1425	1351	1129	1440	1169	1088	1077	798	550	841	696	794	489	644	311	350	1306	C->T
CGA->C	112	105	79	82	97	86	88	63	76	67	48	57	41	40	36	63	28	33	31	33	19	14	68	C->G
CGA->T	115	116	78	100	74	87	68	75	51	78	63	64	67	41	30	50	34	45	21	37	17	10	77	C->A
CGC->A	2487	2556	1673	1968	1841	1817	1668	1581	1374	1577	1370	1236	1096	901	683	974	856	872	699	832	389	475	1530	C->T
CGC->C	80	69	48	55	57	67	55	47	48	53	30	33	41	33	23	31	30	26	27	25	19	16	46	C->G
CGC->T	174	188	109	182	139	139	115	105	123	116	87	92	102	72	47	77	48	63	46	63	38	35	124	C->A
CTA->A	144	200	150	173	164	140	117	119	91	83	80	81	90	47	44	47	19	54	20	41	32	15	146	A->T
CTA->C	730	801	641	797	710	631	520	519	460	424	413	393	454	288	193	247	187	311	103	187	125	75	544	A->G
CTA->G	149	182	158	178	161	137	103	130	99	99	98	92	106	55	32	40	31	65	20	43	23	20	118	A->C
CTC->A	204	226	162	207	189	177	141	159	126	148	129	96	106	77	59	68	50	89	52	77	30	28	170	A->T
CTC->C	556	636	511	520	494	479	399	419	340	361	322	300	338	231	158	208	160	200	123	184	111	85	387	A->G
CTC->G	236	211	189	208	190	204	161	149	150	151	121	96	115	92	68	76	65	94	41	66	38	26	138	A->C
GAA->C	240	275	228	248	248	237	192	179	180	143	166	153	157	92	67	87	58	93	38	66	43	22	162	A->C
GAA->G	623	788	597	786	638	654	488	501	439	402	431	368	389	276	183	215	152	281	108	189	117	52	547	A->G
GAA->T	218	259	198	262	209	193	177	171	142	134	137	138	140	73	37	65	46	106	42	42	35	13	188	A->T
GAC->C	103	124	88	129	99	85	65	87	96	77	52	77	72	44	42	47	35	62	18	34	23	18	66	A->C
GAC->G	471	559	401	516	403	437	271	335	294	285	267	281	261	177	120	155	115	192	85	158	87	66	384	A->G
GAC->T	246	271	192	274	219	205	164	176	159	148	146	113	113	98	52	87	55	99	44	79	40	27	208	A->T
GCA->A	556	591	460	607	524	507	386	384	345	370	368	310	311	190	129	189	157	218	83	170	93	52	462	C->A
GCA->G	219	268	222	217	199	212	209	208	153	167	141	131	142	106	86	98	62	98	53	71	33	34	179	C->G
GCA->T	1118	1230	917	1118	972	908	784	814	737	758	636	589	650	412	322	444	301	427	235	358	181	141	847	C->T
GCC->A	564	553	392	501	436	431	322	351	298	357	314	284	257	187	149	193	181	201	116	190	73	69	373	C->A
GCC->G	283	320	239	246	236	222	201	195	197	203	170	152	137	95	68	126	99	99	57	89	50	61	180	C->G
GCC->T	1199	1264	912	1127	1015	1010	865	901	755	827	720	611	670	479	345	483	403	450	311	461	192	222	891	C->T
GGA->A	1277	1400	1056	1199	1085	1008	872	925	760	772	714	647	678	453	337	435	362	480	262	425	176	194	885	C->T
GGA->C	380	484	321	375	367	336	296	294	303	281	232	197	235	149	120	168	117	154	69	141	64	56	271	C->G
GGA->T	454	476	380	440	388	415	331	330	293	293	293	257	274	172	131	195	118	183	81	166	77	69	317	C->A
GTA->A	158	172	168	215	143	148	119	117	105	114	90	85	101	56	40	39	43	68	31	28	29	12	113	A->T
GTA->C	814	930	778	980	777	790	616	567	467	521	431	474	543	342	208	236	183	351	103	231	144	82	637	A->G
GTA->G	140	208	151	153	126	125	113	116	120	110	104	83	96	59	44	48	33	68	25	35	26	12	101	A->C
TAA->C	270	363	300	340	316	287	222	241	170	198	162	146	208	135	79	101	53	150	35	59	41	24	225	A->C
TAA->G	984	1108	932	1100	913	913	714	676	566	592	535	534	680	390	261	272	213	452	122	253	191	70	761	A->G
TAA->T	415	440	327	479	354	399	281	226	253	237	240	214	264	158	104	132	96	169	59	81	82	26	298	A->T
TCA->A	437	494	391	532	403	391	308	322	278	241	262	222	273	182	122	157	114	178	55	115	83	49	361	C->A
TCA->G	398	522	365	432	445	363	299	312	300	257	236	251	282	135	103	176	102	165	65	123	81	51	301	C->G
TCA->T	1226	1346	1046	1291	1174	1094	911	888	732	779	733	626	723	495	331	448	306	467	206	357	191	140	899	C->T
