Context	Count	Count	Count	Count	Count	Count	Count	Count	Count	Count	Count	Count	Count	Count	Count	Count	Count	Count	Count	Count	Count	Count	Count	One_mer
AAA->C	804	859	706	913	804	731	537	525	525	485	448	447	567	354	203	222	203	313	141	173	136	62	633	A->C
AAA->G	1302	1574	1222	1484	1328	1286	1003	966	859	838	806	783	908	518	377	471	313	547	231	357	233	126	1010	A->G
AAA->T	447	567	441	530	489	427	332	344	278	297	303	285	321	179	118	151	100	207	85	98	80	35	406	A->T
AAC->C	227	304	239	279	243	203	148	175	167	149	142	133	161	100	65	89	63	86	42	81	49	28	227	A->C
AAC->G	1017	1142	916	1117	1032	940	762	797	614	637	553	589	653	408	281	373	251	402	157	290	178	81	935	A->G
AAC->T	316	346	279	369	309	295	202	220	189	204	204	183	184	134	76	90	84	126	51	92	45	34	285	A->T
AAG->C	366	435	329	377	366	328	269	246	222	217	214	187	270	142	115	120	93	154	55	98	55	24	245	A->C
AAG->G	968	1168	868	1075	931	899	719	715	612	646	599	522	604	384	256	349	263	402	138	266	165	96	730	A->G
AAG->T	207	269	229	300	227	244	187	184	142	160	164	129	141	112	51	79	49	108	32	58	32	27	207	A->T
AAT->C	356	444	326	457	358	344	272	246	264	212	218	186	258	162	98	114	89	176	52	103	78	36	298	A->C
AAT->G	2399	3038	2323	2806	2430	2232	1790	1738	1687	1626	1465	1385	1657	957	662	807	569	972	318	621	452	216	1895	A->G
AAT->T	476	583	482	650	557	490	355	374	308	328	295	274	375	201	125	159	113	206	85	126	91	35	478	A->T
ACA->A	674	791	720	836	675	678	547	512	515	452	463	396	521	274	183	231	141	297	106	177	143	75	669	C->A
ACA->G	537	659	516	618	509	542	426	441	365	357	350	294	310	216	153	235	127	189	106	133	89	69	478	C->G
ACA->T	2337	2598	1954	2403	2049	2036	1576	1571	1436	1447	1325	1238	1348	895	568	737	573	942	352	630	356	268	1767	C->T
ACC->A	901	1078	792	982	847	840	650	695	545	634	627	513	531	394	242	328	253	366	171	315	158	125	765	C->A
ACC->G	353	385	301	338	323	285	258	270	223	233	206	179	189	134	99	157	87	150	63	83	55	68	266	C->G
ACC->T	1445	1462	1124	1305	1239	1173	910	920	815	922	825	756	751	526	365	460	396	521	283	397	218	187	1072	C->T
ACG->A	158	171	129	164	137	156	128	128	107	111	83	99	92	67	44	70	42	69	48	55	33	26	126	C->A
ACG->G	97	121	84	77	72	101	75	82	70	66	54	51	67	48	32	55	31	43	27	30	22	20	94	C->G
ACG->T	3713	4291	2921	3473	3246	3129	2603	2544	2182	2580	2177	2038	2067	1398	1022	1478	1141	1492	820	1254	680	631	2628	C->T
ACT->A	441	538	428	515	426	361	338	313	283	271	279	264	283	165	126	148	102	178	50	125	78	35	372	C->A
ACT->G	515	664	496	618	510	495	437	458	452	355	344	284	365	230	173	233	129	239	91	131	105	56	451	C->G
ACT->T	1548	1776	1368	1702	1555	1516	1130	1075	938	1001	945	901	999	609	385	502	434	653	279	484	255	185	1266	C->T
AGA->A	1573	1672	1231	1498	1364	1415	1064	1071	945	979	921	887	906	578	370	519	390	590	250	424	250	154	1264	C->T
AGA->C	866	1120	814	917	896	784	698	762	714	527	554	460	513	400	272	420	210	319	142	235	146	101	694	C->G
AGA->T	786	932	714	918	744	690	562	553	517	438	505	466	535	278	179	236	179	346	103	187	141	69	736	C->A
AGC->A	1618	1761	1304	1536	1437	1338	1024	1095	1003	976	949	884	816	534	392	545	408	624	291	440	268	218	1348	C->T
AGC->C	338	447	285	344	315	313	274	303	263	246	202	185	183	146	108	166	96	132	73	121	59	53	275	C->G
AGC->T	330	412	332	400	346	319	237	298	245	249	204	209	208	123	92	128	89	157	76	109	50	41	311	C->A
AGG->A	2028	2191	1577	1908	1723	1752	1296	1292	1069	1240	1234	1110	1042	743	535	762	531	789	436	608	300	278	1655	C->T
AGG->C	533	646	467	479	496	459	415	449	415	376	351	299	283	220	192	259	155	194	113	172	84	75	390	C->G
AGG->T	422	481	335	452	357	345	277	308	241	279	268	220	240	159	107	161	92	155	71	118	59	55	314	C->A
ATA->A	454	590	503	561	479	471	365	368	298	268	285	246	315	186	118	147	90	222	56	107	109	39	444	A->T
ATA->C	2727	3361	2723	3318	2938	2731	2025	2042	1928	1652	1694	1634	2010	1128	686	838	666	1246	337	682	523	233	2226	A->G
ATA->G	269	344	248	357	316	283	212	200	173	156	170	155	188	119	78	77	74	148	36	73	49	28	277	A->C
ATC->A	615	691	525	678	627	582	410	412	368	367	400	341	392	249	163	218	124	259	98	173	89	70	554	A->T
ATC->C	911	1080	782	1038	868	835	640	619	571	551	595	510	540	352	200	334	188	354	165	265	138	99	707	A->G
ATC->G	154	237	155	189	172	157	126	118	103	117	104	101	119	86	50	66	36	75	27	55	30	20	140	A->C
ATG->A	611	681	520	671	590	549	424	466	365	382	382	315	357	232	136	240	123	249	81	151	112	55	504	A->T
ATG->C	2736	3292	2330	2906	2490	2512	1797	1912	1753	1715	1658	1477	1748	1070	712	874	635	1091	441	782	410	301	1932	A->G
ATG->G	420	557	418	499	467	441	342	338	300	304	287	280	307	186	110	163	119	203	67	138	82	64	351	A->C
CAA->C	456	522	439	484	438	455	320	327	317	294	279	253	301	166	101	167	134	203	76	124	73	36	378	A->C
CAA->G	997	1052	863	1031	946	930	658	643	615	626	547	535	584	359	267	331	245	387	157	293	157	110	715	A->G
CAA->T	219	232	229	281	252	226	148	190	162	134	146	127	140	72	49	85	61	93	42	58	43	30	194	A->T
CAC->C	367	409	253	333	312	272	243	228	208	226	212	181	207	112	111	132	101	125	80	119	60	42	239	A->C
CAC->G	979	1062	758	1009	797	861	698	641	617	644	550	554	537	389	284	365	280	401	211	347	163	140	681	A->G
CAC->T	294	308	216	312	267	250	216	235	186	203	191	178	154	131	91	104	82	116	64	91	52	47	219	A->T
CAG->C	440	482	375	383	313	344	311	295	271	264	265	251	234	168	113	169	109	139	73	151	54	48	263	A->C
CAG->G	1424	1582	1063	1182	1225	1165	948	875	827	836	795	729	765	537	391	491	421	514	305	483	184	209	929	A->G
CAG->T	290	335	260	288	263	239	222	191	170	174	159	183	151	109	80	111	92	116	62	94	49	48	223	A->T
CCA->A	534	548	471	539	488	438	374	359	314	332	313	298	296	169	139	171	123	181	95	161	79	66	448	C->A
CCA->G	400	480	357	334	314	336	264	288	290	246	252	193	186	164	132	182	120	143	77	126	75	73	308	C->G
CCA->T	1532	1757	1267	1459	1326	1302	1076	1006	984	1025	968	851	821	619	405	573	455	557	312	523	238	244	1193	C->T
CCC->A	496	578	359	459	421	421	330	347	343	317	301	254	259	173	136	214	140	165	141	162	67	90	393	C->A
CCC->G	540	585	364	410	442	422	345	332	317	338	307	263	249	200	143	220	159	176	123	180	74	97	335	C->G
CCC->T	1412	1564	1026	1210	1162	1223	920	897	835	907	866	747	641	530	390	575	452	519	344	470	241	244	1032	C->T
CCG->A	141	122	83	130	123	110	100	80	87	99	70	77	78	54	36	50	59	46	49	43	29	19	112	C->A
CCG->G	154	140	108	102	94	114	101	85	90	96	88	75	60	49	47	86	56	47	56	56	20	24	84	C->G
CCG->T	3432	3507	2370	2513	2409	2469	2304	1973	1936	2166	1853	1702	1534	1242	894	1473	1185	1114	971	1287	545	690	2108	C->T
CGA->A	2416	2495	1765	2013	1921	1991	1627	1559	1289	1621	1319	1295	1194	830	610	941	785	858	590	729	357	373	1567	C->T
CGA->C	125	134	96	96	113	91	95	78	88	85	54	53	66	42	37	58	38	52	44	46	17	18	82	C->G
CGA->T	125	118	94	121	94	88	90	98	59	92	69	71	63	44	36	52	33	45	27	38	23	12	81	C->A
CGC->A	2799	2807	1959	2194	2093	2118	1834	1746	1551	1749	1541	1405	1238	1027	806	1099	1051	975	777	982	475	542	1829	C->T
CGC->C	77	75	52	67	52	67	56	47	42	53	45	42	51	34	19	35	37	38	23	21	21	16	43	C->G
CGC->T	199	217	134	207	152	147	128	110	131	141	105	91	92	86	60	76	63	66	62	85	38	29	132	C->A
CTA->A	156	211	174	202	175	146	133	119	105	87	81	98	130	59	39	42	27	69	23	42	29	17	162	A->T
CTA->C	868	948	769	906	813	778	609	543	481	507	503	431	551	322	230	240	214	355	112	207	145	72	671	A->G
CTA->G	165	204	202	219	201	160	126	133	118	124	100	97	114	58	46	50	31	69	28	51	28	26	148	A->C
CTC->A	251	291	178	225	223	231	168	172	139	144	143	141	133	93	70	79	88	103	47	81	40	33	210	A->T
CTC->C	646	736	563	600	589	518	461	476	409	419	383	344	377	242	195	247	178	254	127	215	119	93	452	A->G
CTC->G	270	292	186	234	202	215	203	170	145	170	162	140	131	104	76	83	65	95	49	72	51	33	171	A->C
GAA->C	286	337	256	281	269	270	209	205	192	190	164	153	182	88	102	93	73	116	36	91	56	40	227	A->C
GAA->G	753	908	711	808	778	744	563	526	466	489	497	457	472	303	217	260	167	331	120	205	153	68	636	A->G
GAA->T	252	314	203	302	237	235	194	191	165	151	163	156	145	96	60	82	47	109	37	62	37	19	221	A->T
GAC->C	110	114	103	112	102	100	63	76	65	77	62	64	68	52	34	44	37	42	28	41	14	16	85	A->C
GAC->G	572	592	477	538	486	510	320	334	351	324	312	322	300	197	157	165	135	203	86	173	112	61	497	A->G
GAC->T	292	326	214	296	249	220	196	224	188	155	173	141	149	117	65	92	81	114	53	87	42	38	238	A->T
GCA->A	618	665	547	683	618	601	452	437	387	411	423	348	362	230	153	217	186	247	88	197	84	65	579	C->A
GCA->G	261	331	236	238	254	228	243	233	187	177	174	160	143	112	101	130	72	111	65	89	46	43	226	C->G
GCA->T	1226	1439	1047	1215	1165	1081	863	920	786	837	770	671	710	471	356	493	354	478	264	406	198	182	1023	C->T
GCC->A	618	640	427	584	510	496	373	403	363	422	359	317	318	237	150	236	198	226	117	213	84	68	432	C->A
GCC->G	307	339	285	275	273	280	220	204	212	222	187	155	165	125	93	141	99	110	53	98	46	62	196	C->G
GCC->T	1326	1500	1012	1253	1165	1121	935	974	814	914	834	746	701	478	415	571	438	516	340	497	238	216	1045	C->T
GGA->A	1374	1564	1218	1356	1218	1245	1006	1010	899	920	848	706	811	519	390	546	398	532	290	467	207	213	1064	C->T
GGA->C	442	587	367	427	417	404	369	317	316	308	265	234	234	185	119	199	155	178	98	148	72	69	306	C->G
GGA->T	500	593	461	520	490	478	343	387	329	349	329	294	305	218	155	214	129	219	95	197	75	75	399	C->A
GTA->A	185	202	161	219	180	158	131	140	118	114	111	100	109	63	50	42	44	82	29	42	33	15	165	A->T
GTA->C	874	1085	873	1102	902	854	645	627	554	595	518	542	614	365	224	286	239	395	118	267	174	74	770	A->G
GTA->G	132	182	141	152	138	128	97	94	120	97	110	91	93	51	42	47	28	51	26	20	15	7	116	A->C
TAA->C	323	388	304	386	340	303	257	254	226	218	201	176	216	131	94	113	65	168	37	67	56	27	263	A->C
TAA->G	1119	1257	1028	1263	1084	1102	820	775	660	700	620	592	793	450	315	351	230	499	125	310	205	82	916	A->G
TAA->T	424	490	383	532	416	457	341	279	253	259	260	236	315	188	125	167	98	171	66	112	81	27	379	A->T
TCA->A	510	564	437	597	457	457	340	368	330	319	311	262	322	208	121	179	130	227	59	129	104	47	482	C->A
TCA->G	471	583	447	484	504	397	339	370	347	286	279	288	338	186	112	192	128	196	89	137	71	62	398	C->G
TCA->T	1433	1653	1160	1473	1345	1252	993	1062	849	903	786	717	861	539	381	492	362	507	250	395	223	164	1048	C->T
