Context	s1	s2	s3	p1	p2	p3	same	alpha	likelihood_0	likelihood_1	likelihood_2	Chi_stat_0v1	p_0v1	Chi_stat_1v2	p_1v2	Chi_stat_0v2	p_0v2
AAA	58987	97103	38628	67917	116595	40940	94478477	1.15783851518606	-554.181131362915	-280.898008584976	-38.7327704429626	NA	NA	484.330476284027	6.74486662363536e-106	NA	NA
AAC	28720	71663	21020	22710	87118	23370	35309101	1.09715575397643	-2569.15938103199	-1844.53175079823	-36.9416031837463	NA	NA	3615.18029522896	0	NA	NA
AAG	21108	78374	20984	30356	83812	20558	48345602	1.1183736489964	-1677.24696850777	-1194.75763320923	-36.8941441774368	NA	NA	2315.72697806358	0	NA	NA
AAT	27451	152084	37501	34681	209069	42191	62392932	1.31748189240495	-1703.54375660419	-810.348232865334	-38.5290262699127	NA	NA	1543.63841319084	0	NA	NA
ACA	58624	45303	168014	62543	50712	202388	48726166	1.16070397623014	-782.679081916809	-439.49449968338	-39.421294927597	NA	NA	800.146409511566	1.7799787484877e-174	NA	NA
ACC	48356	22825	88674	68375	29661	120823	26990095	1.36910950548935	-1587.71728509665	-115.864160180092	-38.1802312135696	NA	NA	155.367857933044	1.82935637122406e-34	NA	NA
ACG	14905	14068	269570	15148	10588	295109	4874670	1.07470280663087	-3256.36155992746	-870.365776330233	-37.0307962149382	NA	NA	1666.66996023059	0	NA	NA
ACT	28569	39042	121338	37668	51415	140014	38296374	1.21248061646264	-513.185008168221	-512.302467465401	-38.3944905996323	NA	NA	947.815953731537	1.52890576154903e-206	NA	NA
AGA	111281	57703	45379	128789	80791	65664	53682278	1.28400890078978	-1903.69790351391	-1503.6949608326	-39.2408689260483	NA	NA	2928.9081838131	0	NA	NA
AGC	90197	23775	21114	122730	32469	31364	32345810	1.38106835645441	-1578.66125655174	-134.415984153748	-37.4602140784264	NA	NA	193.911540150642	7.80987472525559e-43	NA	NA
AGG	113142	28932	27145	161347	46076	34566	41005014	1.43003445239601	-3542.05089795589	-538.319165349007	-38.1576716899872	NA	NA	1000.32298731804	6.06210205491322e-218	NA	NA
ATA	39486	190030	30204	41439	238863	27266	52024917	1.18422916987525	-1978.70641505718	-1871.55461359024	-38.6499130725861	NA	NA	3665.80940103531	0	NA	NA
ATC	29805	65897	14893	42007	76301	16241	32557772	1.21659207016592	-665.590807497501	-665.566488862038	-36.8050250411034	NA	NA	1257.52292764187	8.55787284138477e-274	NA	NA
ATG	33694	192759	29876	48020	219042	38710	44859253	1.19288882646911	-1202.40385985374	-1146.81292819977	-38.7770782709122	NA	NA	2216.07169985771	0	NA	NA
CAA	31559	81141	14519	38464	82219	19304	46618003	1.10036236725646	-1562.09133768082	-843.304664850235	-37.0055193901062	NA	NA	1612.59829092026	0	NA	NA
CAC	30381	93402	18332	27429	83359	22402	35123808	0.937198747493227	-5790.01252937317	-881.124079942703	-37.0846520662308	NA	NA	1688.07885575294	0	NA	NA
CAG	22551	116128	20020	32490	112550	25079	46825997	1.07196012577269	-3610.35575270653	-2207.79371511936	-37.3801960945129	NA	NA	4340.8270380497	0	NA	NA
CCA	33486	21245	91673	43826	32433	134746	43255777	1.4412516051474	-3199.64460396767	-326.781348586082	-37.8569310903549	NA	NA	577.848834991455	3.32444991566057e-126	NA	NA
CCC	29022	25151	84529	38364	38332	119810	29408642	1.41674957823247	-2403.44502204657	-231.839155077934	-37.7859214544296	NA	NA	388.106467247009	5.29360390283261e-85	NA	NA
CCG	13464	9991	206666	12352	11338	254277	4976142	1.20791670469014	-621.040375083685	-615.361993983388	-36.5449206084013	NA	NA	1157.63414674997	4.19700031545245e-252	NA	NA
CGA	141370	12098	9084	181089	10569	10237	4414868	1.24203331856883	-953.161860644817	-909.586549073458	-35.96419942379	NA	NA	1747.24469929934	0	NA	NA
CGC	175979	11688	14587	206633	7735	16725	4219796	1.14258803286956	-1940.44786129147	-1508.21616898477	-36.4393796697259	NA	NA	2943.55357863009	0	NA	NA
CTA	12427	64800	11231	14719	70088	14875	31422078	1.12688507540302	-591.666462779045	-297.379789292812	-35.6081538796425	NA	NA	523.54327082634	2.06074009593596e-114	NA	NA
CTC	16497	55809	16270	19002	55685	21465	39419308	1.08553106936416	-1295.65366256237	-655.263681411743	-36.0571384429932	NA	NA	1238.4130859375	1.20785619270039e-269	NA	NA
GAA	24156	62739	14358	25003	65627	19587	48269488	1.08853071020118	-1283.14161336422	-584.90739262104	-36.4175670146942	NA	NA	1096.97965121269	6.22150363333989e-239	NA	NA
GAC	14158	45587	14582	10443	45632	19101	22245634	1.01142249788099	-2555.24300128222	-1204.62115722895	-35.3665616512299	NA	NA	2338.50919115543	0	NA	NA
GCA	37302	20842	77788	55045	25373	105123	33815239	1.36495453609158	-1567.3144338131	-378.60880279541	-37.6856650114059	NA	NA	681.846275568008	8.68885414985562e-149	NA	NA
GCC	28446	20804	77109	45232	27577	111025	26299266	1.4548548184142	-3113.81269723177	-340.257174253464	-37.5145052671432	NA	NA	605.485337972641	3.31535029882956e-132	NA	NA
GGA	92672	26663	26249	116126	38444	40629	36193534	1.34079981316628	-1707.82634449005	-808.257411956787	-37.8263893127441	NA	NA	1540.86204528809	0	NA	NA
GTA	12162	63614	15036	14327	76240	12467	27338412	1.13458573756772	-1091.99202150106	-840.616722047329	-35.6737489104271	NA	NA	1609.8859462738	0	NA	NA
TAA	25627	74263	44168	29503	89869	39856	51390859	1.10530480778575	-2042.89530932903	-1298.28355920315	-37.6876559257507	NA	NA	2521.19180655479	0	NA	NA
TCA	31771	32189	88305	42684	42818	119977	47439761	1.34948280957541	-1120.56886744499	-45.7171349525452	-38.0876803398132	NA	NA	15.2589092254639	0.000485925803831508	NA	NA
Summary	NA	NA	NA	NA	NA	NA	NA	1.21585925391478	-59965.4990696386	-25906.8471714854	-1197.20191366225	68117.3037963063	-14737.2919329526	49419.2905156463	-10628.9982000286	117536.594311953	-25359.5571310593
