Context	s1	s2	s3	p1	p2	p3	same	alpha	likelihood_0	likelihood_1	likelihood_2	Chi_stat_0v1	p_0v1	Chi_stat_1v2	p_1v2	Chi_stat_0v2	p_0v2
AAAAA	15349	18421	10057	2064	3462	1300	16032427	0.155748739361581	-422.798628479242	-136.220465302467	-31.3263001441956	NA	NA	209.788330316544	2.78639632023984e-46	NA	NA
AAAAC	3045	3592	1591	499	663	336	5193986	0.182061254253768	-44.3171987235546	-33.0150126665831	-26.5665048956871	NA	NA	12.8970155417919	0.00158288243050366	NA	NA
AAAAG	2807	7225	1517	631	1091	307	6263259	0.175686206597974	-86.9758454859257	-60.9478231668472	-27.1724582910538	NA	NA	67.5507297515869	2.14558344798702e-15	NA	NA
AAAAT	5516	6102	6374	1250	1262	1074	10171987	0.199310804802134	-57.5568614602089	-55.9414294958115	-29.1839537024498	NA	NA	53.5149515867233	2.39538824109557e-12	NA	NA
AAACA	4881	10293	2755	617	2086	644	5863993	0.186680796474985	-119.912542372942	-104.216169089079	-28.6067146062851	NA	NA	151.218908965588	1.45623390514478e-33	NA	NA
AAACC	4080	4945	1946	452	943	367	2968092	0.160605231975207	-138.015154473484	-80.1906237229705	-27.1428837478161	NA	NA	106.095479950309	9.15501902938509e-24	NA	NA
AAACG	339	769	198	43	124	42	506737	0.160030627871363	-30.4090807856992	-23.3384274663404	-20.5567624177784	NA	NA	5.56333009712398	0.0619352961995183	NA	NA
AAACT	3774	6337	3033	459	1237	631	4342865	0.17703895313451	-105.091710917652	-78.1804336085916	-27.8643765822053	NA	NA	100.632114052773	1.4060931169719e-22	NA	NA
AAAGA	2192	11188	2342	556	2027	346	6593682	0.186299452995802	-76.9469659179449	-62.6034789383411	-27.7904550135136	NA	NA	69.6260478496552	7.60143893616738e-16	NA	NA
AAAGC	1005	3823	1161	243	646	197	3068585	0.181332442811822	-45.2580337971449	-36.4979384616017	-25.246368765831	NA	NA	22.5031393915415	1.29868961702018e-05	NA	NA
AAAGG	1430	5702	1577	323	925	263	3737523	0.173498679526926	-61.6147040426731	-38.8986080139875	-26.2414973676205	NA	NA	25.3142212927341	3.18483318226402e-06	NA	NA
AAAGT	2257	5505	2808	537	980	481	4379609	0.189025543992431	-51.7668622806668	-44.7187180146575	-27.3251183927059	NA	NA	34.7871992439032	2.79290178598728e-08	NA	NA
AAATA	3649	13982	4128	802	3264	827	8522731	0.224872466565559	-57.0618317425251	-37.5004637539387	-29.2968016564846	NA	NA	16.4073241949081	0.000273649601270424	NA	NA
AAATC	1709	6057	1658	326	1264	364	3686320	0.207342954159593	-28.5745591893792	-28.4841664135456	-26.7087979465723	NA	NA	3.55073693394661	0.169421011949602	NA	NA
AAATG	2294	10787	2342	440	2345	550	5997902	0.216235492446346	-37.49854773283	-33.131325289607	-27.9823477715254	NA	NA	10.2979550361633	0.00580533754589567	NA	NA
AAATT	3205	10404	10335	611	2196	1470	7099908	0.178625125292349	-144.491411358118	-100.933060988784	-29.4960267692804	NA	NA	142.874068439007	9.4469199419178e-32	NA	NA
AACAA	15662	5120	12055	1981	1115	2474	4904366	0.169625727076164	-307.498932883143	-199.081240028143	-30.5192576050758	NA	NA	337.123964846134	6.22961453499224e-74	NA	NA
AACAC	2443	1435	7615	437	235	1502	2580670	0.189158618289394	-39.0329661890864	-31.4985320866108	-26.9426186382771	NA	NA	9.11182689666748	0.0105049001646462	NA	NA
AACAG	2975	5302	11047	588	1072	1986	3316958	0.188677292486028	-47.8523900061846	-34.4125822708011	-28.9263128265738	NA	NA	10.9725388884544	0.00414327208662004	NA	NA
AACAT	4038	2078	14773	633	361	3198	4126416	0.200679783618172	-63.5016276165843	-62.3828137069941	-28.4874821007252	NA	NA	67.7906632125378	1.90302512038958e-15	NA	NA
AACCA	6166	2485	7422	1296	595	2131	2837383	0.250233310520749	-143.142132543027	-69.5977864041924	-28.8488959521055	NA	NA	81.4977809041739	2.00900830918714e-18	NA	NA
AACCC	6002	1516	6531	1424	329	1921	2021590	0.26151327496619	-153.110707774758	-54.0582074783742	-28.2226426489651	NA	NA	51.6711296588182	6.02222195369161e-12	NA	NA
AACCG	391	194	646	106	41	187	243819	0.271324126726239	-34.7716538524255	-22.949166030623	-21.1722105643712	NA	NA	3.55391093250364	0.169152354162116	NA	NA
AACCT	6850	2383	8540	1712	536	2410	2554470	0.262082934788724	-171.851083151996	-44.0880719348788	-29.0983401760459	NA	NA	29.9794635176659	3.09059581319153e-07	NA	NA
AACGA	1284	1099	18760	159	140	3493	332988	0.179350139526084	-86.5434364201501	-50.5836099684238	-26.5630321418867	NA	NA	48.0411556530744	3.69824431064284e-11	NA	NA
AACGC	653	546	13415	87	49	2472	215096	0.178459011906391	-71.4361358815804	-44.8256300422363	-24.7075166096911	NA	NA	40.2362268650904	1.83153132105053e-09	NA	NA
AACGG	864	863	16702	122	53	2919	258145	0.167887568506159	-134.685812419746	-68.3242676821537	-25.4753625406884	NA	NA	85.6978102829307	2.46012368078302e-19	NA	NA
AACGT	1611	1013	17812	214	118	3362	440112	0.180759444118223	-85.411365756765	-54.3048079032451	-26.6631326768547	NA	NA	55.2833504527807	9.89402443550629e-13	NA	NA
AACTA	2683	3169	5957	497	699	1265	2643211	0.208400372597172	-32.9671363756061	-32.7019294649363	-27.7859895303845	NA	NA	9.83187986910343	0.00732882603715873	NA	NA
AACTC	1667	2180	7076	383	431	1762	2536898	0.23583264670878	-60.5881556868553	-37.0436591431499	-27.2408724203706	NA	NA	19.6055734455585	5.52972863107016e-05	NA	NA
AACTG	2566	3096	9812	531	628	1452	2811543	0.168734651673775	-115.251343302429	-61.480216152966	-28.0495054870844	NA	NA	66.8614213317633	3.02849479580035e-15	NA	NA
AACTT	3501	3519	10097	784	758	2075	3353015	0.211310393176374	-32.4591465517879	-30.9963613525033	-28.7506302595139	NA	NA	4.49146218597889	0.105850125793466	NA	NA
AAGAA	18858	5213	9991	3045	1113	2560	6564223	0.197228583171863	-185.4128049016	-179.868773758411	-30.7591362893581	NA	NA	298.219274938107	1.74786243488785e-65	NA	NA
AAGAC	4970	2156	1993	1250	588	575	2766055	0.264612347845158	-102.667987518013	-31.3292550444603	-27.3352901190519	NA	NA	7.98792985081673	0.0184265093548765	NA	NA
AAGAG	9542	5370	2300	2200	1107	525	3783415	0.222635370671624	-45.7640579491854	-33.5976541414857	-28.7420530989766	NA	NA	9.71120208501816	0.00778465303952341	NA	NA
AAGAT	6697	2875	4512	1672	732	1185	3564876	0.254828173814257	-107.376886323094	-29.5397899374366	-28.6528389900923	NA	NA	1.77390189468861	0.411909774583625	NA	NA
AAGCA	13340	2184	1955	2998	369	461	3526894	0.219005663939585	-51.4604146555066	-43.7076004892588	-27.9188793152571	NA	NA	31.5774423480034	1.39009831791846e-07	NA	NA
AAGCC	6368	1380	1516	1462	224	394	2138676	0.224525043177893	-52.093103595078	-44.0573422946036	-26.5058889091015	NA	NA	35.1029067710042	2.38506733930289e-08	NA	NA
AAGCG	1069	222	203	269	45	47	367709	0.241633199464525	-26.5099664619192	-21.9856967348605	-20.9868555096909	NA	NA	1.9976824503392	0.368305977690657	NA	NA
AAGCT	7354	2398	2262	1675	512	614	2666931	0.233144664558016	-58.626392558217	-37.011315792799	-27.7569338306785	NA	NA	18.5087639242411	9.56914158447448e-05	NA	NA
AAGGA	12700	2043	2796	2657	486	556	4005604	0.210901419693255	-33.9643110185862	-32.6631939783692	-28.2111204490066	NA	NA	8.90414705872536	0.0116543762076641	NA	NA
AAGGC	5795	1119	1359	1341	314	277	2200672	0.233530762722108	-49.2685597799718	-33.9740520268679	-26.2491101250052	NA	NA	15.4498838037252	0.000441672499509518	NA	NA
AAGGG	7871	2144	1749	1727	618	384	2453064	0.231978918735124	-63.8346369042993	-44.3751172348857	-27.4809032902122	NA	NA	33.7884278893471	4.60188866822403e-08	NA	NA
AAGGT	7401	2021	2986	1714	524	718	2309938	0.238233397807866	-61.4701384603977	-30.4624421037734	-27.9141979254782	NA	NA	5.09648835659027	0.0782188839149131	NA	NA
AAGTA	11141	2854	2322	2250	623	495	2974282	0.206410492124778	-29.9978811666369	-29.9536989405751	-28.2021636217833	NA	NA	3.50307063758373	0.173507349755052	NA	NA
AAGTC	6067	1990	1629	1348	415	386	2268001	0.221866611604377	-34.848180949688	-28.5894078910351	-26.9579762518406	NA	NA	3.26286327838898	0.19564927436117	NA	NA
AAGTG	10330	3389	2131	2335	795	536	3287157	0.231293375394322	-55.8316114544868	-30.9205524325371	-28.3878831043839	NA	NA	5.06533865630627	0.0794466677657679	NA	NA
AATAA	10312	12530	5377	1194	2811	578	6945437	0.162408306460186	-431.93707869947	-295.426640793681	-29.8379312902689	NA	NA	531.177419006824	4.53199066740383e-116	NA	NA
AATAC	1643	7918	901	318	1879	108	2993150	0.220321162301663	-64.2781539335847	-58.7099838405848	-26.0964127406478	NA	NA	65.2271421998739	6.85655613793294e-15	NA	NA
AATAG	1703	15755	2063	324	3758	401	3130746	0.229650120383177	-69.5407420992851	-42.5656717792153	-27.8820557147264	NA	NA	29.3672321289778	4.19746002529857e-07	NA	NA
AATAT	4916	13764	1997	536	2785	231	5857854	0.171785075204333	-209.109724193811	-149.045228794217	-28.1561875492334	NA	NA	241.778082489967	3.15178413228681e-53	NA	NA
AATCA	2956	5270	1397	639	1016	204	3691250	0.193182999064741	-42.9870346263051	-39.4471573755145	-26.7653595805168	NA	NA	25.3635955899954	3.10717130157258e-06	NA	NA
AATCC	2202	4225	914	516	699	130	2607187	0.183217545293557	-57.5878685116768	-48.5010347142816	-25.7765478640795	NA	NA	45.4489737004042	1.35170137904658e-10	NA	NA
AATCG	212	471	114	51	107	22	348737	0.225846925972397	-20.6683627376333	-19.8796572778374	-19.4914036584087	NA	NA	0.776507238857448	0.678240306530017	NA	NA
AATCT	3459	6242	1363	756	1146	215	3400695	0.191341287057122	-44.1692767590284	-38.7582619637251	-27.0863393098116	NA	NA	23.343845307827	8.52998756793658e-06	NA	NA
AATGA	3451	12515	2808	761	2493	535	4481021	0.201821668264621	-33.2325150966644	-32.6592063084245	-28.6412153169513	NA	NA	8.0359819829464	0.01798906885354	NA	NA
AATGC	1739	8540	1450	413	1544	312	2609461	0.19345212720607	-44.5278363078833	-40.4053801670671	-26.9623357728124	NA	NA	26.8860887885094	1.45130937138698e-06	NA	NA
AATGG	2389	12573	1750	491	2486	381	3292822	0.200933460986118	-30.2744638994336	-29.4742182865739	-27.8325949683785	NA	NA	3.28324663639069	0.19366540640488	NA	NA
AATGT	3904	15188	2687	825	3189	552	4201292	0.209651499150558	-30.0718091949821	-29.1004595756531	-28.9561378881335	NA	NA	0.288643375039101	0.86560924757479	NA	NA
AATTA	3663	6474	2329	658	1515	494	5151393	0.213941922027916	-46.6881091743708	-44.4814488142729	-27.8874325752258	NA	NA	33.1880324780941	6.21312819926963e-08	NA	NA
AATTC	1877	5362	1321	386	1024	240	3432937	0.192757009345794	-30.9924702569842	-27.616843432188	-26.3522212356329	NA	NA	2.52924439311028	0.282345947264193	NA	NA
AATTG	2053	18088	1457	408	4189	260	3236108	0.224881933512362	-59.8051602244377	-40.3867543712258	-27.8233885765076	NA	NA	25.1267315894365	3.49783695030047e-06	NA	NA
ACAAA	4425	9050	1837	877	1814	377	5914474	0.200365726227795	-29.2241220921278	-28.2891642004251	-28.1292534470558	NA	NA	0.319821506738663	0.852219843321969	NA	NA
ACAAC	1708	2734	816	291	468	166	2052007	0.175922403955877	-38.6637592613697	-27.0082991234958	-25.0106712728739	NA	NA	3.99525570124388	0.135656699817924	NA	NA
ACAAG	1707	5317	765	309	827	171	2565509	0.167800744639877	-63.8800515830517	-35.3529558256269	-25.6398141011596	NA	NA	19.4262834489346	6.04833931215024e-05	NA	NA
ACAAT	2564	5926	1677	573	1036	357	3341640	0.193370709157077	-43.4692727252841	-39.8452161923051	-27.0788417235017	NA	NA	25.5327489376068	2.85518342837323e-06	NA	NA
ACACA	3141	9715	2333	510	1623	428	4611311	0.168608861676213	-82.9464965686202	-29.7677055895329	-27.8492898568511	NA	NA	3.8368314653635	0.146839410830902	NA	NA
ACACC	2573	6265	1183	288	707	195	1941770	0.11875062369025	-252.857384577394	-36.9703193083405	-26.0958840325475	NA	NA	21.7488705515862	1.89361971240194e-05	NA	NA
ACACG	335	1544	248	49	180	55	482026	0.133521391631406	-59.8582827113569	-29.3485949374735	-21.3963547069579	NA	NA	15.9044804610312	0.000351873004365851	NA	NA
ACACT	2514	7156	2012	458	1369	413	2529039	0.191747988358158	-34.2861489355564	-28.9048974737525	-27.3536041155457	NA	NA	3.1025867164135	0.21197363861302	NA	NA
ACAGA	1511	8617	1470	408	1507	284	4235184	0.189601655457838	-61.8765445426106	-54.6865758001804	-26.8392567411065	NA	NA	55.6946381181479	8.05495274322356e-13	NA	NA
ACAGC	900	4392	1139	192	707	188	2252623	0.169025034986783	-52.8792416267097	-30.885620135814	-25.154549498111	NA	NA	11.4621412754059	0.00324360265064158	NA	NA
ACAGG	1429	7799	1406	376	1345	241	3070459	0.184502539025766	-63.1307226344943	-51.4792351350188	-26.5591020807624	NA	NA	49.8402661085129	1.50426283666201e-11	NA	NA
ACAGT	1891	7731	2186	539	1400	432	2727211	0.200796070460705	-65.3245764225721	-64.7232405841351	-27.406564347446	NA	NA	74.6333524733782	6.21689349700335e-17	NA	NA
ACATA	2548	18851	2808	540	4054	704	3604825	0.21886231255422	-46.5364211276174	-36.0252005159855	-28.9016254022717	NA	NA	14.2471502274275	0.000805880480468075	NA	NA
ACATC	1622	7768	2124	301	1455	481	2125142	0.194285217995484	-37.2703884020448	-33.775751452893	-27.0990041978657	NA	NA	13.3534945100546	0.00125986934854343	NA	NA
ACATG	2685	17682	2732	607	3494	689	3324601	0.207368284341313	-47.7885022312403	-47.5614742040634	-28.8553528115153	NA	NA	37.4122427850962	7.51682953293283e-09	NA	NA
ACCAA	4698	2398	4748	973	688	1034	2665829	0.227541371158392	-64.3297435492277	-50.6321593895555	-28.0403312072158	NA	NA	45.1836563646793	1.54345397759208e-10	NA	NA
ACCAC	2160	1377	5348	540	368	1243	2339162	0.242093415869443	-57.5587371066213	-29.9822780266404	-26.9193098284304	NA	NA	6.12593639642	0.0467487295877621	NA	NA
ACCAG	2585	1889	4983	674	523	1121	2360660	0.245109442740827	-70.8161193281412	-36.5986439622939	-27.3665233105421	NA	NA	18.4642413035035	9.78455197830168e-05	NA	NA
ACCAT	2856	1641	6843	626	457	1521	2811396	0.22962962962963	-52.6905122697353	-37.0390190854669	-27.5528083071113	NA	NA	18.9724215567112	7.58911274448505e-05	NA	NA
ACCCA	3574	2334	6786	870	655	1787	2674476	0.260910666456594	-119.882106415927	-32.1779748052359	-28.2613979130983	NA	NA	7.83315378427505	0.0199091293302188	NA	NA
ACCCC	2808	1444	5714	624	335	1463	1668547	0.243026289383905	-64.5736948624253	-32.1105792969465	-27.2127739191055	NA	NA	9.79561075568199	0.00746294345300271	NA	NA
ACCCG	446	324	948	126	88	257	388730	0.274155995343423	-40.2697801971808	-22.388655314222	-22.3123439531773	NA	NA	0.152622722089291	0.926527677017874	NA	NA
ACCCT	3200	2785	6390	764	780	1558	1970237	0.250666666666667	-92.0466862171888	-34.3675241433084	-28.2172666080296	NA	NA	12.3005150705576	0.00213293239396015	NA	NA
ACCGA	881	500	9068	121	84	1833	223352	0.195042587807446	-38.1748335608281	-35.4476950843818	-24.9126723706722	NA	NA	21.0700454274192	2.65887407008237e-05	NA	NA
ACCGC	678	501	12168	126	107	2424	266742	0.199070952273919	-27.056439707987	-25.7725127418526	-25.2085699979216	NA	NA	1.12788548786193	0.56896136673783	NA	NA
ACCGG	725	520	9635	93	77	1877	197042	0.188143382352941	-43.9933773335069	-36.0008135745302	-24.6976627707481	NA	NA	22.6063016075641	1.23340009572779e-05	NA	NA
ACCGT	1143	636	10919	149	137	2279	315911	0.202000315010238	-44.1746333078481	-43.8276385660283	-25.7165997838601	NA	NA	36.2220775643364	1.36293704321615e-08	NA	NA
ACCTA	1976	1885	4674	357	508	1107	1789711	0.231048623315759	-57.826856456697	-44.6595739684999	-26.8602361753583	NA	NA	35.5986755862832	1.86142616782199e-08	NA	NA
ACCTC	1766	1875	7964	398	461	1960	2510697	0.242912537699268	-66.2974854707718	-28.7063412666321	-27.3593380600214	NA	NA	2.69400641322136	0.260018315397615	NA	NA
ACCTG	2423	2515	6210	469	633	1398	2614148	0.224255471833513	-46.4232950285077	-37.0193462073803	-27.6117660105228	NA	NA	18.8151603937149	8.20993714980426e-05	NA	NA
ACGAA	11819	982	822	2484	89	126	354107	0.19812082507524	-72.0181607855484	-70.2749219164252	-25.5535939671099	NA	NA	89.4426558986306	3.7824574239855e-20	NA	NA
ACGAC	4388	605	425	969	60	57	176229	0.200442967884828	-52.4822581615299	-52.1634073632304	-23.4276034275535	NA	NA	57.4716078713536	3.31282822516484e-13	NA	NA
ACGAG	8726	1057	593	2106	135	86	356656	0.224267540478026	-75.017783193849	-66.2983170542866	-25.2152945492417	NA	NA	82.1660450100899	1.43836804502261e-18	NA	NA
ACGAT	8257	861	864	1804	141	144	318360	0.209276698056502	-36.1311824601144	-35.7619596356526	-25.473852311261	NA	NA	20.5762146487832	3.40354705940606e-05	NA	NA
ACGCA	13382	1041	1150	2555	91	237	315399	0.185128106337893	-78.0008071921766	-62.1011802088469	-26.1475794250146	NA	NA	71.9072015676647	2.42968277623712e-16	NA	NA
ACGCC	13550	888	1282	2945	94	236	465755	0.208333333333333	-58.4001739108935	-58.0644186949357	-26.222217798233	NA	NA	63.6844017934054	1.48288632062949e-14	NA	NA
ACGCG	2159	132	134	430	12	16	59030	0.188865979381443	-28.2535518534714	-26.6164502506144	-19.8930865334114	NA	NA	13.4467274344061	0.00120248657870945	NA	NA
ACGCT	9452	1125	1064	1901	91	147	288118	0.183747100764539	-94.3805303662084	-80.7620423692279	-25.5923283821903	NA	NA	110.339427974075	1.0967247572242e-24	NA	NA
ACGGA	13754	425	860	2794	77	115	360922	0.198550435534278	-38.2252982901409	-36.5249001057819	-25.1724365195259	NA	NA	22.7049271725118	1.1740530158771e-05	NA	NA
ACGGC	7261	432	766	1622	83	76	229926	0.210544981676321	-56.151972160209	-55.6057084873319	-24.3647447298281	NA	NA	62.4819275150076	2.70533985621748e-14	NA	NA
ACGGG	12349	725	953	2596	123	108	368763	0.201539887360091	-52.200129087083	-51.7037793211639	-25.604556100443	NA	NA	52.1984464414418	4.62648728871201e-12	NA	NA
ACGTA	19203	937	1135	3301	94	174	361243	0.167755581668625	-120.146079970524	-42.8146594148129	-26.254044579342	NA	NA	33.1212296709418	6.42416016411741e-08	NA	NA
ACGTC	11700	759	780	2299	70	100	265592	0.186494448221165	-70.1668371190317	-58.4437185074203	-25.1134521923959	NA	NA	66.6605326300487	3.34849194860295e-15	NA	NA
ACGTG	21279	1360	1536	4129	165	261	551383	0.18841778697001	-66.2960531851277	-49.0716769844294	-27.2461531702429	NA	NA	43.6510476283729	3.32120316294056e-10	NA	NA
ACTAA	1550	4060	1397	304	872	299	2578683	0.210503781932353	-27.4985492452979	-27.0501570850611	-26.0554173588753	NA	NA	1.9894794523716	0.369819686399244	NA	NA
ACTAC	766	3669	636	136	608	130	1549793	0.172352593176888	-40.8057487644255	-26.5829225257039	-24.2605799175799	NA	NA	4.64468521624804	0.0980436385474291	NA	NA
ACTAG	685	3805	789	127	771	160	1481839	0.200416745595757	-25.2869487963617	-24.9712587371469	-24.5186846479774	NA	NA	0.905148178339005	0.635988950532502	NA	NA
ACTAT	1342	5295	1070	262	1024	241	2424458	0.198131568703776	-29.1010231971741	-28.1110025644302	-25.8808622956276	NA	NA	4.46028053760529	0.107513348309429	NA	NA
ACTCA	1701	3755	1370	286	633	315	2740427	0.180779372985643	-47.1206330806017	-36.6621186882257	-25.8886903896928	NA	NA	21.5468565970659	2.09488187269778e-05	NA	NA
ACTCC	1276	4164	1420	255	595	308	2407591	0.168804664723032	-70.5674917437136	-46.8115407042205	-25.7148771286011	NA	NA	42.1933271512389	6.88391378512909e-10	NA	NA
ACTCG	194	570	209	35	73	40	332908	0.152106885919836	-29.7523171212524	-22.3692556237802	-19.7637884430587	NA	NA	5.21093436144292	0.073868619140315	NA	NA
ACTCT	1780	4711	1512	335	868	328	2740492	0.191303261277021	-33.4187515377998	-29.4829779341817	-26.3308874666691	NA	NA	6.30418093502522	0.0427626394558302	NA	NA
ACTGA	1667	6487	1820	362	1214	448	2799266	0.202927611790656	-39.7988342791796	-39.6553464159369	-26.9126069545746	NA	NA	25.4854789227247	2.92346950211447e-06	NA	NA
ACTGC	1272	6889	1698	293	1065	455	2444210	0.18389288974541	-90.5294880494475	-79.075362034142	-26.6091384068131	NA	NA	104.932447254658	1.63760287590527e-23	NA	NA
ACTGG	1357	6270	1573	295	1133	384	2350584	0.19695652173913	-42.0715908929706	-40.4710873179138	-26.5057676844299	NA	NA	27.9306392669678	8.60872322336552e-07	NA	NA
ACTTA	1541	3146	1488	207	541	388	2502569	0.183967611336032	-66.5227926596999	-59.3973191529512	-25.6562833636999	NA	NA	67.4820715785027	2.22051823017852e-15	NA	NA
ACTTC	1320	4501	1407	223	631	349	2538312	0.166436081903708	-88.593172647059	-60.0885372459888	-25.7909618616104	NA	NA	68.5951507687569	1.27277685114882e-15	NA	NA
ACTTG	1495	5202	1546	199	1032	316	2495373	0.187674390391848	-48.4599096998572	-42.0023118704557	-26.1117658615112	NA	NA	31.781092017889	1.25551976473664e-07	NA	NA
AGAAA	3909	12907	2022	588	2359	462	7995400	0.180964008918144	-79.1970974355936	-50.774884685874	-28.3260129392147	NA	NA	44.8977434933186	1.78065127689685e-10	NA	NA
AGAAC	1108	3018	874	148	525	215	2674208	0.1776	-51.5524451360106	-41.7246631532907	-24.727334305644	NA	NA	33.9946576952934	4.15101090566578e-08	NA	NA
AGAAG	2255	6349	1158	382	890	257	4177308	0.156627740217169	-108.683024480939	-47.1934224739671	-26.4216024652123	NA	NA	41.5436400175095	9.52605733532858e-10	NA	NA
AGAAT	2176	4388	1622	421	775	394	4568019	0.194234058148058	-41.8666556477547	-39.3570514544845	-26.5807551443577	NA	NA	25.5525926202536	2.82699482412405e-06	NA	NA
AGACA	1935	8376	2314	211	1470	504	3745328	0.173069306930693	-99.8808363005519	-66.0371690243483	-27.1199506446719	NA	NA	77.8344367593527	1.25448885306193e-17	NA	NA
AGACC	1296	3877	1294	152	602	311	1989089	0.164682232874594	-83.902691822499	-55.9593405872583	-25.3924858495593	NA	NA	61.1337094753981	5.30864468379141e-14	NA	NA
AGACG	195	1218	278	26	147	63	516452	0.139562389118865	-48.80445781257	-28.7113089552149	-20.7162841744721	NA	NA	15.9900495614856	0.000337135786743679	NA	NA
AGACT	2302	5398	2150	258	879	485	2704839	0.164670050761421	-112.903860643506	-70.3195399194956	-26.7744119986892	NA	NA	87.0902558416128	1.22628447550156e-19	NA	NA
AGAGA	1905	7479	1917	372	1398	379	5184567	0.19016016281745	-34.2105369120836	-27.6981592923403	-27.0778558254242	NA	NA	1.24060693383217	0.537781214022903	NA	NA
AGAGC	826	3280	904	194	611	181	2322957	0.196806387225549	-29.4951234534383	-28.5915570370853	-24.7638245783746	NA	NA	7.65546491742134	0.021758898934512	NA	NA
AGAGG	1273	4733	1348	282	754	322	3211404	0.184661408757139	-56.7295573651791	-48.7945848852396	-25.942923553288	NA	NA	45.7033226639032	1.1902812193533e-10	NA	NA
AGATA	1758	8303	3034	303	1761	780	3216851	0.217182130584192	-51.8207732960582	-47.4473581463099	-27.6919766142964	NA	NA	39.5107630640268	2.63236927305116e-09	NA	NA
AGATC	1145	4162	2250	231	760	608	2111294	0.211591901548233	-52.7367694228888	-52.028567917645	-26.3029585704207	NA	NA	51.4512186944485	6.72217503913515e-12	NA	NA
AGATG	1367	7797	3271	206	1487	889	3328756	0.207639726578207	-74.3654940649867	-74.2080756872892	-27.360636331141	NA	NA	93.6948787122965	4.51248318224941e-21	NA	NA
AGCAA	5856	3024	5747	1255	672	1339	3539600	0.22328570451904	-42.0022457838058	-30.880387917161	-28.6068282574415	NA	NA	4.54711931943893	0.102945077644645	NA	NA
AGCAC	2002	1070	4296	522	251	1017	2177600	0.242942453854506	-52.0215055644512	-28.1115516722202	-26.3374895565212	NA	NA	3.54812423139811	0.169642479930441	NA	NA
AGCAG	3435	2574	6450	798	531	1400	3065753	0.219038446103219	-35.9355073720217	-30.3819961696863	-27.995511777699	NA	NA	4.77296878397465	0.0919523848410217	NA	NA
AGCAT	2377	1599	6281	615	323	1399	2757231	0.227844398947061	-46.9311001822352	-34.7463826388121	-27.1813062131405	NA	NA	15.1301528513432	0.000518237759585784	NA	NA
AGCCA	3720	2679	6980	1075	600	1797	3443920	0.259511174228268	-129.355232745409	-41.3297275826335	-28.429699651897	NA	NA	25.8000558614731	2.4979805544555e-06	NA	NA
AGCCC	2515	1730	5383	713	363	1325	1881953	0.249376817615289	-81.1928203999996	-38.7471996918321	-27.2759305499494	NA	NA	22.9425382837653	1.04253612157939e-05	NA	NA
AGCCG	455	371	908	129	67	269	479005	0.268166089965398	-44.9220008552074	-29.7556135579944	-22.267520301044	NA	NA	14.9761865139008	0.000559709165227791	NA	NA
AGCCT	4674	5631	8021	1314	1204	2042	3354887	0.248826803448652	-132.838558800519	-53.9975658655167	-29.4962244182825	NA	NA	49.0026828944683	2.28666534641583e-11	NA	NA
AGCGA	1546	1053	15491	285	117	3194	410168	0.198783858485351	-55.8129042023793	-53.9070786004886	-26.7063058363274	NA	NA	54.4015455283225	1.53763935158295e-12	NA	NA
AGCGC	743	474	8958	137	54	1819	212212	0.197542997542998	-37.0778541909531	-35.5606965813786	-24.6318166432902	NA	NA	21.8577598761767	1.79327853237213e-05	NA	NA
AGCGG	1015	1079	11678	191	71	2328	272037	0.188062735986059	-97.216616586782	-86.9947353778407	-25.756047047209	NA	NA	122.477376661263	2.53732196468897e-27	NA	NA
AGCTA	2011	2224	4342	461	464	1004	2372305	0.224903812521861	-36.4905997924507	-28.7571782283485	-26.9492483995855	NA	NA	3.61585965752602	0.163993279810458	NA	NA
AGCTC	1335	1658	5911	319	371	1417	2201435	0.236635220125786	-47.5466102845967	-27.352821636945	-26.6279653161764	NA	NA	1.44971264153719	0.484394161336551	NA	NA
AGCTG	2035	3084	6584	508	748	1449	3255872	0.23113731521832	-50.0700656846166	-31.8884230554104	-27.7974095270038	NA	NA	8.18202705681324	0.0167222764645638	NA	NA
AGGAA	14469	2713	2455	4582	585	639	4738008	0.295666344146255	-419.700969159603	-77.2330515533686	-28.7877464741468	NA	NA	96.8906101584435	9.13001161373626e-22	NA	NA
AGGAC	4757	1238	1362	1606	289	388	1812997	0.310316705178741	-216.511440545321	-46.3323299624026	-26.4188148714602	NA	NA	39.8270301818848	2.24734775645093e-09	NA	NA
AGGAG	10985	3089	2301	3544	683	529	3896013	0.290442748091603	-346.154254578054	-90.9653174877167	-28.5370416715741	NA	NA	124.856551632285	7.72225784071608e-28	NA	NA
AGGAT	6659	1936	2938	2258	455	863	2682618	0.310066764935403	-322.82912427932	-57.2552893161774	-27.9914910793304	NA	NA	58.5275964736938	1.95386208852828e-13	NA	NA
AGGCA	13063	2405	3765	3376	487	950	3680157	0.250246971351323	-130.402080982924	-42.3384348079562	-28.8434817120433	NA	NA	26.9899061918259	1.37789567482501e-06	NA	NA
AGGCC	6790	1679	2662	1787	325	707	2105824	0.253256670559698	-100.232837751508	-42.4511208124459	-27.4954151250422	NA	NA	29.9114113748074	3.19756621798104e-07	NA	NA
AGGCG	2034	326	425	531	62	143	704596	0.26427289048474	-52.1196975205094	-30.5744348932058	-22.9244588408619	NA	NA	15.2999521046877	0.00047605552929989	NA	NA
AGGGA	9970	1553	2018	2388	379	416	3153289	0.235063880067942	-59.6608555987477	-31.8954419568181	-27.4673321917653	NA	NA	8.85621953010559	0.0119370321561302	NA	NA
AGGGC	4944	943	1556	1296	238	311	1747641	0.247883917775091	-66.5295880101621	-35.833386823535	-26.053807836026	NA	NA	19.559157975018	5.65956184945294e-05	NA	NA
AGGGG	6972	3350	2396	1785	904	583	2015862	0.257273156156628	-107.275245167315	-30.1729670278728	-28.215093832463	NA	NA	3.91574639081955	0.141158318055489	NA	NA
AGGTA	8104	1617	3039	2037	263	741	2063534	0.238322884012539	-84.5848625600338	-52.5334747992456	-27.6139330156147	NA	NA	49.8390835672617	1.50515252608819e-11	NA	NA
AGGTC	5682	1339	3313	1621	237	867	1750560	0.263692664989356	-132.22731340304	-53.8200186863542	-27.2976382635534	NA	NA	53.0447608456016	3.03023657226257e-12	NA	NA
AGGTG	10889	2445	3825	2927	438	928	2837041	0.25018940497698	-142.1947125718	-63.8363888412714	-28.6320400089025	NA	NA	70.4086976647377	5.13979222519323e-16	NA	NA
AGTAA	1693	4732	1663	297	962	262	2888517	0.188056379821958	-40.2358210161328	-34.1738736182451	-26.2346879541874	NA	NA	15.8783713281155	0.000356496668185176	NA	NA
AGTAC	721	3150	736	142	615	89	1318063	0.183633601041893	-39.9937628731132	-34.508201148361	-24.0650371834636	NA	NA	20.8863279297948	2.91468426508862e-05	NA	NA
AGTAG	1150	6711	1558	210	1527	246	2369009	0.210531903599108	-44.7705228403211	-44.1613655276597	-26.2089980356395	NA	NA	35.9047349840403	1.5972976809113e-08	NA	NA
AGTAT	1271	5698	1491	254	1117	194	2451402	0.184988179669031	-50.9446141719818	-42.1093412414193	-25.9756721034646	NA	NA	32.2673382759094	9.84547152680167e-08	NA	NA
AGTCA	1977	4005	1787	421	631	218	2550753	0.16347020208521	-86.0733527541161	-50.3909485563636	-26.1363653466105	NA	NA	48.5091664195061	2.92663357855317e-11	NA	NA
AGTCC	1253	3259	1204	280	533	148	1720798	0.168124562631211	-64.3021020442247	-43.7402836419642	-25.1260729692876	NA	NA	37.2284213453531	8.24045173205331e-09	NA	NA
AGTCG	163	441	213	29	53	12	202669	0.115055079559364	-44.3943372829817	-25.0898150517605	-18.7071595937014	NA	NA	12.7653109161183	0.00169062759996392	NA	NA
AGTGA	1930	8004	2584	431	1185	491	3493461	0.168317622623422	-101.296432316303	-56.750160202384	-27.3871196731925	NA	NA	58.726081058383	1.76926760723429e-13	NA	NA
AGTGC	1175	5210	2545	299	947	492	2135300	0.194624860022396	-41.2896479964256	-38.7438897453249	-26.622528091073	NA	NA	24.2427233085036	5.44201231717229e-06	NA	NA
AGTGG	1621	7364	2350	353	1251	402	2744777	0.176973974415527	-58.7401475906372	-35.4282941669226	-27.0377881675959	NA	NA	16.7810119986534	0.000227012381180088	NA	NA
AGTTA	1690	3123	1591	268	575	207	2444582	0.163960024984385	-64.142022587359	-35.4370733723044	-25.5777092427015	NA	NA	19.7187282592058	5.22555668817698e-05	NA	NA
AGTTC	1636	4434	1809	341	845	245	2429316	0.181622033252951	-53.1496864259243	-41.9098675586283	-26.1975544691086	NA	NA	31.4246261790395	1.50047625558609e-07	NA	NA
AGTTG	1884	7680	2083	264	1677	282	2148598	0.190864600326264	-80.2400367185473	-74.1474479772151	-26.8970246650279	NA	NA	94.5008466243744	3.01579549360865e-21	NA	NA
ATAAA	2952	10846	4976	517	2540	835	7246894	0.20730797912006	-74.9525981843472	-74.7787926495075	-28.8171989619732	NA	NA	91.9231873750687	1.09429264950689e-20	NA	NA
ATAAC	855	2742	759	105	482	171	2169890	0.174012855831038	-47.5938145294785	-36.6052365079522	-24.1507027670741	NA	NA	24.9090674817562	3.90000102940735e-06	NA	NA
ATAAG	1039	5258	862	156	836	136	2680821	0.157563905573404	-68.5104558318853	-25.2141319513321	-24.9954846948385	NA	NA	0.437294512987137	0.803605134657008	NA	NA
ATAAT	2982	6009	2182	466	1239	334	4925631	0.182493511142934	-62.2721133828163	-47.5021421462297	-27.2462408393621	NA	NA	40.5118026137352	1.59578300831011e-09	NA	NA
ATACA	1689	9156	1428	169	1943	331	3848036	0.199054835818463	-86.3784043192863	-85.1809760704637	-26.6736733838916	NA	NA	117.014605373144	3.89584161325963e-26	NA	NA
ATACC	1047	3964	695	82	682	129	1660125	0.156501927795303	-90.2589769028127	-54.1303878985345	-24.3007357232273	NA	NA	59.6593043506145	1.10954945176646e-13	NA	NA
ATACG	130	700	122	12	137	31	332540	0.189075630252101	-24.9714419455267	-24.3406410496682	-19.0543696656823	NA	NA	10.5725427679718	0.00506059413806494	NA	NA
ATAGA	912	6397	1071	177	1274	192	3105350	0.196062052505967	-28.3282647207379	-26.5402134954929	-25.5827396288514	NA	NA	1.91494773328304	0.383861347183172	NA	NA
ATAGC	574	2952	658	111	561	118	1755088	0.188814531548757	-26.901216480881	-24.037672445178	-23.8351258672774	NA	NA	0.405093155801296	0.816648443942151	NA	NA
ATAGG	539	3822	684	116	609	123	1822911	0.16808721506442	-46.6507356986403	-28.4630497954786	-24.0357461236417	NA	NA	8.85460734367371	0.0119466583960718	NA	NA
ATATA	3162	23397	3337	324	4775	523	6028401	0.188051913299438	-149.977562025189	-127.568369552493	-28.8829952478409	NA	NA	197.370748609304	1.38511711286778e-43	NA	NA
ATATC	1475	6753	1259	150	1395	222	2516522	0.186254875092231	-76.1807030662894	-67.4866925776005	-25.9656212553382	NA	NA	83.0421426445246	9.2817067287567e-19	NA	NA
ATATG	1277	13944	1720	160	2424	341	3459594	0.172658048521339	-85.882857427001	-39.2838106229901	-26.9343793615699	NA	NA	24.6988625228405	4.33221646420771e-06	NA	NA
ATCAA	3918	3075	4350	796	723	1086	3139409	0.229657057215904	-53.7830894440413	-38.0913113728166	-27.9795753061771	NA	NA	20.2234721332788	4.06002608443548e-05	NA	NA
ATCAC	1480	1199	4431	328	289	1055	2551246	0.235161744022504	-41.5496392771602	-26.8720030486584	-26.1157577708364	NA	NA	1.51249055564404	0.469425685211368	NA	NA
ATCAG	1560	2085	4313	354	499	1008	2536591	0.233852726815783	-42.0329647064209	-26.9878813698888	-26.6932875961065	NA	NA	0.589187547564507	0.744834097156202	NA	NA
ATCAT	3991	2271	6356	895	478	1439	3279018	0.222856237121572	-38.1569465324283	-29.0101596489549	-28.0192125886679	NA	NA	1.981894120574	0.371224952079686	NA	NA
ATCCA	2930	2121	5186	782	547	1955	2741511	0.320797108527889	-362.990680083632	-80.1323294937611	-27.8818404376507	NA	NA	104.500978112221	2.03189343056468e-23	NA	NA
ATCCC	2494	1588	5890	767	394	1992	2193679	0.3161853188929	-300.165975939482	-44.8418145142496	-27.5554191805422	NA	NA	34.5727906674147	3.10895112431879e-08	NA	NA
ATCCG	247	173	483	72	38	192	260875	0.334440753045404	-58.5269437585957	-27.8256846931763	-20.5233250698075	NA	NA	14.6047192467377	0.000673946637274995	NA	NA
ATCGA	799	884	7711	150	145	1763	272031	0.219076005961252	-39.7894022567198	-35.6050591459498	-25.4345812485553	NA	NA	20.3409557947889	3.82840232091524e-05	NA	NA
ATCGC	702	687	9982	125	121	2175	330354	0.212910034297775	-31.8664614520967	-30.3156953188591	-25.2966699949466	NA	NA	10.038050647825	0.00661096712171574	NA	NA
ATCGG	490	563	6557	111	57	1447	183056	0.212220762155059	-46.6384089523926	-45.7815141775645	-24.1645508012734	NA	NA	43.2339267525822	4.09140140693793e-10	NA	NA
ATCTA	2896	3074	4127	588	681	981	2506513	0.222838466871348	-39.5141145661473	-32.2097317799926	-27.5695935860276	NA	NA	9.28027638792992	0.0096563630842253	NA	NA
ATCTC	2717	2591	5769	680	659	1608	3105936	0.266046763564142	-122.332608863711	-31.6135479137301	-27.9232065752149	NA	NA	7.38068267703056	0.0249634795907786	NA	NA
ATCTG	2295	2793	5358	572	663	1144	2876936	0.227742676622631	-45.1379576325417	-32.8385927304626	-27.5857860818505	NA	NA	10.505613297224	0.00523281110770382	NA	NA
ATGAA	9012	2101	3934	1948	365	866	4494463	0.211271349770718	-38.1092455685139	-36.839625030756	-28.1481619700789	NA	NA	17.3829261213541	0.000168014031590442	NA	NA
ATGAC	3606	1003	1544	983	180	362	2022835	0.247846578904599	-66.4241023436189	-41.084564846009	-25.7218986153603	NA	NA	30.7253324612975	2.12852535915007e-07	NA	NA
ATGAG	9243	1795	1862	2473	338	429	3079645	0.251162790697674	-110.828544765711	-49.3938433229923	-27.4373316168785	NA	NA	43.9130234122276	2.91345372299096e-10	NA	NA
ATGCA	9148	1502	2648	1911	195	568	3008668	0.201082869604452	-52.0927924066782	-51.4984045624733	-27.255650728941	NA	NA	48.4855076670647	2.96145940601239e-11	NA	NA
ATGCC	5508	1042	1650	1298	153	374	2189514	0.222560975609756	-49.2267189770937	-43.478674467653	-26.0596535243094	NA	NA	34.8380418866873	2.72279738071413e-08	NA	NA
ATGCG	895	101	168	194	13	28	267567	0.201890034364261	-21.9736289130524	-21.9394507929683	-19.3727126657031	NA	NA	5.13347625453025	0.0767856022378171	NA	NA
ATGGA	8008	862	1820	1784	173	367	3268343	0.217399438727783	-32.2748657986522	-28.5729117691517	-26.4122076407075	NA	NA	4.32140825688839	0.115243945922217	NA	NA
ATGGC	4257	683	1211	1094	143	236	2187926	0.239473256381076	-51.1333090774715	-34.6017670743167	-25.2162588573992	NA	NA	18.771016433835	8.39316133978704e-05	NA	NA
ATGGG	6253	1015	1678	1470	283	399	2467061	0.240554437737536	-55.4219762533903	-29.8754927590489	-26.520214304328	NA	NA	6.71055690944195	0.0348996508290888	NA	NA
ATGTA	17139	1877	3437	2892	250	480	3355876	0.161314746359061	-155.472831182182	-41.0726985707879	-28.0572938919067	NA	NA	26.0308093577623	2.22577657920041e-06	NA	NA
ATGTC	7772	1377	1580	1789	154	273	2282199	0.206543014260416	-77.0831064023077	-77.0463083721697	-26.3553010225296	NA	NA	101.38201469928	9.66440732715033e-23	NA	NA
ATGTG	14206	1831	2406	2779	306	464	3502614	0.192430732527246	-39.0576361268759	-31.4030320867896	-27.837606690824	NA	NA	7.13085079193115	0.0282849506206966	NA	NA
ATTAA	3206	4086	3377	390	908	638	4594011	0.181460305558159	-96.573804281652	-81.1385731250048	-27.3870550841093	NA	NA	107.503036081791	4.52910428770993e-24	NA	NA
ATTAC	859	3444	1366	202	680	242	2639663	0.198271300052919	-30.3119816556573	-29.6116775199771	-25.2329568117857	NA	NA	8.75744141638279	0.0125413924635531	NA	NA
ATTAG	864	4450	1647	177	1053	320	2723432	0.222669156730355	-36.3443875461817	-31.4028995409608	-25.7494532838464	NA	NA	11.3068925142288	0.0035054153719516	NA	NA
ATTCA	1458	3340	2095	357	567	424	4010984	0.19556071376759	-42.3854339644313	-40.7499884590507	-26.170145958662	NA	NA	29.1596850007772	4.65644904694718e-07	NA	NA
ATTCC	1059	3082	1189	235	485	244	2688047	0.180863039399625	-44.6199852228165	-36.5094817727804	-25.1235980466008	NA	NA	22.7717674523592	1.1354644097037e-05	NA	NA
ATTCG	125	273	151	26	44	40	289346	0.200364298724954	-21.2117720842361	-21.1782259191386	-18.6143151754513	NA	NA	5.1278214873746	0.0770030117938691	NA	NA
ATTGA	1255	5115	2056	290	869	462	3033234	0.192380726323285	-46.8597940355539	-43.3334955498576	-26.450729675591	NA	NA	33.7655317485332	4.65487412564538e-08	NA	NA
ATTGC	779	4883	1473	169	613	361	2310848	0.160196215837421	-119.07722203806	-80.7460649572313	-25.4547458440065	NA	NA	110.582638226449	9.71147534579923e-25	NA	NA
ATTGG	819	4097	1379	152	655	284	2150131	0.173312152501986	-48.3693743385375	-31.7532734870911	-25.2194171063602	NA	NA	13.0677127614617	0.00145339020273756	NA	NA
ATTTA	2522	3554	4840	474	712	1080	5870417	0.207585196042506	-33.3767504394054	-33.2450154721737	-27.6166074723005	NA	NA	11.2568159997463	0.00359429288968064	NA	NA
ATTTC	1535	3790	2222	394	631	524	4795610	0.205247118060156	-55.3131313174963	-55.3129197210073	-26.4971593022346	NA	NA	57.6315208375454	3.05825897048737e-13	NA	NA
ATTTG	2118	7014	2881	375	1686	640	4495431	0.224839756929993	-53.763677559793	-42.9998751878738	-27.6616253629327	NA	NA	30.6764996498823	2.18113596515563e-07	NA	NA
CAAAA	4242	10030	1709	613	2290	273	6617191	0.198735998998811	-92.3998075574636	-90.6776009947062	-27.8997068554163	NA	NA	125.55578827858	5.44386052516858e-28	NA	NA
CAAAC	1872	3858	943	291	861	181	2855354	0.199760227783606	-41.3736989051104	-40.8607918396592	-25.6490532457829	NA	NA	30.4234771877527	2.47528875296951e-07	NA	NA
CAAAG	1878	5998	974	355	1260	196	4003648	0.204632768361582	-27.8318905681372	-27.8206600546837	-26.2169988229871	NA	NA	3.20732246339321	0.201158679586426	NA	NA
CAACA	2344	9264	1554	255	1938	300	3317000	0.18940890442182	-92.2902332767844	-83.9290694072843	-27.040298037231	NA	NA	113.777542740107	1.96571481910693e-25	NA	NA
CAACC	1987	5592	1344	174	1104	187	1767521	0.164182449848706	-128.69191968441	-89.1593646667898	-25.9236892051995	NA	NA	126.471350923181	3.44425333507033e-28	NA	NA
CAACG	184	1139	162	24	244	22	289027	0.195286195286195	-25.3493290445767	-24.977050290443	-20.0725628612563	NA	NA	9.8089748583734	0.00741324192068529	NA	NA
CAAGA	1206	6710	1253	273	1314	174	3348058	0.192060202857454	-44.0026459619403	-39.9712315872312	-26.0075336098671	NA	NA	27.9273959547281	8.62269493766069e-07	NA	NA
CAAGC	1010	3927	914	140	621	119	1940617	0.150401640745172	-74.5878496058285	-27.1423284597695	-24.5951566882432	NA	NA	5.09434354305267	0.0783028113696131	NA	NA
CAAGG	1231	4775	1052	267	811	173	2510590	0.177245678662511	-46.0803329795599	-31.8445554897189	-25.5050341039896	NA	NA	12.6790427714586	0.00176514685917072	NA	NA
CAATA	1057	15227	1319	182	3561	237	3029877	0.226097824234505	-60.8349465429783	-43.0060140043497	-26.8253165632486	NA	NA	32.3613948822021	9.3931744469028e-08	NA	NA
CAATC	832	11249	932	131	2637	163	1845180	0.225236302159379	-55.2572427652776	-43.1365056186914	-25.8784775137901	NA	NA	34.5160562098026	3.19840625059782e-08	NA	NA
CAATG	1143	22372	1583	184	4705	296	2668249	0.206590166547135	-35.9920758903027	-35.8991258963943	-27.4017350971699	NA	NA	16.9947815984488	0.000203999952038725	NA	NA
CACAA	5023	2938	7537	1007	627	1645	3136367	0.211575687185443	-32.3517980724573	-30.9073168709874	-28.6089788302779	NA	NA	4.59667608141899	0.100425608379234	NA	NA
CACAC	2485	2168	11162	506	335	2179	3408179	0.190957951312046	-45.5667359754443	-37.4001403823495	-27.7849803641438	NA	NA	19.2303200364113	6.67097113489366e-05	NA	NA
CACAG	2198	4826	11188	508	791	2057	3414330	0.184274104985724	-66.6739877313375	-46.2791787236929	-28.5270835906267	NA	NA	35.5041902661324	1.9514752224451e-08	NA	NA
CACCA	3675	2970	9460	964	665	2641	3296410	0.265135051226327	-170.470826327801	-42.3843735158443	-28.8159753605723	NA	NA	27.136796310544	1.28032301644456e-06	NA	NA
CACCC	4091	1943	7871	1052	356	2218	2126048	0.260769507371449	-155.403514761478	-59.8391719087958	-28.2085568420589	NA	NA	63.2612301334739	1.83230774492073e-14	NA	NA
CACCG	424	320	1219	116	74	374	454019	0.28731533367295	-53.7708847066388	-25.2730925725773	-22.4663244690746	NA	NA	5.61353620700538	0.0603998834606485	NA	NA
CACGA	945	1136	17336	149	156	3638	401938	0.203069475202142	-47.4822341734543	-47.2367926677689	-26.4366606809199	NA	NA	41.600263973698	9.26013792348005e-10	NA	NA
CACGC	1310	1250	27244	279	204	5335	559178	0.195208696819219	-39.559866797179	-32.0407693469897	-27.5099315559492	NA	NA	9.06167558208108	0.010771647901307	NA	NA
CACGG	1030	1084	21724	185	106	4243	427074	0.190200520177867	-71.5284221917391	-58.0024544261396	-26.5572496261448	NA	NA	62.8904095999897	2.20557115357493e-14	NA	NA
CACTA	1060	2420	4883	242	535	1029	1792397	0.215951213679302	-29.5607520081103	-27.3147539012134	-26.4908183664083	NA	NA	1.64787106961012	0.438701726728752	NA	NA
CACTC	1087	2428	7457	299	561	1777	2342322	0.240339044841415	-61.1824771948159	-30.2300523780286	-27.119208291173	NA	NA	6.2216881737113	0.0445633241443556	NA	NA
CACTG	1923	3502	12421	492	780	1881	3468914	0.176678247226269	-138.633374087512	-101.14944703877	-28.2846112325788	NA	NA	145.729671612382	2.26570772074212e-32	NA	NA
CAGAA	8741	3245	2532	1854	707	643	4551058	0.220691555310649	-43.9836522340775	-35.8737225010991	-28.2868942171335	NA	NA	15.1736565679312	0.000507086841533084	NA	NA
CAGAC	3616	2256	945	794	490	245	2067543	0.224292210649846	-34.7428378798068	-28.9691011123359	-26.0815824083984	NA	NA	5.77503740787506	0.055714284877247	NA	NA
CAGAG	6830	5550	1414	1591	1151	341	3944453	0.2235029723068	-44.3415905609727	-33.5995591431856	-27.9905506893992	NA	NA	11.2180169075727	0.00366470127750107	NA	NA
CAGCA	9744	2326	1954	2243	456	458	3551060	0.225114090131204	-46.153569817543	-33.2404537349939	-27.7511456161737	NA	NA	10.9786162376404	0.0041307011401793	NA	NA
CAGCC	6724	2204	2141	1536	467	511	3395384	0.227120787785708	-41.5898794084787	-29.2583752945065	-27.4621857330203	NA	NA	3.59237912297249	0.165929951020988	NA	NA
CAGCG	1002	275	206	215	44	47	380608	0.20633850303439	-22.8932969206944	-22.8898086119443	-20.9458196796477	NA	NA	3.88797786459327	0.143131866211151	NA	NA
CAGGA	8401	1782	1702	1862	449	326	3921896	0.221876314682373	-42.0803848579526	-34.3897831812501	-27.2046166732907	NA	NA	14.3703330159187	0.000757742827223215	NA	NA
CAGGC	6230	1921	1698	1527	519	324	3265242	0.24063356685958	-68.3526170104742	-40.1004619672894	-27.0616652145982	NA	NA	26.0775935053825	2.17431528889235e-06	NA	NA
CAGGG	6359	2234	1485	1378	562	297	2711302	0.221968644572336	-39.9132472202182	-33.3207232505083	-27.0249450951815	NA	NA	12.5915563106537	0.00184407375874763	NA	NA
CAGTA	8913	2116	1393	1344	417	271	2162440	0.163580743841571	-98.8656508773565	-42.1539164409041	-26.9261654131114	NA	NA	30.4555020555854	2.43596899799987e-07	NA	NA
CAGTC	6103	1748	1307	949	328	288	1863044	0.170888840358157	-68.7465434372425	-40.6654961854219	-26.3463358916342	NA	NA	28.6383205875754	6.04321017793306e-07	NA	NA
CATAA	2322	6992	1675	528	1579	238	3022537	0.213395213395213	-54.9579787254333	-53.2515155673027	-27.078182823956	NA	NA	52.3466654866934	4.29601725008689e-12	NA	NA
CATAC	1152	8777	626	224	1475	84	1678791	0.168924680246329	-66.18918062374	-29.9090848937631	-25.3652911372483	NA	NA	9.08758751302958	0.0106329909598102	NA	NA
CATAG	1147	14661	1497	252	3277	298	2044831	0.221149956659925	-39.2785729169846	-29.0437984392047	-27.1443982608616	NA	NA	3.79880035668612	0.149658360631373	NA	NA
CATCA	2372	6066	1357	649	1106	209	2941327	0.200510464522716	-68.7940397113562	-68.2303730398417	-26.7729726433754	NA	NA	82.9148007929325	9.89190128586474e-19	NA	NA
CATCC	2404	5081	1256	619	836	201	2110257	0.18945200777943	-70.1121499463916	-64.5900052189827	-26.4688795208931	NA	NA	76.2422513961792	2.78102866546472e-17	NA	NA
CATCG	168	685	109	45	103	23	283447	0.177754677754678	-26.5096342512406	-24.6408578110859	-19.4801108208485	NA	NA	10.3214939804748	0.0057374122935624	NA	NA
CATGA	2171	11561	2231	604	2219	450	3053992	0.205036647246758	-58.4758563041687	-58.4719332382083	-27.9940227642655	NA	NA	60.9558209478855	5.80245339919223e-14	NA	NA
CATGC	1577	14903	2057	410	2100	470	2337661	0.160759561957167	-210.242653004825	-113.318498771638	-27.7196610681713	NA	NA	171.197675406933	6.68185624748908e-38	NA	NA
CATGG	1766	15482	1608	460	2946	366	2881431	0.200042426813746	-50.4540914967656	-49.1490132063627	-27.774619333446	NA	NA	42.7487877458334	5.21457222364368e-10	NA	NA
CATTA	1189	4812	1206	251	1133	252	2943613	0.227001526293881	-36.1431634575129	-28.1990942582488	-25.8841774538159	NA	NA	4.62983360886574	0.0987744012526376	NA	NA
CATTC	1070	5893	1254	249	1013	234	2990096	0.182061579651941	-45.8360553458333	-34.5518820732832	-25.8551779985428	NA	NA	17.3934081494808	0.000167135771185955	NA	NA
CCAAA	3783	7320	950	646	1298	220	4006572	0.179540363395005	-54.9281253293157	-34.5092622339725	-27.0256068333983	NA	NA	14.9673108011484	0.000562198593893253	NA	NA
CCAAC	1366	2945	558	192	446	115	1885692	0.154651879235983	-62.9867248944938	-29.6533593796194	-24.3310326486826	NA	NA	10.6446534618735	0.00488138283740909	NA	NA
CCAAG	1743	7717	681	297	909	142	2690442	0.132925746967755	-201.619626529515	-53.5283344909549	-25.7126459926367	NA	NA	55.6313769966364	8.31380769752465e-13	NA	NA
CCACA	2578	8037	1247	310	1235	250	3057088	0.151323554206711	-137.516464881599	-44.713304810226	-26.6881495341659	NA	NA	36.0503105521202	1.48516439212041e-08	NA	NA
CCACC	3501	9378	1322	367	964	256	2906644	0.111752693472291	-426.946969352663	-63.6195418015122	-26.919386126101	NA	NA	73.4003113508224	1.15166164995078e-16	NA	NA
CCACG	334	1852	197	55	235	49	563650	0.142257658413764	-55.9571230923757	-30.0635189283639	-21.5040628695861	NA	NA	17.1189121175557	0.000191723551625761	NA	NA
CCAGA	1088	6989	887	264	1258	157	2953960	0.187304774654172	-42.4329943060875	-35.1088156923652	-25.7136818617582	NA	NA	18.7902676612139	8.31275958997298e-05	NA	NA
CCAGC	1452	7750	1247	305	1061	243	3534699	0.15398602737104	-126.962386086583	-53.4462883621454	-26.285248927772	NA	NA	54.3220788687468	1.59996488408045e-12	NA	NA
CCAGG	1918	12656	1384	452	1894	325	3764640	0.167376864268705	-139.854587376118	-80.0484808683395	-27.3525639697909	NA	NA	105.391833797097	1.30152966785098e-23	NA	NA
CCATA	991	11484	1098	214	2503	272	2017571	0.220216606498195	-35.6403954066336	-28.5206735208631	-26.5332866162062	NA	NA	3.97477380931377	0.137053090728403	NA	NA
CCATC	1407	12635	1640	273	1996	340	2511699	0.166369085575819	-102.553528994322	-40.5285292193294	-27.0773172006011	NA	NA	26.9024240374565	1.43950389841013e-06	NA	NA
CCCAA	3225	1953	4800	570	539	1177	2843705	0.2291040288635	-73.028350122273	-59.8346800506115	-27.4310656711459	NA	NA	64.8072287589312	8.45841679001616e-15	NA	NA
CCCAC	2395	1739	6275	554	513	1587	2436076	0.254971659141128	-93.2773954942822	-35.4322474822402	-27.4682055860758	NA	NA	15.9280837923288	0.000347744725018973	NA	NA
CCCAG	2698	2405	8665	642	596	2118	4272956	0.243753631609529	-74.9963730499148	-28.4216625615954	-28.1448530256748	NA	NA	0.55361907184124	0.7581988930131	NA	NA
CCCCA	2737	3384	7127	570	960	1914	2811677	0.259963768115942	-136.577758923173	-48.0229237005115	-28.3523136153817	NA	NA	39.3412201702595	2.86525041667042e-09	NA	NA
CCCCC	2507	2516	5567	470	591	1359	1448530	0.22851746931067	-53.8157965578139	-40.4948837384582	-27.5250876620412	NA	NA	25.9395921528339	2.32964170610039e-06	NA	NA
CCCCG	395	439	1225	95	105	308	486365	0.246721709567751	-30.7537249960005	-22.7063850704581	-22.5694185616449	NA	NA	0.273933017626405	0.871999429938867	NA	NA
CCCGA	790	926	12899	116	234	2755	358822	0.212452959288402	-40.1495498958975	-38.391072049737	-26.039784473367	NA	NA	24.7025751527399	4.32418196560701e-06	NA	NA
CCCGC	1011	912	16295	148	152	3380	426193	0.201998023932375	-39.5202007526532	-39.0219177324325	-26.2797303572297	NA	NA	25.4843747504056	2.92508395478204e-06	NA	NA
CCCGG	1402	1351	25462	195	214	5323	612145	0.203154350522772	-53.0438941754401	-52.7131557129323	-27.3965845201164	NA	NA	50.6331423856318	1.01193549642014e-11	NA	NA
CCCTA	887	1515	4137	164	376	1063	1475612	0.245144517510323	-57.797693554312	-34.0997853986919	-25.730381090194	NA	NA	16.7388086169958	0.000231853625844462	NA	NA
CCCTC	1438	2289	7860	311	614	1955	2255139	0.248554414429965	-81.5106306448579	-32.2618637606502	-27.3681621737778	NA	NA	9.78740317374468	0.00749363274108627	NA	NA
CCGAA	11398	724	516	2319	61	104	255124	0.196550087039088	-58.2528266566806	-55.85561008472	-24.8254506937228	NA	NA	62.0603187819943	3.34020409336456e-14	NA	NA
CCGAC	5725	712	342	1246	57	72	176765	0.202832276146924	-61.3485740490723	-61.2439347237814	-23.7455931555014	NA	NA	74.99668313656	5.18414543174055e-17	NA	NA
CCGAG	17990	1360	789	4165	186	152	591002	0.223596007746164	-73.2979334266856	-57.5537928687409	-26.6282324623317	NA	NA	61.8511208128184	3.70851265829271e-14	NA	NA
CCGCA	15055	1191	1221	2921	71	284	306579	0.187553672639835	-118.857415266335	-105.121789023746	-26.3329236162826	NA	NA	157.577730814926	6.05941249479869e-35	NA	NA
CCGCC	21408	1276	1620	4484	100	327	566204	0.202065503620803	-93.7642451748252	-93.126055800356	-27.1479971418157	NA	NA	131.95611731708	2.21867248720492e-29	NA	NA
CCGCG	4067	200	277	807	25	33	115288	0.190360915492958	-31.855004780693	-29.3241770369932	-21.8182572773658	NA	NA	15.0118395192549	0.000549819915549307	NA	NA
CCGGA	12173	465	638	2483	58	54	246666	0.195465501657126	-62.17274959106	-58.9925080072135	-24.4227835978381	NA	NA	69.1394488187507	9.69525973092721e-16	NA	NA
CCGGC	15858	812	1019	3307	131	137	402790	0.202103001865566	-44.8384893964976	-44.3846438620239	-26.0876085972413	NA	NA	36.5940705295652	1.13161461892305e-08	NA	NA
CCGTA	13382	582	559	2188	47	83	191043	0.159608896233561	-118.417464599945	-39.2758610337041	-24.5515125403181	NA	NA	29.4486969867721	4.02992255064731e-07	NA	NA
CCGTC	21889	983	826	3915	81	113	365057	0.173390159507131	-122.011396273971	-60.465860937722	-25.9765787292272	NA	NA	68.9785644169897	1.05073948363465e-15	NA	NA
CCTAA	849	3144	804	160	595	195	2040506	0.198040441942881	-29.8282346874475	-29.1961767487228	-24.625363688916	NA	NA	9.14162611961365	0.0103495414996077	NA	NA
CCTAC	518	3471	376	116	503	83	1316287	0.160824742268041	-58.4411979317665	-35.6677807308733	-23.3763964362442	NA	NA	24.5827685892582	4.59113037738184e-06	NA	NA
CCTAG	573	5003	764	110	756	139	1681881	0.158517350157729	-65.1863981373608	-28.4331241585314	-24.3983119688928	NA	NA	8.06962437927723	0.0176890019790835	NA	NA
CCTCA	1111	4064	1283	253	626	269	3353701	0.17776401362651	-55.4479945674539	-42.9078242555261	-25.5371044650674	NA	NA	34.7414395809174	2.85753953894914e-08	NA	NA
CCTCC	1558	4932	1608	387	747	331	3747090	0.180908866386762	-71.3067290484905	-59.0317357480526	-26.3200640305877	NA	NA	65.4233434349298	6.21586364968413e-15	NA	NA
CCTCG	202	686	229	43	102	42	513736	0.167412712623098	-26.4594557229429	-22.2797833653167	-20.2163555594161	NA	NA	4.12685561180115	0.12701783035266	NA	NA
CCTGA	1083	7828	1254	251	1244	328	3055779	0.179340875553369	-81.5080367699265	-64.0153230726719	-26.2782806679606	NA	NA	75.4740848094225	4.08329465563154e-17	NA	NA
CCTGC	1113	7773	1403	227	964	328	2619303	0.147633394887744	-174.819317877293	-82.2725897431374	-26.1665592417121	NA	NA	112.212061002851	4.29992174383545e-25	NA	NA
CCTTA	738	2441	937	104	379	220	1909321	0.170796890184645	-50.6989461109042	-38.0018152929842	-24.1251791715622	NA	NA	27.7532722428441	9.4070511417315e-07	NA	NA
CCTTC	1046	4715	1327	156	666	278	2841846	0.155191873589165	-87.3710680007935	-39.9237138479948	-25.4036497026682	NA	NA	29.0401282906532	4.94329199809419e-07	NA	NA
CGAAA	186	531	103	45	102	25	375832	0.209756097560976	-20.5486751180142	-20.5102835362777	-19.4126035971567	NA	NA	2.19535987824202	0.333644261440017	NA	NA
CGAAC	88	210	74	15	44	21	238613	0.21505376344086	-18.6343747405335	-18.550502459053	-17.3592073158361	NA	NA	2.3825902864337	0.303827508999769	NA	NA
CGAAG	170	374	71	32	49	20	304291	0.164227642276423	-25.1672638212331	-22.447209355887	-18.3608251400292	NA	NA	8.17276843171567	0.0167998685693276	NA	NA
CGACA	151	593	113	18	94	26	285575	0.161026837806301	-25.7510683871806	-21.3217967306264	-18.9328552065417	NA	NA	4.77788304816931	0.0917267230387672	NA	NA
CGACC	225	447	112	16	49	27	178017	0.11734693877551	-44.2091536635999	-26.7080173413269	-18.6211741087027	NA	NA	16.1736864652485	0.000307559118896012	NA	NA
CGACG	30	92	17	2	12	5	43218	0.136690647482014	-17.0001602651901	-15.1902686498361	-13.3571652119863	NA	NA	3.66620687569957	0.159916505936529	NA	NA
CGAGA	202	689	179	59	108	29	616729	0.183177570093458	-28.5663002785295	-27.2366695879027	-20.0975920110941	NA	NA	14.2781551536173	0.000793483686751305	NA	NA
CGAGC	118	421	82	15	43	11	228480	0.111111111111111	-34.1803789678961	-18.0430103051476	-17.5727014122531	NA	NA	0.940617785789073	0.624809239337129	NA	NA
CGATA	90	475	122	18	108	23	215065	0.21688500727802	-19.2442548396066	-19.0260550281964	-18.6100708656013	NA	NA	0.831968325190246	0.659690718190654	NA	NA
CGATC	131	424	139	21	100	30	299370	0.217579250720461	-20.6291362657212	-20.3815950145945	-18.9763804003596	NA	NA	2.81042922846973	0.245314402840154	NA	NA
CGCAA	220	169	556	28	31	122	255723	0.191534391534392	-23.975629389286	-23.5262999939732	-19.7260570544749	NA	NA	7.60048587899655	0.0223653377721784	NA	NA
CGCAC	133	104	831	29	22	200	285566	0.23501872659176	-21.9765133205801	-19.7928587244824	-19.5269456645474	NA	NA	0.531826119869947	0.76650576466528	NA	NA
CGCAG	239	247	826	41	38	177	363052	0.195121951219512	-23.2433702442795	-22.9034453975037	-20.6318368557841	NA	NA	4.54321708343923	0.103146131714959	NA	NA
CGCCA	307	251	1243	70	52	290	493529	0.228761799000555	-24.2734579956159	-21.9590494371951	-21.6387468865141	NA	NA	0.640605101361871	0.725929373419433	NA	NA
CGCCC	454	292	1597	129	64	411	523426	0.25778915919761	-38.5831667380407	-24.0996880140156	-22.6175068607554	NA	NA	2.96436230652034	0.227141716789316	NA	NA
CGCCG	51	57	210	16	3	51	88132	0.220125786163522	-22.6653028562432	-22.5003981888294	-16.1119526405819	NA	NA	12.7768910964951	0.0016808669983358	NA	NA
CGCGA	139	204	2668	22	30	590	67373	0.213218199933577	-25.267032313277	-24.8233045861125	-21.0019965703832	NA	NA	7.6426160314586	0.0218991377358007	NA	NA
CGCGC	205	155	6080	37	29	1114	139878	0.183229813664596	-29.9385390935931	-22.0403366109822	-22.0298281414434	NA	NA	0.0210169390775263	0.989546551529531	NA	NA
CGCTA	118	119	560	21	24	139	177709	0.230865746549561	-21.6130672493018	-20.4005384452175	-19.0378710089717	NA	NA	2.72533487249166	0.255977062981341	NA	NA
CGCTC	183	206	998	36	53	254	314296	0.247296322999279	-27.5143269393593	-21.9465766586363	-20.7831754744984	NA	NA	2.32680236827582	0.312421767815252	NA	NA
CGGAA	732	174	196	228	56	55	302031	0.307622504537205	-45.3582936022431	-21.0765496799722	-20.7631284957752	NA	NA	0.626842368394136	0.730941986512947	NA	NA
CGGAC	338	142	107	100	30	39	171602	0.287904599659284	-30.3579819141887	-21.7180388511624	-19.0796086948831	NA	NA	5.27686031255871	0.0714733835750159	NA	NA
CGGAG	843	382	261	305	104	56	476625	0.312920592193809	-66.486184746027	-30.4926066529006	-21.8332687355578	NA	NA	17.3186758346856	0.000173499139656332	NA	NA
CGGCA	878	171	283	237	31	80	302696	0.261261261261261	-32.9698640783317	-23.654221417848	-20.9402373889461	NA	NA	5.42796805780381	0.0662722495057394	NA	NA
CGGCC	1093	290	377	234	61	93	464489	0.220454545454545	-23.5524916993454	-22.5992552638054	-21.8633282771334	NA	NA	1.47185397334397	0.479061169762185	NA	NA
CGGGA	1180	317	316	274	67	57	517539	0.219525648097077	-24.2533570211381	-23.3872107099742	-21.7394996248186	NA	NA	3.29542217031121	0.192489997978852	NA	NA
CGGGC	900	256	330	230	58	69	454763	0.240242261103634	-26.854852755554	-22.6840945603326	-21.4549332521856	NA	NA	2.45832261629403	0.292537823913082	NA	NA
CGGTA	548	153	207	172	21	61	176903	0.279735682819383	-38.9919177535921	-28.0295400775503	-20.0034369102214	NA	NA	16.052206334658	0.000326819290805178	NA	NA
CGGTC	519	148	219	126	20	71	178583	0.244920993227991	-29.9677887703292	-26.7921610199846	-19.8840990113094	NA	NA	13.8161240173504	0.000999693317343692	NA	NA
CGTAA	120	395	116	18	61	16	282807	0.150554675118859	-23.3424035334028	-18.254920090083	-18.1720770248212	NA	NA	0.165686130523682	0.920495593620461	NA	NA
CGTAC	75	422	52	12	58	6	149940	0.138433515482696	-23.8541044208687	-17.0893923910335	-16.8621413614601	NA	NA	0.454502059146762	0.796720756713361	NA	NA
CGTAG	103	653	130	14	134	15	222629	0.183972911963883	-23.0620470992289	-22.0404915651307	-18.6393804387189	NA	NA	6.80222225282341	0.0333362086323513	NA	NA
CGTCA	134	635	121	31	87	22	287486	0.157303370786517	-27.6593344574794	-22.215623490978	-19.0898149441928	NA	NA	6.25161709357053	0.043901422914941	NA	NA
CGTCC	143	795	188	43	87	20	250432	0.133214920071048	-49.271519605536	-32.9715792592615	-19.5695176324807	NA	NA	26.8041232535616	1.51202366816559e-06	NA	NA
CGTGA	257	1225	363	52	159	77	603766	0.15609756097561	-41.1278214138001	-29.2414976190776	-21.4747628383338	NA	NA	15.5334695614874	0.000423594138896312	NA	NA
CGTGC	153	2224	280	32	169	57	396051	0.0971019947308995	-140.622348343953	-46.3349229823798	-21.0208915304393	NA	NA	50.6280629038811	1.01450881676384e-11	NA	NA
CGTTA	108	363	103	21	68	15	259421	0.181184668989547	-19.4406525567174	-18.5905247889459	-18.1165562449023	NA	NA	0.947937088087201	0.622526834436663	NA	NA
CGTTC	116	523	153	22	80	18	274060	0.151515151515152	-26.0242970050313	-19.8731064843014	-18.7263761251234	NA	NA	2.29346071835607	0.317673752242875	NA	NA
CTAAA	1442	7687	1176	262	1812	251	3434357	0.225618631732169	-45.1481460034847	-35.1743737086654	-26.4560964778066	NA	NA	17.4365544617176	0.000163568739507454	NA	NA
CTAAC	797	2257	431	149	455	85	1435725	0.197704447632712	-24.3582033328712	-23.8555848151445	-23.5320621058345	NA	NA	0.64704541862011	0.723595525380657	NA	NA
CTAAG	925	4179	454	169	761	89	1873357	0.183339330694494	-31.2994713634253	-24.496812812984	-24.2831546962261	NA	NA	0.427316233515739	0.807624451094574	NA	NA
CTACA	1260	7819	728	150	1624	152	2323457	0.196390333435301	-52.6607282795012	-50.715099003166	-25.5727806948125	NA	NA	50.2846366167068	1.20456404678445e-11	NA	NA
CTACC	1180	3672	698	121	644	94	1391131	0.154774774774775	-79.7243139967322	-41.9317587837577	-24.3316326104105	NA	NA	35.2002523466945	2.27175933921028e-08	NA	NA
CTAGA	577	5838	571	129	1134	100	2140737	0.195104494703693	-28.0274950750172	-26.2111371383071	-24.4514744691551	NA	NA	3.51932533830404	0.172102909652628	NA	NA
CTAGC	428	2706	414	89	456	71	1243690	0.173618940248027	-33.7028961088508	-24.5211540255696	-22.945692025125	NA	NA	3.15092400088906	0.206911937188693	NA	NA
CTATA	2815	16376	986	361	3782	221	2306529	0.216285870050057	-100.554668541998	-94.7960635796189	-27.5415860265493	NA	NA	134.508955106139	6.1908675896371e-30	NA	NA
CTATC	1803	10054	822	343	2112	145	1570746	0.205063490811578	-29.7878933884203	-29.7852831892669	-26.4570682421327	NA	NA	6.65642989426851	0.0358570547121975	NA	NA
CTCAA	2089	3402	5335	386	833	1406	3287461	0.242471827082948	-82.3603221997619	-48.0789422765374	-27.6560341641307	NA	NA	40.8458162248135	1.35034177157546e-09	NA	NA
CTCAC	1166	1605	7038	271	370	1914	2850200	0.260475073911714	-99.9293078035116	-33.1570630818605	-26.6991109624505	NA	NA	12.9159042388201	0.00156800350862953	NA	NA
CTCAG	1251	2906	7012	274	584	1806	3795774	0.238517324738114	-70.9316964969039	-42.5332096666098	-27.2341667115688	NA	NA	30.5980859100819	2.2683500022014e-07	NA	NA
CTCCA	1962	3373	6463	493	837	2245	3468024	0.30301746058654	-313.616373352706	-75.1709306836128	-28.0747656971216	NA	NA	94.1923299729824	3.51880684050942e-21	NA	NA
CTCCC	2227	2780	9229	561	666	2783	3366155	0.281680247260466	-228.006799086928	-47.4547316506505	-28.2768174409866	NA	NA	38.3558284193277	4.68962033559433e-09	NA	NA
CTCGA	534	1061	9683	82	196	2297	376001	0.228320624224153	-53.08796778135	-39.2021000878885	-25.4221034282818	NA	NA	27.5599933192134	1.03615204883967e-06	NA	NA
CTCGC	436	698	8922	75	110	2004	309141	0.217680986475736	-37.9280546777882	-34.3039787588641	-24.6679414785467	NA	NA	19.2720745606348	6.53314326238341e-05	NA	NA
CTCTA	2324	5037	4440	254	1194	1165	2468520	0.22142191339717	-134.755961574614	-127.531553171575	-27.6897085309029	NA	NA	199.683689281344	4.35750415119076e-44	NA	NA
CTCTC	2309	6705	8335	339	1416	1981	3227368	0.215343823851519	-70.7600128501654	-66.6161724552512	-28.6389533877373	NA	NA	75.9544381350279	3.21146594437196e-17	NA	NA
CTGAA	6617	2305	1535	1378	404	302	3607703	0.19929234005929	-32.6831507310271	-31.738698348403	-26.9209165126085	NA	NA	9.6355636715889	0.00808470045758146	NA	NA
CTGAC	3124	1600	826	776	369	206	2048118	0.243423423423423	-44.7597503736615	-26.2957237958908	-25.5298909768462	NA	NA	1.53166563808918	0.464946553344628	NA	NA
CTGCA	8707	2020	3479	1994	319	877	3563380	0.224553005772209	-68.6902623772621	-56.331381469965	-28.0000848099589	NA	NA	56.6625933200121	4.96448491501751e-13	NA	NA
CTGCC	5819	2165	3597	1501	377	907	2999641	0.240480096710129	-87.2894480526447	-54.3560020253062	-27.8082813471556	NA	NA	53.0954413563013	2.95441433839292e-12	NA	NA
CTGGA	7438	1049	1383	1616	219	267	3396711	0.212968591691996	-29.3140441998839	-27.9385388791561	-26.2457620203495	NA	NA	3.38555371761322	0.184007850079695	NA	NA
CTGGC	4409	1033	1278	992	270	266	2576644	0.227380952380952	-37.0903955921531	-29.4258639886975	-25.796063259244	NA	NA	7.25960145890713	0.026521468829948	NA	NA
CTGTA	12986	3697	2078	2286	615	435	2978174	0.177815681466873	-71.5514388456941	-35.2917305827141	-28.2891638576984	NA	NA	14.0051334500313	0.000909544416508352	NA	NA
CTGTC	7880	4652	1946	1454	814	380	2540217	0.182898190357784	-48.0725921466947	-29.6307329013944	-27.9681579619646	NA	NA	3.32514987885952	0.189650013544324	NA	NA
CTTAA	894	3325	1730	171	617	346	2859596	0.190620272314675	-29.2403955832124	-26.0191398411989	-25.4003133326769	NA	NA	1.23765301704407	0.538576081349608	NA	NA
CTTAC	511	3860	703	106	589	102	1634508	0.157075285770595	-59.5401007793844	-28.1957219205797	-23.8723798207939	NA	NA	8.64668419957161	0.0132555081992226	NA	NA
CTTCA	813	3299	1935	170	467	295	3403878	0.154126012898958	-76.4135997891426	-34.1025467067957	-25.1832647696137	NA	NA	17.8385638743639	0.000133784275823226	NA	NA
CTTCC	854	5240	1850	200	634	222	3356037	0.132930513595166	-172.414764642715	-56.394211217761	-25.5083704292774	NA	NA	61.7716815769672	3.85877784715105e-14	NA	NA
CTTGA	711	5332	1710	157	782	412	2971037	0.174255127047594	-80.7851040884852	-61.5390378087759	-25.6788859218359	NA	NA	71.72030377388	2.66768112078522e-16	NA	NA
CTTGC	503	4206	1105	108	463	260	2067007	0.142930856553148	-138.896158676594	-77.1320489831269	-24.4900584071875	NA	NA	105.283981151879	1.37364331348108e-23	NA	NA
CTTTA	778	3087	2163	168	488	463	3590984	0.185633709356337	-44.2826378941536	-38.3845543414354	-25.4251261800528	NA	NA	25.9188563227654	2.35392087807797e-06	NA	NA
CTTTC	729	5979	2007	158	778	347	3928602	0.147217441193345	-126.221251472831	-46.6066498532891	-25.7437673285604	NA	NA	41.7257650494576	8.69691534906743e-10	NA	NA
GAAAA	2834	7803	1683	495	1400	344	6758688	0.181737012987013	-47.5299530625343	-30.1233662217855	-27.3278490900993	NA	NA	5.59103426337242	0.0610832780649919	NA	NA
GAAAC	1182	2645	599	210	407	133	2953489	0.169453230908269	-45.720927760005	-30.9468167573214	-24.3126854673028	NA	NA	13.2682625800371	0.00131472035992153	NA	NA
GAACA	1506	5965	1313	177	1163	245	2785772	0.180441712204007	-62.2115814313293	-48.3742561414838	-25.9763453230262	NA	NA	44.7958216369152	1.87374689154161e-10	NA	NA
GAACC	1228	3481	926	120	477	186	1542549	0.138952972493345	-112.585883840919	-44.3001006245613	-24.65297723189	NA	NA	39.2942467853427	2.93334216695974e-09	NA	NA
GAAGA	1490	6466	1243	348	1076	161	3762105	0.172301337101859	-74.430516153574	-48.5429800897837	-26.0735403895378	NA	NA	44.9388794004917	1.74440099903234e-10	NA	NA
GAAGC	738	4054	698	196	517	103	2093372	0.148633879781421	-105.76904951781	-58.1693762913346	-24.3240299411118	NA	NA	67.6906927004457	2.00056580827549e-15	NA	NA
GAATA	1772	6236	1249	428	1354	272	3135116	0.221886140218213	-34.4881926029921	-28.4909960776567	-26.6244205608964	NA	NA	3.7331510335207	0.154652360454992	NA	NA
GAATC	1261	3450	887	299	687	178	1985186	0.207931404072883	-28.5818621106446	-28.4917765632272	-25.257081463933	NA	NA	6.46939019858837	0.039372207724109	NA	NA
GACAA	4078	2588	5460	949	491	1201	2391282	0.217796470394194	-39.4407705590129	-34.9645839184523	-27.970932547003	NA	NA	13.9873027428985	0.000917689581126626	NA	NA
GACAC	1178	1326	4854	249	139	1047	1728288	0.195025822234303	-66.7669019512832	-64.8244738839567	-25.5895908214152	NA	NA	78.469766125083	9.13075706126302e-18	NA	NA
GACCA	2394	1590	5165	666	358	1409	1859256	0.26593070280905	-108.17664033547	-33.5446133688092	-27.1782109364867	NA	NA	12.732804864645	0.00171832992735745	NA	NA
GACCC	2728	867	3873	730	185	1123	1222002	0.27289769683985	-109.658844435588	-34.6504981201142	-26.3981972169131	NA	NA	16.5046018064022	0.000260658117692468	NA	NA
GACGA	748	748	13093	81	84	2482	220355	0.1814380697786	-72.7338685528375	-51.8335883212276	-25.1566218752414	NA	NA	53.3539328919724	2.59621514229137e-12	NA	NA
GACGC	453	610	10950	53	48	2139	175884	0.186464663281445	-68.1614668699913	-57.5242844461463	-24.148362906184	NA	NA	66.7518430799246	3.1990530845857e-15	NA	NA
GACTA	1272	1458	3394	223	350	795	1450603	0.223383409536251	-39.346628703177	-34.6400648914278	-25.7651083730161	NA	NA	17.7499130368233	0.000139847709262429	NA	NA
GACTC	1139	1289	4565	223	287	1050	1587029	0.223080223080223	-33.5052621103823	-28.3078535906971	-25.8362938575447	NA	NA	4.94311946630478	0.0844530320269665	NA	NA
GAGAA	9862	3406	3975	2494	791	1045	4492399	0.251116395058864	-114.629397824407	-32.6662775203586	-29.0436239913106	NA	NA	7.24530705809593	0.026711702090547	NA	NA
GAGAC	4681	2384	1378	1334	626	373	2658201	0.276323581665285	-121.811796635389	-28.5552039146423	-27.0186688601971	NA	NA	3.07307010889053	0.215125208672463	NA	NA
GAGCA	8212	1518	1288	2095	330	335	2241385	0.250499183154838	-81.9525110386312	-30.9499243833125	-26.8911771960557	NA	NA	8.11749437451363	0.0172706424484669	NA	NA
GAGCC	5747	1174	1390	1461	258	343	2079179	0.248104921188786	-63.3677496761084	-28.7435940504074	-26.331526696682	NA	NA	4.82413470745087	0.0896298063893198	NA	NA
GAGGA	9364	1609	1455	2147	406	278	2968619	0.227792082394593	-48.424564152956	-33.729713127017	-27.0700086429715	NA	NA	13.319408968091	0.00128152502552326	NA	NA
GAGGC	8274	1602	1394	2108	411	322	3060046	0.252085181898846	-84.2912517413497	-28.5027563795447	-27.0551806390285	NA	NA	2.89515148103237	0.235139637185457	NA	NA
GAGTA	6405	1508	1018	1462	283	247	1735226	0.223043332213638	-38.5595846660435	-31.9500444456935	-26.2370150312781	NA	NA	11.4260588288307	0.00330265227238131	NA	NA
GATAA	2147	5702	1967	484	1370	233	2580869	0.21261206193969	-87.7032010704279	-86.4598593860865	-26.8921935707331	NA	NA	119.135331630707	1.34924692368002e-26	NA	NA
GATAC	740	4925	660	167	1103	57	1311031	0.209802371541502	-58.310269869864	-58.008066970855	-24.3969155289233	NA	NA	67.2223028838634	2.52849674188082e-15	NA	NA
GATCA	1788	3673	842	496	664	157	2129476	0.208948119942884	-52.3372125476599	-52.1402838751674	-25.6100882403553	NA	NA	53.0603912696242	3.00664693009954e-12	NA	NA
GATCC	1375	2627	869	395	375	138	1364493	0.186409361527407	-77.8944624736905	-73.5035359598696	-24.8628510162234	NA	NA	97.2813698872924	7.50963679849816e-22	NA	NA
GATGA	2202	8263	1665	509	1463	322	2521374	0.189117889530091	-48.1468340307474	-40.1547648832202	-27.2261008024216	NA	NA	25.8573281615973	2.42746250993655e-06	NA	NA
GATGC	1061	5747	1242	253	890	233	1488228	0.170931677018634	-68.4381843954325	-43.820160266012	-25.7731791734695	NA	NA	36.0939621850848	1.45310064817784e-08	NA	NA
GATTA	1154	3680	970	239	819	209	2524281	0.218297725706409	-28.1708480119705	-25.8527325987816	-25.3461801856756	NA	NA	1.01310482621193	0.602569412306186	NA	NA
GCAAA	1788	5016	773	457	817	181	3313997	0.192028507324799	-61.2693782001734	-57.9215454980731	-25.8573559299111	NA	NA	64.1283791363239	1.18767989235769e-14	NA	NA
GCAAC	956	2425	466	218	342	95	1619432	0.170262542240707	-52.4284456968307	-40.1798085160553	-23.8009031265974	NA	NA	32.7578107789159	7.70427488361311e-08	NA	NA
GCACA	1745	7245	889	342	917	202	2370947	0.147889462496204	-154.395073715597	-66.3720863536	-26.0655754469335	NA	NA	80.613021813333	3.12683330016666e-18	NA	NA
GCACC	1471	6027	653	228	532	129	1489278	0.109066372224267	-291.339835844934	-69.2434573806822	-25.0345120802522	NA	NA	88.4178906008601	6.31391898757498e-20	NA	NA
GCAGA	1345	7624	946	353	994	165	2907060	0.15249621785174	-158.076792858541	-84.0022473186255	-25.9474551230669	NA	NA	116.109584391117	6.12525398363286e-26	NA	NA
GCAGC	931	4272	804	231	536	161	2027809	0.154486432495422	-105.968001548201	-64.5645634457469	-24.8599967174232	NA	NA	79.4091334566474	5.70854939834674e-18	NA	NA
GCATA	1357	8787	1076	280	1813	262	1769180	0.209893048128342	-30.11857778579	-29.5606700181961	-26.501088488847	NA	NA	6.11916305869818	0.046907320450332	NA	NA
GCCAA	1553	1010	3810	251	296	878	2295862	0.223599560646477	-55.8728227764368	-50.8568872362375	-25.7650487348437	NA	NA	50.1836770027876	1.26693110266889e-11	NA	NA
GCCAC	972	546	4074	202	115	1014	2213854	0.238018597997139	-42.3930755890906	-28.5878490619361	-24.7481549419463	NA	NA	7.67938823997974	0.021500176813688	NA	NA
GCCCA	1520	1325	5124	356	348	1343	2348821	0.25687037269419	-76.0501089096069	-28.4278802722692	-26.5057323910296	NA	NA	3.84429576247931	0.146292405722622	NA	NA
GCCCC	1367	881	4359	323	232	1062	1420332	0.244740426820039	-50.0917714647949	-26.6187289580703	-25.7984789349139	NA	NA	1.64050004631281	0.440321550158451	NA	NA
GCCGA	919	732	13622	124	152	3044	406498	0.217377070647548	-49.075327844359	-43.8417931664735	-25.8945263093337	NA	NA	35.8945337142795	1.60546572657756e-08	NA	NA
GCCGC	559	313	8918	79	51	1856	239729	0.202860061287028	-31.903290849179	-31.7555612814613	-23.9906287360936	NA	NA	15.5298650907353	0.000424358243579961	NA	NA
GCCTA	853	946	3442	147	236	824	1340959	0.230299561152452	-40.7676097527146	-33.1367004849017	-24.9690863452852	NA	NA	16.335228279233	0.000283694064074506	NA	NA
GCGAA	9290	428	399	1863	44	60	212268	0.194425224869032	-40.975795713719	-38.0070423237048	-23.7863159584813	NA	NA	28.4414527304471	6.668328879513e-07	NA	NA
GCGAC	4890	326	339	1132	51	73	179961	0.226102610261026	-33.1053907489404	-27.5052159882616	-23.1793603014667	NA	NA	8.65171137358993	0.0132222311658932	NA	NA
GCGCA	12998	575	937	2449	58	182	244327	0.185320468642316	-53.6656177230179	-39.1623278153129	-25.3505314881913	NA	NA	27.6235926542431	1.00372113714598e-06	NA	NA
GCGCC	15262	653	990	3191	71	194	399146	0.204436557231588	-44.4739777948707	-44.4395349537954	-25.7961169015616	NA	NA	37.2868361044675	8.00325060448556e-09	NA	NA
GCGGA	16215	412	579	3272	38	63	328909	0.196036266418691	-57.0062021599151	-53.3491281378083	-24.4621273460798	NA	NA	57.774001583457	2.84796703072999e-13	NA	NA
GCGTA	11653	405	440	1974	43	59	150635	0.166106577052328	-80.2286078555044	-30.7714739681687	-23.9115180668887	NA	NA	13.7199118025601	0.00104896018940948	NA	NA
GCTAA	750	2928	625	117	525	150	1984417	0.184057634208692	-35.6933679208159	-30.7702345363796	-24.0521021410823	NA	NA	13.4362647905946	0.00120879365588183	NA	NA
GCTAC	478	2656	298	117	477	60	1348668	0.190559440559441	-29.0990047752857	-27.2252529002726	-22.9025377035141	NA	NA	8.64543039351702	0.0132638207227418	NA	NA
GCTCA	713	3076	823	184	505	179	2624125	0.188204683434519	-42.8761330768466	-39.4786251932383	-24.4842682853341	NA	NA	29.9887138158083	3.07633435294986e-07	NA	NA
GCTCC	644	2563	847	160	387	129	1680688	0.1667488899852	-53.4148464873433	-37.691155064851	-23.989740498364	NA	NA	27.4028291329741	1.12085971269987e-06	NA	NA
GCTGA	1030	6695	1084	221	907	244	2778180	0.155749801339539	-117.480942316353	-59.887505620718	-25.7329413965344	NA	NA	68.3091284483671	1.46845697221554e-15	NA	NA
GCTTA	626	2036	577	102	291	184	1622904	0.178141401667181	-63.5425685942173	-57.4281509667635	-23.4789150692523	NA	NA	67.8984717950225	1.80315966844987e-15	NA	NA
GGAAA	2350	9017	1203	371	1519	293	4423049	0.173667462211615	-76.8526951298118	-44.42542437464	-26.9545408338308	NA	NA	34.9417670816183	2.58518533869145e-08	NA	NA
GGAAC	677	2272	559	86	326	134	1668938	0.155644241733181	-60.2978927306831	-37.2554561197758	-23.3702339716256	NA	NA	27.7704442963004	9.32662770216276e-07	NA	NA
GGACA	1088	4960	1166	120	730	297	2074156	0.158996395896867	-105.957360308617	-65.0240302719176	-25.3313038945198	NA	NA	79.3854527547956	5.77654236243065e-18	NA	NA
GGACC	724	2445	680	83	337	150	1040062	0.14809041309431	-71.9675245061517	-37.9227896519005	-23.5927115995437	NA	NA	28.6601561047137	5.97759072868473e-07	NA	NA
GGAGA	1199	4899	1104	281	773	238	3397485	0.179394612607609	-57.6638014838099	-45.3194661587477	-25.6901137903333	NA	NA	39.2587047368288	2.98593660614617e-09	NA	NA
GGATA	993	4209	1818	162	865	481	1806474	0.214814814814815	-44.7543466202915	-43.2487783916295	-25.9009081125259	NA	NA	34.695740558207	2.92358459624925e-08	NA	NA
GGCAA	3859	1549	4404	846	296	1067	2288736	0.225132490827558	-43.5721082352102	-34.5214084349573	-27.2102052867413	NA	NA	14.622406296432	0.000668012849912953	NA	NA
GGCAC	1306	767	3950	342	129	1032	1673765	0.249543416901876	-65.1000442542136	-38.3434513956308	-25.3788315057755	NA	NA	25.9292397797108	2.34173162904749e-06	NA	NA
GGCCA	2188	1327	6176	584	286	1706	2411486	0.265813641523063	-113.829907462001	-35.0534324981272	-27.0505139008164	NA	NA	16.0058371946216	0.000334484974960459	NA	NA
GGCCC	1557	865	4553	415	166	1172	1309353	0.251326164874552	-66.9781986251473	-33.53927763924	-25.8830116912723	NA	NA	15.3125318959355	0.000473070587038084	NA	NA
GGCGA	1059	729	12858	182	93	2660	301457	0.200396012563157	-41.3657359462231	-40.4901132518426	-25.8074561012909	NA	NA	29.3653143011034	4.2014869586504e-07	NA	NA
GGCTA	1212	1060	3985	281	263	921	1557415	0.234137765702413	-38.2930530197918	-26.2333771437407	-25.7081867419183	NA	NA	1.05038080364466	0.591442741869536	NA	NA
GGGAA	10362	1946	1826	3137	479	522	3012692	0.292769208999575	-269.204703949392	-37.4470046684146	-27.9159171655774	NA	NA	19.0621750056744	7.25606711337783e-05	NA	NA
GGGAC	4230	1113	1415	1449	261	392	1494118	0.311038768866529	-205.285788852721	-46.9616568535566	-26.228451654315	NA	NA	41.4664103984833	9.90109869918907e-10	NA	NA
GGGCA	8915	1247	2320	2416	258	667	2246563	0.267665438231053	-146.074924048036	-38.6082706488669	-27.4201800264418	NA	NA	22.3761812448502	1.38380208187688e-05	NA	NA
GGGGA	7543	1211	1651	1897	293	366	2226587	0.245651129264777	-67.9898401647806	-29.3451148606837	-26.7951896712184	NA	NA	5.09985037893057	0.0780875075508402	NA	NA
GGGTA	5384	1021	2451	1483	186	704	1322290	0.267953929539295	-121.651494119316	-44.7456947751343	-26.7143184915185	NA	NA	36.0627525672317	1.47595385233901e-08	NA	NA
GGTAA	862	3157	954	158	572	105	1724614	0.16790669615926	-55.5340222194791	-37.4261423684657	-24.3851227611303	NA	NA	26.0820392146707	2.16948746981271e-06	NA	NA
GGTAC	472	2400	642	95	394	49	975238	0.15310187820148	-67.9216477945447	-42.2983920387924	-22.9281081948429	NA	NA	38.7405676878989	3.86894551433455e-09	NA	NA
GGTCA	1191	3388	1270	258	518	151	1818827	0.158488630535134	-77.6552246809006	-43.7013011910021	-25.1017330847681	NA	NA	37.1991362124681	8.36200081761938e-09	NA	NA
GGTGA	1151	6098	1895	214	696	284	2391365	0.130577427821522	-190.092198453844	-47.0372044071555	-25.9480952210724	NA	NA	42.1782183721662	6.93611447531837e-10	NA	NA
GGTTA	909	2292	1011	150	376	92	1406510	0.146723646723647	-78.7891624942422	-39.621183808893	-23.9789272733033	NA	NA	31.2845130711794	1.60936407318338e-07	NA	NA
GTAAA	1064	4978	1101	167	1161	212	3043490	0.215595688086238	-41.5977613329887	-39.804111354053	-25.5224240273237	NA	NA	28.5633746534586	6.2739637016304e-07	NA	NA
GTAAC	448	1761	460	71	351	95	1285728	0.193705507680779	-25.4705124497414	-24.5718899033964	-22.7085964567959	NA	NA	3.72658689320087	0.155160774220841	NA	NA
GTACA	748	4811	689	68	830	151	1727194	0.167893725992318	-68.1591249778867	-45.3955486938357	-24.3084095679224	NA	NA	42.1742782518268	6.94979250702753e-10	NA	NA
GTAGA	424	4521	554	96	933	139	2100297	0.212402254955446	-27.1400893256068	-26.4828692898154	-24.0742758177221	NA	NA	4.81718694418669	0.0899417111739061	NA	NA
GTATA	727	15342	1289	131	2635	289	2288359	0.17599953911741	-73.3010834567249	-35.067277405411	-26.4139118082821	NA	NA	17.3067311942577	0.000174538432480795	NA	NA
GTCAA	1366	1617	2596	284	391	608	1854085	0.229969528589353	-35.7556350417435	-27.8406795375049	-25.7613491937518	NA	NA	4.1586606875062	0.125013900513682	NA	NA
GTCAC	683	703	2672	165	170	698	1588788	0.254558896007886	-47.2825712673366	-25.0837671719491	-24.3946166187525	NA	NA	1.37830110639334	0.502002312264382	NA	NA
GTCCA	1164	1089	3343	313	294	1123	1600973	0.309149392423159	-162.387876756489	-35.6085343547165	-25.8225446455181	NA	NA	19.5719794183969	5.62339602193913e-05	NA	NA
GTCGA	353	417	4045	51	71	908	152103	0.213914849428868	-31.4772456057835	-30.6352044811938	-23.1034037040081	NA	NA	15.0636015543714	0.000535772580422968	NA	NA
GTCTA	861	1525	2575	194	409	603	1462904	0.243096149969764	-44.4642778858542	-28.2370166480541	-25.3249528892338	NA	NA	5.82412751764059	0.05436342103022	NA	NA
GTGAA	5647	1276	1265	1259	267	326	2949887	0.226184660478749	-38.2216389551759	-29.8547403588891	-26.2354180142283	NA	NA	7.23864468932152	0.0268008320672788	NA	NA
GTGCA	6939	858	1892	1729	163	479	2258548	0.244710496439261	-67.0673767998815	-32.6928746923804	-26.444683086127	NA	NA	12.4963832125068	0.00193394831588987	NA	NA
GTGGA	6072	495	945	1411	115	168	2288395	0.225505857294995	-37.9785270318389	-30.7878702171147	-24.957241807133	NA	NA	11.6612568199635	0.00293623124332258	NA	NA
GTGTA	11279	1000	1412	1725	151	337	1835045	0.161639032941348	-120.696330104023	-52.0152423605323	-26.4010939970613	NA	NA	51.2282967269421	7.51478754833623e-12	NA	NA
GTTAA	919	1967	1055	159	392	227	2229327	0.197411824410048	-27.3259202428162	-26.7128407619894	-24.4308712817729	NA	NA	4.56393896043301	0.102082958236451	NA	NA
GTTCA	819	2115	1058	162	352	172	2461880	0.17184368737475	-37.7692631483078	-26.2103711292148	-24.2280134633183	NA	NA	3.96471533179283	0.137744099612381	NA	NA
GTTGA	702	2420	1122	135	409	231	1985476	0.182610744580584	-32.9630694165826	-27.4111731648445	-24.3786440417171	NA	NA	6.06505824625492	0.0481935963226918	NA	NA
GTTTA	880	1619	1328	131	322	272	2702475	0.189443428272799	-32.0575754269958	-29.6359034702182	-24.3224329948425	NA	NA	10.6269409507513	0.00492480560907491	NA	NA
TAAAA	4821	6386	4619	941	1425	528	8246026	0.182863642107924	-145.77241140604	-125.535194560885	-28.5421006679535	NA	NA	193.986187785864	7.52375317451293e-43	NA	NA
TAACA	1647	5463	1446	211	1007	301	3004374	0.177536231884058	-59.9146323055029	-43.0212589651346	-26.1441952139139	NA	NA	33.7541275024414	4.68149260948496e-08	NA	NA
TAAGA	1267	4183	1170	286	708	179	3017677	0.177190332326284	-49.4255697652698	-36.0176520049572	-25.4902591332793	NA	NA	21.0547857433558	2.6792384489245e-05	NA	NA
TAATA	1992	8011	2062	375	1912	358	4258920	0.219229175300456	-54.6659388244152	-49.1373126134276	-27.3026289865375	NA	NA	43.6693672537804	3.29092046765716e-10	NA	NA
TACAA	5685	3088	11061	1170	622	2221	3391392	0.202329333467783	-29.7911829799414	-29.3475900664926	-29.1081485673785	NA	NA	0.478882998228073	0.787067316130481	NA	NA
TACCA	2581	1834	6821	665	382	1838	2168967	0.256763972944108	-105.531001355499	-38.678797967732	-27.5906598418951	NA	NA	22.1762762516737	1.5292651702243e-05	NA	NA
TACGA	731	693	13428	84	77	2323	214891	0.167250201992998	-95.9204807546921	-40.517228577286	-25.0600785356946	NA	NA	30.9143000831828	1.93662275745273e-07	NA	NA
TACTA	1871	2376	6717	339	470	1386	2133314	0.200200656694637	-30.2977619208395	-29.5834316834807	-27.1774862185121	NA	NA	4.81189092993736	0.090180193077437	NA	NA
TAGAA	6880	3523	2937	1549	873	682	3759773	0.232683658170915	-54.1033843904734	-30.8716077581048	-28.3272427618504	NA	NA	5.08872999250889	0.0785228984873379	NA	NA
TAGCA	8257	1743	1305	2051	356	307	2209514	0.240070765148165	-64.5188296660781	-33.1048390641809	-26.9531363211572	NA	NA	12.3034054860473	0.00212985208992095	NA	NA
TAGGA	6460	1432	1178	1546	376	184	2242964	0.232194046306505	-61.5605133399367	-46.3163407742977	-26.311884522438	NA	NA	40.0089125037193	2.0519890377902e-09	NA	NA
TATAA	3991	13140	2182	743	3095	373	4441601	0.218039662403562	-66.7099940255284	-59.3010864928365	-28.5279320627451	NA	NA	61.5463088601828	4.31905605168359e-14	NA	NA
TATCA	2235	6187	1188	584	1297	218	2749735	0.218418314255983	-44.1043624281883	-40.195988163352	-26.7344336286187	NA	NA	26.9231090694666	1.42469253172783e-06	NA	NA
TATGA	1956	10780	1768	503	2401	386	2803184	0.226833976833977	-47.8853273913264	-32.1495425775647	-27.6618696153164	NA	NA	8.97534592449665	0.0112467850753918	NA	NA
TCAAA	2674	6638	1227	625	1079	285	4734763	0.188727583262169	-65.9595175683498	-58.6692379564047	-26.9520520567894	NA	NA	63.4343717992306	1.68035554054523e-14	NA	NA
TCACA	2172	6058	1961	395	921	317	3448730	0.160239426945344	-85.7648646682501	-31.1239191293716	-26.7810768708587	NA	NA	8.68568451702595	0.0129995276276815	NA	NA
TCAGA	1254	6356	1029	349	1147	225	3353427	0.199212871860169	-51.1318104416132	-50.3308072015643	-26.0847654566169	NA	NA	48.4920834898949	2.9517383795203e-11	NA	NA
TCCAA	2029	1150	5690	348	300	1333	2920668	0.22336227308603	-51.5535531193018	-44.7513986378908	-26.5427118167281	NA	NA	36.4173736423254	1.23614037277063e-08	NA	NA
TCCCA	2201	2089	9780	508	575	2540	4178216	0.257498223169865	-118.556821443141	-32.4883727431297	-27.9889331609011	NA	NA	8.99887916445732	0.0111152239621406	NA	NA
TCCGA	541	329	10070	58	57	2081	212352	0.20073126142596	-40.3194520468824	-39.7514719758183	-24.0124203381129	NA	NA	31.4781032754108	1.4608873327321e-07	NA	NA
TCGAA	11987	733	681	2638	128	122	329576	0.21550630549959	-34.6300913603045	-31.3481852500699	-25.5141759659164	NA	NA	11.6680185683072	0.00292632097707083	NA	NA
TCGCA	10913	913	1205	2210	69	195	239150	0.189854961246259	-81.3432409209199	-73.601791985333	-25.6923300074413	NA	NA	95.8189239557832	1.56021709491058e-21	NA	NA
TCTAA	964	4533	1018	188	852	249	2867820	0.197851112816577	-32.6612873971462	-31.7575474977493	-25.3719884231687	NA	NA	12.7711181491613	0.00168572578567136	NA	NA
TCTCA	1784	5787	1446	275	837	320	4318815	0.158811134523678	-97.6067907363176	-46.0013644993305	-26.2839323058724	NA	NA	39.4348643869162	2.73418565908363e-09	NA	NA
TGAAA	2959	6324	1544	514	1188	304	5629505	0.185277546873557	-39.8176752030849	-28.8316519856453	-27.0761559307575	NA	NA	3.51099210977554	0.172821492079211	NA	NA
TGACA	1429	5658	1597	185	943	391	2856288	0.17491939198526	-77.0186464861035	-56.3990237563848	-26.1725093647838	NA	NA	60.4530287832022	7.46090641596703e-14	NA	NA
TGCAA	4441	2051	7431	1082	369	1738	3207539	0.229045464339582	-60.5532564148307	-42.2354910597205	-28.1593856066465	NA	NA	28.152210906148	7.70593027396443e-07	NA	NA
TGCCA	2693	1483	9265	803	312	2438	2907852	0.264340450859311	-146.400004714727	-42.2045354396105	-27.793480694294	NA	NA	28.822109490633	5.51262494150542e-07	NA	NA
TGGAA	8703	2806	2364	2983	665	605	4054098	0.306566712318893	-380.593801908195	-80.7854857370257	-28.3541406840086	NA	NA	104.862690106034	1.69572789604597e-23	NA	NA
TGTAA	1335	6174	1640	249	1257	228	3705105	0.189528910263417	-47.2937571033835	-41.5684771537781	-26.2183189243078	NA	NA	30.7003164589405	2.15531615723347e-07	NA	NA
TTAAA	3245	7414	24514	638	1663	2569	6644699	0.138458476672448	-773.283734411001	-340.359266996384	-29.9253727942705	NA	NA	620.867788404226	1.51451211695393e-135	NA	NA
TTCAA	3301	3246	6953	643	735	1555	4429645	0.217259259259259	-38.0460990816355	-33.4780103936791	-28.2368062362075	NA	NA	10.4824083149433	0.00529387833313139	NA	NA
Summary	NA	NA	NA	NA	NA	NA	NA	0.205354438700457	-37359.5978573238	-22470.5882069416	-13155.7110729806	29778.0193007643	-5907.53456813852	18629.754267922	-3180.95769567938	48407.7735686863	-9031.28579962775
