Context	Count	Count	Count	Count	Count	Count	Count	Count	Count	Count	Count	Count	Count	Count	Count	Count	Count	Count	Count	Count	Count	Count	Count	One_mer
AAA->C	660	675	523	713	603	612	508	425	515	431	387	336	401	240	177	193	204	254	143	150	128	116	905	A->C
AAA->G	1053	1056	779	1103	845	890	676	692	719	672	567	622	654	454	311	376	313	391	248	309	180	145	1346	A->G
AAA->T	493	515	345	501	432	459	347	311	330	318	292	258	320	200	149	164	132	187	84	114	81	61	645	A->T
AAC->C	204	293	199	249	212	216	208	167	225	177	136	141	146	94	85	86	69	104	45	61	61	37	312	A->C
AAC->G	563	593	459	624	499	546	403	350	387	373	312	304	346	244	153	210	129	247	76	157	110	61	885	A->G
AAC->T	147	192	143	201	166	199	103	146	123	112	104	109	115	73	49	65	42	72	29	52	44	24	281	A->T
AAG->C	208	263	176	239	202	215	187	145	158	138	133	115	136	94	54	64	57	71	45	49	36	32	310	A->C
AAG->G	763	812	561	789	587	700	547	491	524	485	430	421	433	286	189	300	211	279	159	222	133	93	899	A->G
AAG->T	141	161	113	189	158	158	126	114	145	115	104	78	105	100	48	53	33	56	24	49	42	23	262	A->T
AAT->C	246	299	210	285	232	215	169	183	210	182	153	126	174	108	79	76	54	91	39	62	54	36	386	A->C
AAT->G	1250	1501	1102	1467	1292	1256	982	922	925	880	738	728	860	561	337	419	329	526	159	364	229	152	1909	A->G
AAT->T	447	533	365	552	461	444	346	331	352	299	249	274	315	199	133	170	115	224	76	125	87	52	749	A->T
ACA->A	674	786	602	766	588	686	506	524	523	432	461	440	412	284	218	299	222	288	161	185	154	112	1084	C->A
ACA->G	351	450	316	404	360	396	280	333	324	264	236	226	230	181	128	160	98	176	80	115	74	58	607	C->G
ACA->T	1499	1734	1248	1676	1416	1432	1080	1090	1055	947	941	871	980	625	428	553	378	662	269	405	309	187	2227	C->T
ACC->A	489	560	408	564	491	471	357	378	392	330	349	284	293	210	155	179	121	201	97	164	96	76	825	C->A
ACC->G	172	224	155	172	174	152	133	172	172	133	132	109	93	66	69	87	49	79	49	66	38	35	288	C->G
ACC->T	1130	1161	836	1027	870	980	760	776	702	753	668	593	630	442	311	403	296	405	216	379	225	180	1405	C->T
ACG->A	140	131	86	130	99	116	98	87	87	92	74	72	69	45	29	50	45	48	18	39	29	22	181	C->A
ACG->G	79	99	74	90	70	87	67	63	69	67	53	42	47	33	30	49	21	40	22	32	11	21	117	C->G
ACG->T	2171	2436	1643	1989	1915	1903	1551	1482	1386	1487	1266	1148	1235	835	616	848	629	838	452	726	391	355	2834	C->T
ACT->A	270	285	219	300	250	282	196	186	238	181	161	160	162	105	98	119	70	101	38	69	49	39	445	C->A
ACT->G	290	379	249	366	307	287	253	280	272	235	192	185	201	156	107	154	64	118	64	78	60	44	503	C->G
ACT->T	979	1191	851	1089	913	939	700	703	691	625	612	618	649	413	259	331	253	409	158	289	156	123	1421	C->T
AGA->A	1572	1714	1267	1622	1308	1410	1208	1042	1055	1044	954	970	922	673	415	528	511	550	370	505	283	232	2113	C->T
AGA->C	519	735	470	580	479	527	463	458	505	361	376	353	337	211	165	247	167	239	121	180	113	82	808	C->G
AGA->T	476	547	371	610	457	453	324	371	395	283	280	301	333	212	140	161	97	216	77	114	121	43	826	C->A
AGC->A	881	1025	714	959	754	799	600	601	622	596	540	493	524	379	238	311	243	342	180	256	166	143	1389	C->T
AGC->C	205	279	159	199	195	208	189	153	171	118	127	130	107	96	96	111	45	72	48	74	29	33	281	C->G
AGC->T	201	271	187	229	198	188	134	177	198	162	134	107	133	87	72	83	54	79	39	66	46	37	348	C->A
AGG->A	1229	1303	921	1209	993	1058	864	824	759	793	735	651	639	468	350	456	344	442	246	420	228	165	1604	C->T
AGG->C	293	389	229	295	239	269	240	273	262	221	178	176	171	138	110	136	84	97	67	86	53	57	409	C->G
AGG->T	245	261	188	276	244	223	163	181	216	169	163	146	137	90	74	107	67	89	48	77	59	65	407	C->A
ATA->A	622	726	486	695	581	543	480	452	411	386	393	398	462	218	170	210	163	251	143	147	110	67	919	A->T
ATA->C	1817	2253	1747	2307	1928	1830	1439	1403	1324	1167	1082	1138	1362	769	494	563	405	818	268	483	354	178	2992	A->G
ATA->G	255	343	229	358	271	261	190	184	234	188	152	160	195	108	71	88	60	127	45	98	59	57	481	A->C
ATC->A	312	311	265	373	266	287	213	246	255	207	198	166	199	140	83	118	77	118	56	87	80	34	495	A->T
ATC->C	545	584	411	600	472	431	391	362	367	348	345	280	331	217	132	231	150	223	97	144	99	78	763	A->G
ATC->G	111	141	94	131	123	112	95	70	95	83	69	59	68	45	44	42	40	49	18	38	21	25	173	A->C
ATG->A	291	409	282	415	313	311	240	273	262	222	207	192	220	131	76	125	64	164	47	82	64	40	508	A->T
ATG->C	1458	1738	1224	1537	1391	1409	1181	1030	1062	924	904	792	944	585	394	533	333	630	227	442	247	186	1988	A->G
ATG->G	256	321	193	358	281	262	224	204	243	202	202	165	173	144	89	122	76	117	57	102	58	56	428	A->C
CAA->C	379	423	300	396	326	350	310	290	300	251	244	210	248	154	130	121	109	148	93	114	90	63	489	A->C
CAA->G	554	613	487	554	492	527	352	382	386	356	319	303	336	198	176	194	140	246	98	180	98	65	776	A->G
CAA->T	129	165	93	187	135	143	107	94	122	81	94	71	88	57	41	51	25	49	20	46	27	13	233	A->T
CAC->C	524	559	357	442	374	400	375	351	424	375	299	269	263	261	165	257	203	179	161	206	97	142	594	A->C
CAC->G	657	672	484	601	576	553	476	420	463	443	373	376	364	247	202	242	192	225	163	249	139	119	854	A->G
CAC->T	239	254	174	214	192	207	164	179	168	169	106	140	115	91	78	112	65	74	45	72	60	36	295	A->T
CAG->C	278	273	176	251	209	213	199	179	216	183	156	143	127	131	91	117	67	96	48	92	61	57	295	A->C
CAG->G	774	866	615	753	645	706	544	523	538	525	473	414	441	319	245	343	250	286	216	260	119	116	1003	A->G
CAG->T	162	212	124	167	142	182	120	142	129	139	116	93	115	68	67	86	54	79	32	51	33	39	291	A->T
CCA->A	365	452	296	351	303	292	241	280	293	257	207	206	208	158	146	151	87	134	72	110	90	65	600	C->A
CCA->G	228	286	165	216	225	209	185	172	179	166	145	123	127	115	90	89	89	80	42	68	45	41	345	C->G
CCA->T	864	952	693	867	730	858	610	639	652	599	487	473	445	361	262	409	288	341	186	306	177	148	1180	C->T
CCC->A	301	401	229	321	263	309	267	260	264	242	204	195	189	162	127	183	109	113	97	104	80	71	459	C->A
CCC->G	272	405	220	258	220	252	214	225	215	234	185	172	153	136	100	142	103	109	90	95	55	60	358	C->G
CCC->T	1010	1125	720	975	862	876	731	748	674	720	635	586	515	399	328	457	343	362	266	386	189	217	1314	C->T
CCG->A	141	106	71	105	81	108	85	67	65	87	68	58	61	44	38	49	43	50	33	43	20	26	131	C->A
CCG->G	117	120	72	96	85	86	71	68	69	84	68	54	60	55	33	69	54	34	47	47	17	29	122	C->G
CCG->T	1910	1968	1297	1503	1473	1573	1348	1264	1145	1319	1052	1014	890	723	580	870	706	661	600	722	353	394	2114	C->T
CGA->A	1247	1345	930	1156	1011	1113	934	821	776	957	758	763	656	512	387	522	420	487	344	463	251	211	1676	C->T
CGA->C	98	88	62	74	66	68	74	73	83	63	50	65	46	35	32	31	27	30	33	29	22	17	114	C->G
CGA->T	79	98	58	79	74	83	57	56	66	58	59	52	42	30	25	38	17	26	24	25	22	14	138	C->A
CGC->A	1650	1757	1074	1317	1273	1336	1145	1051	1025	1145	930	944	714	600	487	733	578	586	538	585	310	307	1850	C->T
CGC->C	103	105	71	74	77	86	72	75	71	82	56	45	49	47	30	46	40	35	37	34	17	26	111	C->G
CGC->T	136	156	84	150	96	130	102	113	116	95	81	71	54	60	52	59	41	57	50	54	40	32	158	C->A
CTA->A	134	143	81	120	113	121	87	64	104	75	75	74	74	51	43	38	29	54	24	31	23	12	186	A->T
CTA->C	518	575	425	525	434	466	336	354	370	331	345	287	289	201	133	163	114	214	79	157	93	73	744	A->G
CTA->G	115	106	93	117	91	100	86	67	95	65	65	55	73	38	20	41	22	43	20	22	29	21	149	A->C
CTC->A	184	209	130	177	158	151	142	144	135	116	125	107	100	79	65	87	66	86	56	74	37	29	251	A->T
CTC->C	585	592	377	567	458	510	444	373	389	400	291	335	299	237	152	295	196	227	220	189	114	103	700	A->G
CTC->G	175	184	101	149	155	148	149	128	152	131	108	115	89	62	61	82	67	64	48	61	28	49	230	A->C
GAA->C	167	201	142	223	174	153	174	140	179	112	108	100	116	86	71	69	41	55	42	43	23	29	263	A->C
GAA->G	601	676	505	656	545	584	461	400	383	425	367	354	324	252	160	217	150	252	133	187	121	78	770	A->G
GAA->T	171	168	113	202	141	141	118	119	103	89	96	84	94	52	53	58	30	61	17	40	31	21	248	A->T
GAC->C	98	107	71	99	86	74	72	73	102	81	54	49	61	53	51	44	30	43	37	34	17	28	149	A->C
GAC->G	314	340	247	315	279	273	221	190	231	213	168	203	196	110	85	121	66	119	69	86	49	41	504	A->G
GAC->T	125	133	111	149	119	122	97	108	118	90	76	70	70	66	45	46	48	64	42	34	32	19	218	A->T
GCA->A	352	393	316	396	354	379	276	319	248	268	252	224	223	171	115	143	111	157	77	125	59	59	603	C->A
GCA->G	165	179	123	185	143	130	139	130	129	105	122	113	99	65	58	72	50	52	36	58	42	25	245	C->G
GCA->T	756	841	573	762	632	718	510	537	520	502	462	425	420	300	227	301	197	328	156	251	141	113	1067	C->T
GCC->A	307	393	219	324	291	270	244	267	259	226	177	177	171	128	114	143	97	113	85	104	76	65	457	C->A
GCC->G	214	241	130	156	159	178	149	131	148	126	135	105	81	83	74	122	54	78	63	64	43	43	231	C->G
GCC->T	860	898	661	783	730	772	606	579	589	550	554	466	425	307	238	363	255	317	198	293	162	159	1168	C->T
GGA->A	1463	1676	1191	1457	1224	1354	1098	1006	951	1064	925	880	802	661	419	581	441	535	291	473	270	243	1871	C->T
GGA->C	270	338	215	295	225	217	215	215	226	190	164	148	157	130	75	114	67	84	47	73	49	43	349	C->G
GGA->T	292	356	219	338	284	281	200	245	245	217	174	146	164	129	99	151	68	108	76	106	48	59	460	C->A
GTA->A	119	113	114	153	108	106	77	84	93	74	77	58	64	44	43	28	29	50	23	26	12	17	184	A->T
GTA->C	446	601	447	548	469	499	416	332	379	315	301	284	344	190	145	188	124	218	62	133	108	62	791	A->G
GTA->G	117	137	98	113	82	93	86	70	127	91	56	69	60	41	46	46	25	34	23	33	26	24	183	A->C
TAA->C	203	254	178	257	215	234	165	149	178	134	135	102	154	104	61	91	49	87	31	40	37	28	338	A->C
TAA->G	593	763	567	731	599	636	453	434	464	398	351	354	386	283	183	169	149	270	90	182	121	62	943	A->G
TAA->T	412	505	397	508	417	414	325	333	329	265	261	257	338	180	109	148	132	186	96	114	85	39	625	A->T
TCA->A	432	470	350	456	403	381	317	303	419	303	269	266	286	208	134	188	129	147	111	131	81	76	650	C->A
TCA->G	259	364	235	313	232	237	232	224	254	182	187	165	174	106	84	118	66	114	54	64	54	43	436	C->G
TCA->T	875	977	723	945	790	842	603	612	621	607	526	481	531	320	240	304	214	374	152	257	154	106	1276	C->T
