Context	Count	Count	Count	Count	Count	Count	Count	Count	Count	Count	Count	Count	Count	Count	Count	Count	Count	Count	Count	Count	Count	Count	Count	One_mer
AAA->C	907	1088	852	1031	960	862	705	737	654	614	569	546	571	415	298	361	285	359	214	270	186	120	1597	A->C
AAA->G	1627	1710	1389	1612	1486	1388	1235	1115	1053	977	965	1018	881	633	490	552	445	637	344	437	305	177	2407	A->G
AAA->T	611	698	556	757	560	519	509	486	415	370	399	392	401	232	190	206	174	260	143	193	124	85	1051	A->T
AAC->C	316	385	341	356	303	266	265	224	190	192	213	200	182	145	96	119	91	117	68	104	85	45	551	A->C
AAC->G	1080	1145	944	1112	958	883	755	778	677	585	616	598	602	422	299	348	254	415	160	314	229	132	1619	A->G
AAC->T	275	329	256	344	288	251	212	221	174	176	174	175	176	114	67	90	86	95	46	88	57	31	509	A->T
AAG->C	353	409	311	397	331	302	261	267	223	222	206	173	196	137	100	127	80	156	51	93	67	41	510	A->C
AAG->G	1148	1193	995	1166	1012	932	823	846	739	677	637	671	611	426	329	394	307	429	234	356	227	153	1648	A->G
AAG->T	264	321	260	300	263	239	190	218	164	181	162	183	175	105	67	88	56	92	40	80	62	39	477	A->T
AAT->C	432	491	353	485	387	373	307	314	272	239	252	264	264	147	97	130	108	160	62	109	74	59	665	A->C
AAT->G	2346	2749	2247	2492	2401	2002	1817	1853	1605	1394	1423	1432	1423	921	695	760	585	988	385	708	479	266	3408	A->G
AAT->T	532	637	572	684	615	480	455	455	374	343	318	333	343	242	149	190	141	223	112	158	115	70	1074	A->T
ACA->A	825	956	759	961	799	735	619	693	542	487	531	487	527	323	233	278	240	314	165	267	209	109	1576	C->A
ACA->G	584	775	593	635	558	547	485	550	480	385	375	371	396	263	218	257	157	249	147	179	139	92	1049	C->G
ACA->T	2553	2854	2201	2628	2395	2131	1835	1898	1515	1494	1517	1554	1435	955	734	762	674	1042	441	785	513	324	3866	C->T
ACC->A	801	854	694	861	674	701	588	619	464	490	512	486	392	321	247	277	204	303	195	238	147	117	1155	C->A
ACC->G	363	430	292	323	295	291	264	283	265	221	239	217	165	122	123	155	92	137	102	115	79	52	531	C->G
ACC->T	1425	1500	1174	1351	1227	1108	988	1039	808	934	778	807	729	606	399	499	416	578	308	486	258	235	2101	C->T
ACG->A	218	238	176	238	178	177	154	178	138	135	107	125	120	94	59	92	65	97	52	69	54	37	281	C->A
ACG->G	200	183	140	159	137	159	128	118	117	94	100	102	86	85	56	69	45	72	48	60	32	23	227	C->G
ACG->T	3718	4114	2860	3368	3261	3074	2713	2683	2182	2472	2231	2131	1931	1412	1039	1340	1116	1470	874	1233	735	628	4930	C->T
ACT->A	425	501	393	512	465	395	314	383	288	238	284	269	246	178	140	174	111	164	75	118	98	57	727	C->A
ACT->G	564	718	493	577	581	487	437	543	451	318	353	342	333	199	212	209	156	198	101	137	112	76	878	C->G
ACT->T	1674	1788	1501	1809	1528	1510	1217	1221	1030	1001	984	922	1009	653	473	515	446	651	321	516	351	177	2442	C->T
AGA->A	1757	1750	1399	1693	1484	1433	1230	1264	1009	981	955	970	877	627	430	583	469	632	354	515	352	210	2781	C->T
AGA->C	902	1066	809	927	900	774	708	801	749	531	586	522	482	385	286	405	232	353	204	267	196	142	1448	C->G
AGA->T	749	836	670	877	768	627	555	558	473	413	446	466	408	279	202	236	194	286	126	207	154	80	1333	C->A
AGC->A	1473	1564	1219	1435	1264	1167	1025	1035	847	900	908	902	748	582	387	448	397	547	302	490	279	177	2061	C->T
AGC->C	329	403	281	342	302	320	260	332	289	242	198	207	177	138	110	165	115	117	69	98	62	59	494	C->G
AGC->T	334	437	321	359	336	297	270	288	216	233	221	223	175	130	110	128	122	134	59	134	83	59	502	C->A
AGG->A	1992	2020	1578	1867	1596	1485	1353	1373	1062	1161	1126	1138	973	729	557	706	528	767	427	668	396	333	2887	C->T
AGG->C	513	589	417	453	428	420	394	450	406	305	316	299	238	207	196	276	146	173	134	171	91	103	659	C->G
AGG->T	380	413	342	429	394	352	312	307	246	240	264	232	259	161	112	185	120	164	90	145	91	59	575	C->A
ATA->A	630	725	623	733	616	558	515	498	418	365	383	389	404	217	154	211	182	253	122	195	125	84	1270	A->T
ATA->C	2861	3536	2729	3540	2994	2543	2257	2199	1992	1632	1904	1633	1929	1217	872	898	750	1258	459	846	662	323	5048	A->G
ATA->G	394	443	356	471	428	372	342	326	239	235	215	229	267	155	99	129	114	158	52	110	75	48	715	A->C
ATC->A	478	534	475	537	449	416	371	372	291	261	297	281	269	191	113	151	127	175	86	141	96	60	790	A->T
ATC->C	925	1066	828	964	893	728	681	721	605	536	587	549	492	396	251	351	221	373	166	305	200	144	1364	A->G
ATC->G	239	221	171	219	227	161	161	166	148	126	115	137	104	77	68	72	52	74	46	55	34	26	290	A->C
ATG->A	646	662	525	671	562	500	431	457	327	343	349	336	357	206	157	173	131	227	85	164	133	85	867	A->T
ATG->C	2650	3000	2317	2717	2481	2273	1978	2037	1749	1604	1604	1584	1526	1046	849	926	729	1127	516	851	564	356	3646	A->G
ATG->G	460	510	424	505	460	421	321	383	305	305	269	276	237	222	118	170	125	191	77	132	93	55	637	A->C
CAA->C	479	577	439	516	465	424	356	380	323	296	286	301	279	202	141	179	128	201	90	137	109	74	767	A->C
CAA->G	1078	1159	908	1047	930	907	754	714	656	593	565	646	614	440	328	367	274	424	218	332	196	154	1456	A->G
CAA->T	248	260	201	249	235	176	179	149	147	137	142	130	132	96	59	73	74	88	32	64	49	28	371	A->T
CAC->C	405	426	315	382	316	315	317	291	265	275	225	240	190	143	132	213	116	144	119	129	96	65	538	A->C
CAC->G	1170	1338	868	1054	1031	982	867	880	721	686	656	719	615	445	390	435	429	470	288	409	241	227	1543	A->G
CAC->T	295	334	264	322	282	258	226	228	178	187	163	188	141	118	97	110	106	100	53	113	65	67	448	A->T
CAG->C	380	446	294	374	343	293	310	321	248	222	222	222	221	157	123	150	121	145	102	126	81	78	465	A->C
CAG->G	1598	1642	1224	1288	1268	1156	1103	1088	944	916	942	844	768	656	469	611	532	553	384	528	276	284	1904	A->G
CAG->T	307	378	239	320	276	280	225	229	190	188	199	181	166	112	102	117	97	135	75	115	68	58	447	A->T
CCA->A	549	578	439	549	429	399	393	406	318	341	318	298	289	229	147	192	144	218	124	164	111	91	822	C->A
CCA->G	357	374	284	357	308	282	266	313	250	225	223	201	187	141	124	165	106	145	96	121	68	76	529	C->G
CCA->T	1614	1598	1213	1440	1357	1253	1101	1123	901	914	885	873	847	584	472	551	478	555	322	537	290	301	2125	C->T
CCC->A	495	520	377	455	418	391	334	338	303	300	289	269	208	192	195	188	151	182	128	166	69	82	654	C->A
CCC->G	453	520	312	350	376	319	333	360	325	266	285	240	207	196	150	228	149	138	124	169	79	102	514	C->G
CCC->T	1561	1509	1086	1275	1233	1042	1004	1070	849	860	841	826	651	582	435	630	510	558	371	542	257	309	1881	C->T
CCG->A	208	211	137	169	163	134	144	139	109	123	102	97	81	70	58	77	61	89	61	68	37	51	257	C->A
CCG->G	185	182	122	147	131	137	133	126	101	103	92	97	75	78	57	85	73	47	82	49	27	53	182	C->G
CCG->T	3423	3240	2221	2642	2483	2408	2292	2165	1837	2013	1833	1797	1345	1262	1006	1320	1247	1170	1075	1222	602	712	3803	C->T
CGA->A	2273	2282	1620	1889	1851	1732	1606	1498	1310	1400	1305	1265	1106	777	639	804	755	833	606	784	420	423	2802	C->T
CGA->C	149	173	116	149	143	127	111	117	95	90	77	89	89	62	59	82	61	53	52	62	24	46	246	C->G
CGA->T	116	142	94	138	141	83	105	112	69	89	78	90	75	68	37	59	39	70	43	50	28	28	196	C->A
CGC->A	2735	2710	1888	2270	2116	2038	1927	1820	1560	1649	1517	1507	1255	986	847	1084	1007	956	904	970	542	606	3278	C->T
CGC->C	134	148	108	115	93	119	78	111	118	71	75	78	78	78	63	77	47	47	56	49	27	33	170	C->G
CGC->T	257	245	172	210	210	203	154	148	147	162	135	135	113	102	73	103	94	89	84	88	54	65	266	C->A
CTA->A	203	209	162	221	180	147	139	149	123	112	116	108	112	51	44	47	46	82	26	55	40	19	309	A->T
CTA->C	852	986	747	935	810	778	646	607	559	501	516	512	493	351	248	289	205	326	141	251	180	125	1338	A->G
CTA->G	175	183	180	199	191	157	147	142	139	113	117	99	105	73	56	65	59	70	33	60	48	21	241	A->C
CTC->A	271	291	188	228	222	207	178	219	168	152	159	159	121	109	72	108	69	98	59	91	40	53	377	A->T
CTC->C	760	795	574	731	663	592	577	575	469	466	438	423	377	301	229	307	243	289	233	265	127	157	1035	A->G
CTC->G	274	283	224	253	235	230	214	201	168	169	143	144	139	107	77	111	77	98	62	101	51	50	329	A->C
GAA->C	315	365	267	308	316	248	280	235	231	188	182	196	196	135	94	111	87	136	50	99	62	27	484	A->C
GAA->G	929	1015	795	953	871	767	655	649	552	530	538	479	500	347	257	319	257	329	177	305	167	132	1390	A->G
GAA->T	220	264	188	216	198	224	175	186	155	130	133	123	146	91	74	70	57	102	41	65	51	26	373	A->T
GAC->C	167	163	110	141	119	137	98	122	109	90	98	75	81	58	57	63	37	38	44	56	29	34	213	A->C
GAC->G	578	659	476	629	529	502	389	447	353	358	329	347	321	252	181	212	189	211	144	197	109	107	911	A->G
GAC->T	227	240	195	252	227	170	160	177	130	132	136	125	118	93	57	85	55	100	38	76	37	35	356	A->T
GCA->A	639	696	498	669	560	535	462	487	381	382	365	395	315	242	172	216	148	237	124	204	124	91	918	C->A
GCA->G	291	351	258	292	267	222	222	259	213	171	155	169	151	116	94	134	94	122	57	98	71	51	392	C->G
GCA->T	1187	1363	1034	1179	1034	972	871	917	793	757	745	764	641	430	343	437	342	455	253	437	270	210	1760	C->T
GCC->A	539	569	388	458	413	394	375	372	304	323	325	264	248	193	151	217	162	191	119	177	107	93	721	C->A
GCC->G	364	361	244	273	281	229	249	254	224	197	193	195	153	161	107	163	119	106	87	109	55	78	418	C->G
GCC->T	1318	1341	1010	1217	1093	1030	926	970	779	867	812	748	611	525	425	499	389	498	321	475	268	251	1802	C->T
GGA->A	1436	1441	1130	1360	1210	1110	979	1029	851	836	835	833	725	524	421	488	422	533	290	460	260	217	1917	C->T
GGA->C	420	512	360	381	343	332	365	351	302	254	245	245	230	181	133	213	115	182	116	146	92	96	613	C->G
GGA->T	421	515	364	481	399	365	315	333	279	301	281	250	232	149	130	169	120	180	103	140	85	70	682	C->A
GTA->A	158	171	150	188	189	164	146	157	127	105	91	103	104	71	48	60	31	79	34	37	28	23	275	A->T
GTA->C	921	1018	839	1063	940	806	680	676	600	505	527	532	506	350	276	285	231	391	180	275	198	99	1441	A->G
GTA->G	169	179	156	187	162	151	135	132	131	77	90	100	103	92	58	74	46	69	33	58	40	21	273	A->C
TAA->C	344	432	383	419	369	333	263	300	243	244	227	229	218	163	122	115	82	145	63	84	76	43	542	A->C
TAA->G	1041	1304	994	1227	1112	991	825	834	722	585	591	651	686	446	296	326	260	420	163	317	201	107	1579	A->G
TAA->T	599	689	548	629	596	502	451	473	373	393	314	344	373	245	153	185	167	247	140	160	118	79	1001	A->T
TCA->A	480	574	482	621	492	423	368	362	319	296	291	280	318	176	156	166	119	220	91	151	97	63	906	C->A
TCA->G	455	572	421	482	486	397	368	390	373	265	282	299	248	190	145	223	118	169	97	137	109	73	718	C->G
TCA->T	1348	1519	1172	1428	1232	1177	1052	1024	883	794	806	830	779	492	422	458	357	560	292	411	231	187	1863	C->T
