Context	s1	s2	s3	p1	p2	p3	same	alpha	likelihood_0	likelihood_1	Chi_stat	p
AAA	58987	97103	38628	16820	29011	10140	94647958	0.28744646103596	-101.613511562347	-36.6424944400787	129.942034244537	5.56628113274538e-28
AAC	28720	71663	21020	5597	22104	6600	35407998	0.282538322776208	-591.691782236099	-34.9247933626175	1113.53397774696	4.21551185616258e-241
AAG	21108	78374	20984	7715	20688	5122	48446803	0.278294290505205	-372.541915535927	-34.8159354925156	675.451960086823	4.41417262729964e-146
AAT	27451	152084	37501	8047	52652	11012	62607162	0.330410623122431	-232.671252012253	-36.439218044281	392.464067935944	9.49407968608499e-85
ACA	58624	45303	168014	15963	12159	47413	48966274	0.277762455826815	-53.6337993144989	-37.3012812137604	32.6650362014771	3.7895851143884e-07
ACC	48356	22825	88674	19959	7379	28466	27153150	0.349091364048669	-426.388298153877	-36.1491873264313	780.478221654892	7.41281876035691e-169
ACG	14905	14068	269570	3513	2289	77743	5111970	0.279842434758142	-531.248555660248	-34.8911396414042	992.714832037687	6.84703125890009e-215
ACT	28569	39042	121338	9585	12269	33285	38470332	0.291819485681321	-223.181868672371	-36.2777194976807	373.80829834938	1.04227203023982e-80
AGA	111281	57703	45379	32178	19823	16939	53888582	0.321604008154392	-446.973775744438	-37.169371843338	819.6088078022	2.41813759907842e-177
AGC	90197	23775	21114	33037	7835	7719	32483782	0.359704188442918	-72.7177011966705	-35.3943505883217	74.6467012166977	4.31345741765454e-16
AGG	113142	28932	27145	41070	12021	8660	41185252	0.36491765109119	-215.526687264442	-36.1118423938751	358.829689741135	1.82689015913814e-77
ATA	39486	190030	30204	10631	60545	6276	52255033	0.298213460649931	-687.384840369225	-36.5512073040009	1301.66726613045	6.39834770323488e-282
ATC	29805	65897	14893	12866	19216	3829	32656410	0.324707265247073	-738.330767810345	-34.8029988408089	1407.05553793907	8.67313444699616e-305
ATG	33694	192759	29876	12798	56345	10044	45085838	0.308927199029372	-414.747456789017	-36.764998793602	755.964915990829	1.53485895641037e-163
CAA	31559	81141	14519	9854	19987	4965	46723184	0.273591208860312	-346.248377919197	-34.9396439790726	622.617467880249	1.25916096254949e-134
CAC	30381	93402	18332	7551	20315	6349	35222783	0.240755725996552	-520.511048555374	-35.1047942638397	970.812508583069	3.86097229649679e-210
CAG	22551	116128	20020	8639	27791	6200	46953486	0.268621730445686	-773.187107205391	-35.3211685419083	1475.73187732697	1.0855116304778e-319
CCA	33486	21245	91673	11124	8488	32516	43414654	0.356055845468703	-117.633709430695	-35.7921267747879	163.683165311813	2.93916317177202e-35
CCC	29022	25151	84529	10443	10459	28885	29555361	0.358949402315756	-179.210305273533	-35.7771262526512	286.866358041763	6.91907103308536e-62
CCG	13464	9991	206666	2807	2769	66164	5182369	0.311749036376515	-338.566863432527	-34.4464394003153	608.240848064423	1.64766200290203e-131
CGA	141370	12098	9084	47553	2503	2510	4564197	0.323379595452532	-394.406379729509	-33.8892311155796	721.034297227859	5.76648042402251e-156
CGC	175979	11688	14587	54787	1653	4047	4390402	0.299064542604843	-694.228702448308	-34.3144611790776	1319.82848253846	7.33523408295586e-286
CTA	12427	64800	11231	3615	17433	3778	31496934	0.280652965249045	-110.055346488953	-33.5264204144478	153.05785214901	5.76882977333873e-33
CTC	16497	55809	16270	5131	13573	5172	39491584	0.269553829479769	-225.072009444237	-33.9860652685165	382.17188835144	1.60927499818631e-82
GAA	24156	62739	14358	6044	16354	5359	48351948	0.274135087355436	-312.30624628067	-34.3656793832779	555.881133794785	3.69109907990329e-120
GAC	14158	45587	14582	2548	11320	5764	22301178	0.26413012767904	-680.729000270367	-33.3664636611938	1294.72507321835	2.0529881682919e-280
GCA	37302	20842	77788	13566	6060	26937	33954217	0.342546273136568	-147.051265954971	-35.590637922287	222.921256065369	4.69045908962316e-48
GCC	28446	20804	77109	12401	6641	29128	26434930	0.381215425889727	-254.56225591898	-35.4891930222511	438.146125793457	1.20646586203191e-94
GGA	92672	26663	26249	29565	9899	11059	36338210	0.347036762281569	-360.698523402214	-35.8153523206711	649.766342163086	1.63688079232707e-140
GTA	12162	63614	15036	3869	19785	3299	27414493	0.296799982381183	-231.056124687195	-33.6813868880272	394.749475598335	3.03694814311433e-85
TAA	25627	74263	44168	7231	23487	9412	51509957	0.278568354412806	-587.732095837593	-35.593177318573	1104.27783703804	4.29523009094051e-239
TCA	31771	32189	88305	10783	10579	29578	47594300	0.334548320362526	-38.8171149492264	-36.0022152662277	5.62979936599731	0.131078038366472
