Context	s1	s2	s3	p1	p2	p3	same	alpha	likelihood_0	likelihood_1	Chi_stat	p
AAA	58987	97103	38628	10675	18738	6372	94668144	0.183778592631395	-97.7580773830414	-35.9644298553467	123.587295055389	1.30244447795491e-26
AAC	28720	71663	21020	3391	13944	3991	35420973	0.17566287488777	-423.299587845802	-34.1925752162933	778.214025259018	2.29624449064478e-168
AAG	21108	78374	20984	4904	13165	3187	48459072	0.176448126442316	-257.708989500999	-34.1262942552567	447.165390491486	1.34094615157596e-96
AAT	27451	152084	37501	5467	33618	6906	62632882	0.211904937429735	-147.441990017891	-35.7885299921036	223.306920051575	3.87116347655166e-48
ACA	58624	45303	168014	10397	8078	32435	48990899	0.187209725639017	-77.0704432725906	-36.6928696632385	80.7551472187042	2.11372832615248e-17
ACC	48356	22825	88674	12103	4686	24618	27167547	0.259028494573207	-237.646480202675	-35.5997029542923	404.093554496765	2.87376568091539e-87
ACG	14905	14068	269570	2203	1535	50212	5141565	0.180710986357074	-337.493646353483	-34.2423638403416	606.502565026283	3.92384693815806e-131
ACT	28569	39042	121338	6236	8360	24160	38486715	0.205113549158768	-65.909060716629	-35.7109981775284	60.3961250782013	4.83740902322598e-13
AGA	111281	57703	45379	25265	13200	10801	53908256	0.229825109743752	-45.2008060216904	-36.6203256845474	17.1609606742859	0.000654861936314705
AGC	90197	23775	21114	21189	4984	5143	32501057	0.23182269073035	-68.8917115926743	-34.7433481216431	68.2967269420624	9.88368752209202e-15
AGG	113142	28932	27145	26314	7493	5512	41207684	0.232355704737648	-130.387468695641	-35.427300453186	189.920336484909	6.3506423564551e-41
ATA	39486	190030	30204	6511	40255	4070	52281649	0.195733867241645	-582.312296509743	-35.8857128620148	1092.85316729546	1.29290845858921e-236
ATC	29805	65897	14893	7561	12430	2458	32669872	0.202983860029839	-299.517850458622	-34.0979886651039	530.839723587036	9.88225900628839e-115
ATG	33694	192759	29876	7977	37046	6222	45113780	0.199918854284923	-178.26656126976	-36.0798465013504	284.373429536819	2.39606264339141e-61
CAA	31559	81141	14519	6495	12827	3120	46735548	0.176404467886086	-244.601348876953	-34.2773153781891	420.648066997528	7.45351508773349e-91
CAC	30381	93402	18332	4805	13090	3675	35235428	0.151778489251662	-211.066511273384	-34.3858528137207	353.361316919327	2.79150492701476e-76
CAG	22551	116128	20020	5656	18376	4070	46968014	0.177077360285824	-498.651270270348	-34.6922656297684	927.918009281158	7.78621865358791e-201
CCA	33486	21245	91673	7083	5598	21393	43432708	0.232739542635447	-110.03796350956	-35.1491852998734	149.777556419373	2.94273666413586e-32
CCC	29022	25151	84529	6508	6608	21461	29570571	0.249289844414644	-85.4879708886147	-35.1628106236458	100.650320529938	1.12631685931153e-21
CCG	13464	9991	206666	1762	1775	42926	5207646	0.201906822932283	-258.432310447097	-33.7774016410112	449.309817612171	4.60033187643359e-97
CGA	141370	12098	9084	31320	1652	1590	4582201	0.212621191987795	-280.270092710853	-33.2464167624712	494.047351896763	9.30425032814161e-107
CGC	175979	11688	14587	35598	1076	2705	4411510	0.194700722853442	-456.33393984288	-33.6852079704404	845.297463744879	6.48553305751044e-183
CTA	12427	64800	11231	2380	11950	2424	31505006	0.189400619503041	-57.1563494205475	-32.9068745970726	48.4989496469498	1.66757743788747e-10
CTC	16497	55809	16270	3373	9060	3464	39499563	0.179472994942197	-155.780810236931	-33.3739120960236	244.813796281815	8.65926103250833e-53
GAA	24156	62739	14358	3999	10326	3275	48362105	0.173822010212043	-164.854358315468	-33.6831600666046	262.342396497726	1.39988643200653e-56
GAC	14158	45587	14582	1642	7172	3321	22308675	0.163265031549773	-310.750706493855	-32.6430916786194	556.21522963047	3.12419201511638e-120
GCA	37302	20842	77788	8791	3882	18118	33969989	0.226517670600006	-128.145484209061	-34.9529863595963	186.384995698929	3.68527235891596e-40
GCC	28446	20804	77109	7888	4341	20082	26450789	0.255707943241083	-159.571368277073	-34.864770591259	249.413195371628	8.76482914747115e-54
GGA	92672	26663	26249	30482	6383	7076	36344792	0.301825750082427	-377.251603245735	-35.388058423996	683.727089643478	7.0886604566629e-148
GTA	12162	63614	15036	2337	12557	1812	27424740	0.183962471920011	-253.144554555416	-32.9026300311089	440.483849048615	3.75867836662821e-95
TAA	25627	74263	44168	4575	15539	5982	51523991	0.181149259326105	-468.795679450035	-34.9312794208527	867.728800058365	8.84538771528543e-188
TCA	31771	32189	88305	6887	6995	21392	47609966	0.231661905231012	-86.6212261915207	-35.4093772172928	102.423697948456	4.68054716683109e-22
