Context	s1	s2	s3	p1	p2	p3	same	alpha	likelihood_0	likelihood_1	likelihood_2	Chi_stat_0v1	p_0v1	Chi_stat_1v2	p_1v2
AAA	58987	97103	38628	16820	29011	10140	94647958	0.28744646103596	-241.996541261673	-101.613511562347	-36.6424944400787	280.766059398651	1.44569225045784e-60	129.942034244537	5.56628113274538e-28
AAC	28720	71663	21020	5597	22104	6600	35407998	0.282538322776208	-725.973786234856	-591.691782236099	-34.9247933626175	268.564007997513	6.31158990615284e-58	1113.53397774696	4.21551185616258e-241
AAG	21108	78374	20984	7715	20688	5122	48446803	0.278294290505205	-554.252884507179	-372.541915535927	-34.8159354925156	363.421937942505	1.85039576932812e-78	675.451960086823	4.41417262729964e-146
AAT	27451	152084	37501	8047	52652	11012	62607162	0.330410623122431	-400.672099113464	-232.671252012253	-36.439218044281	336.001694202423	1.60160995397356e-72	392.464067935944	9.49407968608499e-85
ACA	58624	45303	168014	15963	12159	47413	48966274	0.277762455826815	-478.379139780998	-53.6337993144989	-37.3012812137604	849.490680932999	7.98862681155213e-184	32.6650362014771	3.7895851143884e-07
ACC	48356	22825	88674	19959	7379	28466	27153150	0.349091364048669	-839.235526561737	-426.388298153877	-36.1491873264313	825.69445681572	1.15771484470499e-178	780.478221654892	7.41281876035691e-169
ACG	14905	14068	269570	3513	2289	77743	5111970	0.279842434758142	-929.309396192431	-531.248555660248	-34.8911396414042	796.121681064367	3.00156512617367e-172	992.714832037687	6.84703125890009e-215
ACT	28569	39042	121338	9585	12269	33285	38470332	0.291819485681321	-307.761714220047	-223.181868672371	-36.2777194976807	169.159691095352	1.93229432525391e-36	373.80829834938	1.04227203023982e-80
AGA	111281	57703	45379	32178	19823	16939	53888582	0.321604008154392	-507.610989928246	-446.973775744438	-37.169371843338	121.274428367615	4.10161577266287e-26	819.6088078022	2.41813759907842e-177
AGC	90197	23775	21114	33037	7835	7719	32483782	0.359704188442918	-621.2567101717	-72.7177011966705	-35.3943505883217	1097.07801795006	1.5667129617466e-237	74.6467012166977	4.31345741765454e-16
AGG	113142	28932	27145	41070	12021	8660	41185252	0.36491765109119	-1044.90685260296	-215.526687264442	-36.1118423938751	1658.76033067703	0	358.829689741135	1.82689015913814e-77
ATA	39486	190030	30204	10631	60545	6276	52255033	0.298213460649931	-730.606627106667	-687.384840369225	-36.5512073040009	86.443573474884	1.27134246615021e-18	1301.66726613045	6.39834770323488e-282
ATC	29805	65897	14893	12866	19216	3829	32656410	0.324707265247073	-785.759099721909	-738.330767810345	-34.8029988408089	94.8566638231277	1.98207134875109e-20	1407.05553793907	8.67313444699616e-305
ATG	33694	192759	29876	12798	56345	10044	45085838	0.308927199029372	-414.913157582283	-414.747456789017	-36.764998793602	0.331401586532593	0.954018440504605	755.964915990829	1.53485895641037e-163
CAA	31559	81141	14519	9854	19987	4965	46723184	0.273591208860312	-604.419163703918	-346.248377919197	-34.9396439790726	516.341571569443	1.37119626624208e-111	622.617467880249	1.25916096254949e-134
CAC	30381	93402	18332	7551	20315	6349	35222783	0.240755725996552	-1657.06731295586	-520.511048555374	-35.1047942638397	2273.11252880096	0	970.812508583069	3.86097229649679e-210
CAG	22551	116128	20020	8639	27791	6200	46953486	0.268621730445686	-1196.46941161156	-773.187107205391	-35.3211685419083	846.564608812332	3.44439640321646e-183	1475.73187732697	1.0855116304778e-319
CCA	33486	21245	91673	11124	8488	32516	43414654	0.356055845468703	-632.712537169456	-117.633709430695	-35.7921267747879	1030.15765547752	5.163215418265e-223	163.683165311813	2.93916317177202e-35
CCC	29022	25151	84529	10443	10459	28885	29555361	0.358949402315756	-726.324880063534	-179.210305273533	-35.7771262526512	1094.22914958	6.50204175347298e-237	286.866358041763	6.91907103308536e-62
CCG	13464	9991	206666	2807	2769	66164	5182369	0.311749036376515	-342.945079371333	-338.566863432527	-34.4464394003153	8.75643187761307	0.0327108208400591	608.240848064423	1.64766200290203e-131
CGA	141370	12098	9084	47553	2503	2510	4564197	0.323379595452532	-452.809113323689	-394.406379729509	-33.8892311155796	116.805467188358	3.7614752570833e-25	721.034297227859	5.76648042402251e-156
CGC	175979	11688	14587	54787	1653	4047	4390402	0.299064542604843	-722.085798747838	-694.228702448308	-34.3144611790776	55.7141925990582	4.83431599602509e-12	1319.82848253846	7.33523408295586e-286
CTA	12427	64800	11231	3615	17433	3778	31496934	0.280652965249045	-223.010646879673	-110.055346488953	-33.5264204144478	225.910600781441	1.05914280026537e-48	153.05785214901	5.76882977333873e-33
CTC	16497	55809	16270	5131	13573	5172	39491584	0.269553829479769	-450.177973866463	-225.072009444237	-33.9860652685165	450.211928844452	2.93313342734818e-97	382.17188835144	1.60927499818631e-82
GAA	24156	62739	14358	6044	16354	5359	48351948	0.274135087355436	-511.303401231766	-312.30624628067	-34.3656793832779	397.994309902191	6.02003904358236e-86	555.881133794785	3.69109907990329e-120
GAC	14158	45587	14582	2548	11320	5764	22301178	0.26413012767904	-927.725776851177	-680.729000270367	-33.3664636611938	493.993553161621	9.55740701048019e-107	1294.72507321835	2.0529881682919e-280
GCA	37302	20842	77788	13566	6060	26937	33954217	0.342546273136568	-396.283336043358	-147.051265954971	-35.590637922287	498.464140176773	1.02686399731154e-107	222.921256065369	4.69045908962316e-48
GCC	28446	20804	77109	12401	6641	29128	26434930	0.381215425889727	-1265.6649261713	-254.56225591898	-35.4891930222511	2022.20534050465	0	438.146125793457	1.20646586203191e-94
GGA	92672	26663	26249	29565	9899	11059	36338210	0.347036762281569	-700.67008471489	-360.698523402214	-35.8153523206711	679.943122625351	4.68857201178799e-147	649.766342163086	1.63688079232707e-140
GTA	12162	63614	15036	3869	19785	3299	27414493	0.296799982381183	-250.744183182716	-231.056124687195	-33.6813868880272	39.3761169910431	1.44470214620401e-08	394.749475598335	3.03694814311433e-85
TAA	25627	74263	44168	7231	23487	9412	51509957	0.278568354412806	-800.989992260933	-587.732095837593	-35.593177318573	426.51579284668	3.99203795359551e-92	1104.27783703804	4.29523009094051e-239
TCA	31771	32189	88305	10783	10579	29578	47594300	0.334548320362526	-204.218036651611	-38.8171149492264	-36.0022152662277	330.80184340477	2.1395546156336e-71	5.62979936599731	0.131078038366472
Summary	NA	NA	NA	NA	NA	NA	NA	0.30829509502769	-20648.2561797872	-11420.7246895507	-1131.23812175542	18455.062980473	-3881.66280016163	20578.9731355906	-4340.66442744498
