Context	s1	s2	s3	p1	p2	p3	same	alpha	likelihood_0	likelihood_1	likelihood_2	Chi_stat_0v1	p_0v1	Chi_stat_1v2	p_1v2
AAA	58987	97103	38628	17233	29853	10326	94646517	0.294846906808821	-477.164350032806	-114.403558731079	-36.6780087947845	725.521582603455	6.13553841986424e-157	155.451099872589	1.75681818744303e-33
AAC	28720	71663	21020	5312	22563	6371	35408053	0.282085286195564	-1160.60253751278	-729.702499866486	-34.8912837505341	861.800075292587	1.7085897168209e-186	1389.6224322319	5.26045774245082e-301
AAG	21108	78374	20984	8011	21413	5385	48445519	0.288952899573324	-690.850944280624	-380.998856544495	-34.8770036697388	619.70417547226	5.39112601722599e-134	692.243705749512	1.00898525140184e-149
AAT	27451	152084	37501	8470	54699	11205	62604499	0.342680476971562	-316.484638929367	-257.956958413124	-36.4925693273544	117.055361032486	3.32315637910984e-25	442.928778171539	1.10999775371154e-95
ACA	58624	45303	168014	16514	12925	53182	48959188	0.303819578511515	-429.904487013817	-156.01377928257	-37.4061340093613	547.781415462494	2.10286484628583e-118	237.215290546417	3.80789454088004e-51
ACC	48356	22825	88674	20513	7672	35222	27145547	0.396653216977886	-1224.94301092625	-192.800378084183	-36.2886853814125	2064.28526568413	0	313.02338540554	1.5098881964857e-67
ACG	14905	14068	269570	3850	2584	83636	5105445	0.30169858278372	-842.585871785879	-494.395441010594	-35.0334406495094	696.38086155057	1.27880122915298e-150	918.72400072217	7.68462333272275e-199
ACT	28569	39042	121338	10258	13135	38016	38464062	0.32500304314921	-124.512334704399	-119.305363178253	-36.4121185541153	10.4139430522919	0.015356179814439	165.786489248276	1.03331373767238e-35
AGA	111281	57703	45379	37226	20749	17707	53881840	0.35305533137715	-361.408743262291	-181.575023770332	-37.2871690988541	359.667438983917	1.20309820922143e-77	288.575709342957	2.95221560075904e-62
AGC	90197	23775	21114	34772	8175	8476	32480950	0.380668611106999	-609.042893886566	-93.7795419692993	-35.4879143238068	1030.52670383453	4.29398022232226e-223	116.583255290985	4.1995651621899e-25
AGG	113142	28932	27145	43659	12232	9280	41181832	0.385128147548443	-915.643350243568	-156.446007013321	-36.1856393814087	1518.39468646049	0	240.520735263824	7.34339320314423e-52
ATA	39486	190030	30204	10351	64061	6661	52251412	0.312155398121053	-958.864983558655	-841.650466918945	-36.595819234848	234.429033279419	1.52464536057273e-50	1610.10929536819	0
ATC	29805	65897	14893	12948	20141	4018	32655214	0.335521497355215	-631.76065570116	-625.21888256073	-34.8537532091141	13.0835462808609	0.00445937145323865	1180.73025870323	1.11189755419877e-255
ATG	33694	192759	29876	13191	58470	10307	45083057	0.319776537184634	-436.684418797493	-401.42159640789	-36.8115245103836	70.5256447792053	3.29379414585423e-15	729.220143795013	9.67879872246806e-158
CAA	31559	81141	14519	9981	20541	5115	46722353	0.280123252029964	-830.264419436455	-339.188054561615	-34.9745897054672	982.15272974968	1.33879977346584e-212	608.426929712296	1.50150649559921e-131
CAC	30381	93402	18332	7333	20634	6084	35222947	0.239601730992506	-2311.26810395718	-395.663328528404	-35.0766226053238	3831.20955085754	0	721.173411846161	5.37952887057309e-156
CAG	22551	116128	20020	8759	28792	6559	46952006	0.277947561106245	-1424.26203346252	-754.708505868912	-35.3738865852356	1339.10705518723	4.81137593630342e-290	1438.66923856735	1.19719887950253e-311
CCA	33486	21245	91673	11846	8809	35239	43410888	0.381779186361028	-683.608928442001	-101.225139498711	-35.8822958469391	1164.76757788658	3.23121748678551e-252	130.685687303543	3.84860655336659e-28
CCC	29022	25151	84529	11208	10949	33443	29549548	0.400859396403801	-1090.40472972393	-82.9335457086563	-35.9085272550583	2014.94236803055	0	94.050036907196	2.95433492763086e-20
CCG	13464	9991	206666	3123	3074	71714	5176198	0.338565363439234	-354.618561610579	-325.040766686201	-34.5916978865862	59.1555898487568	8.90489279753801e-13	580.89813759923	1.39414486931381e-125
CGA	141370	12098	9084	51985	2772	2727	4559279	0.35363452925833	-556.691211506724	-415.136826142669	-34.0257404148579	283.108770728111	4.49939627542271e-61	762.222171455622	6.74695764004839e-165
CGC	175979	11688	14587	58748	1838	4396	4385907	0.321289072156793	-709.615783393383	-690.235222257674	-34.44324696064	38.7611222714186	1.95014680955629e-08	1311.58395059407	4.5116219890853e-284
CTA	12427	64800	11231	3788	18925	3839	31495208	0.300165050080264	-189.362285912037	-72.2721735239029	-33.5988324284554	234.180224776268	1.72571180916892e-50	77.3466821908951	1.13776385768574e-16
CTC	16497	55809	16270	5281	14500	5536	39490143	0.285822344653179	-479.843313574791	-214.309339284897	-34.0674918889999	531.067948579788	8.8184202887802e-115	360.483694791794	8.00834775505279e-78
GAA	24156	62739	14358	6365	16884	5536	48350920	0.284287872951913	-637.86459839344	-311.929816603661	-34.4237359762192	651.869563579559	5.72806482933244e-141	555.012161254883	5.69524211713409e-120
GAC	14158	45587	14582	2580	12001	5652	22300577	0.272216018405156	-983.660391509533	-593.554139077663	-33.3920884132385	780.212504863739	8.46465569543816e-169	1120.32410132885	1.41811502644824e-242
GCA	37302	20842	77788	14579	6339	28968	33950894	0.366992319689256	-469.145057439804	-186.224017858505	-35.6854466199875	565.842079162598	2.55862637263025e-122	301.077142477036	5.81625584870708e-65
GCC	28446	20804	77109	13070	6983	31129	26431918	0.405052271702055	-1291.37867367268	-266.762579500675	-35.5737342238426	2049.232188344	0	462.377690553665	6.78164342652941e-100
GGA	92672	26663	26249	37953	10432	11700	36328648	0.412717056819431	-1508.1935274601	-86.0465638637543	-35.9944920539856	2844.29392719269	0	100.104143619537	1.47605556911333e-21
GTA	12162	63614	15036	3833	20483	3088	27414042	0.301766286393869	-447.563527166843	-340.42748183012	-33.660994052887	214.272090673447	3.47410065733256e-46	613.532975554466	1.17374100685356e-132
TAA	25627	74263	44168	7414	24663	9503	51508507	0.288633744741701	-1097.33591890335	-720.814936637878	-35.6348985433578	753.041964530945	6.60602644469406e-163	1370.36007618904	7.95727430322428e-297
TCA	31771	32189	88305	11614	11151	33318	47589157	0.368324959774078	-406.799949645996	-67.4382740259171	-36.1251429319382	678.723351240158	8.62028902617353e-147	62.6262621879578	1.6142619960847e-13
Summary	NA	NA	NA	NA	NA	NA	NA	0.329257179237455	-24652.334235847	-10709.5790652111	-1133.73452828825	27885.5103412718	-5921.1234360589	19151.6890738457	-4032.18505718653
