Context	Count	Count	Count	Count	Count	Count	Count	Count	Count	Count	Count	Count	Count	Count	Count	Count	Count	Count	Count	Count	Count	Count	Count	One_mer
AAA->C	621	825	634	826	662	555	468	517	442	399	406	374	482	257	176	207	181	251	103	158	127	59	530	A->C
AAA->G	1108	1328	1078	1239	1089	1038	838	879	791	712	710	653	743	451	301	361	293	477	166	326	192	119	918	A->G
AAA->T	344	450	360	441	383	374	255	300	264	252	264	214	259	149	86	135	103	170	50	106	89	41	333	A->T
AAC->C	203	237	167	264	193	189	152	137	124	135	134	141	130	100	49	53	53	83	28	49	34	16	153	A->C
AAC->G	863	1019	735	1033	809	791	551	597	537	545	508	486	556	359	232	286	217	367	146	263	181	98	732	A->G
AAC->T	217	273	230	299	219	224	146	189	128	161	144	135	171	107	65	78	66	93	31	59	49	19	268	A->T
AAG->C	315	370	264	332	278	249	211	216	180	191	199	174	214	115	76	107	91	125	40	95	53	23	241	A->C
AAG->G	869	932	780	899	809	749	577	613	551	484	520	508	521	336	230	291	205	319	117	242	130	93	625	A->G
AAG->T	195	203	180	208	217	186	151	138	126	106	140	121	133	89	56	67	38	86	38	48	41	21	164	A->T
AAT->C	309	391	291	412	314	306	240	226	234	220	196	169	209	119	88	90	81	144	48	89	70	28	242	A->C
AAT->G	2018	2460	1955	2417	2032	1895	1546	1542	1438	1329	1348	1200	1410	863	506	629	470	858	237	572	378	192	1726	A->G
AAT->T	430	497	407	508	442	360	293	321	289	282	270	234	299	169	111	147	92	186	60	94	79	43	434	A->T
ACA->A	586	758	559	709	564	583	433	503	363	416	411	343	396	254	154	183	133	229	92	155	112	57	568	C->A
ACA->G	425	581	383	536	464	439	330	398	370	319	303	249	270	187	124	187	136	179	75	125	93	57	421	C->G
ACA->T	1958	2252	1807	2122	1886	1884	1367	1483	1296	1294	1338	1139	1294	799	539	685	471	816	310	564	365	255	1646	C->T
ACC->A	806	890	671	810	697	640	552	576	477	532	498	472	478	296	188	291	205	312	160	239	145	87	660	C->A
ACC->G	287	343	250	285	243	258	220	245	223	174	186	178	172	111	89	125	70	106	63	92	54	42	238	C->G
ACC->T	1375	1452	1182	1304	1129	1198	905	946	817	909	864	726	792	521	342	449	409	479	266	414	221	203	1109	C->T
ACG->A	153	163	113	135	122	123	94	104	68	117	78	84	98	66	39	72	51	63	30	44	35	23	115	C->A
ACG->G	105	118	86	100	57	84	77	68	69	57	48	56	57	39	36	41	31	33	26	38	25	24	79	C->G
ACG->T	3284	3702	2701	3089	2739	2652	2261	2220	1872	2308	2069	1801	1829	1249	894	1227	1007	1346	674	1093	561	528	2359	C->T
ACT->A	373	464	344	446	358	331	284	291	224	250	289	216	271	154	104	139	90	127	54	96	64	28	337	C->A
ACT->G	466	586	454	541	475	439	372	411	388	292	292	276	274	190	136	200	114	195	68	133	63	47	402	C->G
ACT->T	1450	1614	1299	1554	1327	1351	1001	1071	914	912	985	813	916	519	367	479	344	593	240	383	238	175	1184	C->T
AGA->A	1412	1568	1253	1518	1296	1253	955	1030	827	919	927	772	871	559	338	486	366	565	221	459	242	189	1263	C->T
AGA->C	709	966	719	843	725	653	601	636	581	467	490	406	406	275	248	349	195	286	137	231	122	94	601	C->G
AGA->T	664	764	672	817	631	602	482	498	407	402	444	375	436	264	166	228	140	250	92	171	117	61	648	C->A
AGC->A	1391	1510	1128	1400	1171	1193	911	950	803	908	855	789	770	483	299	457	351	554	237	419	257	172	1281	C->T
AGC->C	293	361	243	306	279	278	228	260	194	202	228	172	181	110	120	154	97	93	64	90	48	44	241	C->G
AGC->T	293	360	274	348	275	292	211	229	169	234	216	189	181	100	77	126	73	119	55	104	51	40	266	C->A
AGG->A	1721	1799	1490	1668	1440	1462	1163	1225	1014	1070	1059	936	898	609	433	581	519	643	362	570	302	240	1366	C->T
AGG->C	465	544	392	463	431	379	322	376	369	299	273	227	241	191	139	230	145	165	94	144	72	66	347	C->G
AGG->T	370	386	303	375	337	302	236	262	236	215	248	185	179	134	107	134	99	125	69	113	57	45	294	C->A
ATA->A	410	454	408	485	390	378	293	286	258	232	243	231	290	148	109	130	73	158	46	80	77	29	412	A->T
ATA->C	2377	2996	2386	3027	2410	2246	1794	1777	1619	1410	1576	1401	1773	969	586	691	531	1050	256	631	487	181	1989	A->G
ATA->G	242	329	235	304	236	194	177	189	185	161	163	148	177	90	69	84	62	94	31	54	56	25	233	A->C
ATC->A	498	525	438	572	420	447	337	370	266	323	320	266	317	186	107	154	111	220	76	133	92	49	443	A->T
ATC->C	730	891	710	869	698	740	562	575	524	510	491	436	478	298	197	245	192	339	107	191	118	84	596	A->G
ATC->G	153	164	146	157	134	140	127	129	90	102	84	83	84	59	37	68	54	66	25	37	24	16	117	A->C
ATG->A	476	555	424	589	518	423	326	411	319	345	325	273	348	191	124	190	119	230	60	150	86	52	414	A->T
ATG->C	2208	2630	2085	2512	2115	1996	1629	1621	1500	1421	1438	1292	1485	875	617	716	567	940	314	644	402	245	1645	A->G
ATG->G	368	430	347	432	362	351	305	292	283	242	234	205	252	146	89	137	106	174	62	114	83	50	299	A->C
CAA->C	374	399	348	452	360	346	276	268	275	238	230	197	216	148	118	132	121	145	63	94	55	46	299	A->C
CAA->G	837	956	699	803	717	739	554	582	521	479	523	443	487	310	209	277	214	335	126	226	144	78	658	A->G
CAA->T	206	211	189	218	184	195	140	148	137	120	137	104	102	66	43	61	46	86	23	57	28	29	179	A->T
CAC->C	312	304	251	271	238	276	222	219	192	180	165	151	155	94	92	123	68	97	58	93	47	42	196	A->C
CAC->G	879	889	677	803	691	715	545	603	571	521	482	455	469	301	194	307	222	318	180	230	135	121	567	A->G
CAC->T	227	261	184	223	188	178	145	198	148	164	159	122	123	96	72	112	64	93	32	80	31	29	197	A->T
CAG->C	336	396	265	335	272	322	244	238	238	203	230	188	211	132	96	133	89	125	69	102	60	40	251	A->C
CAG->G	1206	1289	939	1137	1030	951	814	790	714	798	691	639	675	430	337	425	361	406	275	344	173	167	800	A->G
CAG->T	255	280	174	242	210	258	177	181	148	167	169	136	122	93	69	84	86	106	51	71	49	40	205	A->T
CCA->A	440	502	368	443	443	392	315	353	288	304	299	249	244	181	113	177	120	147	76	152	86	58	397	C->A
CCA->G	354	404	281	300	280	266	228	278	238	254	226	161	162	134	100	168	107	119	67	94	59	57	236	C->G
CCA->T	1376	1495	1183	1262	1164	1160	930	955	821	949	877	730	766	534	426	519	422	528	293	455	224	217	1034	C->T
CCC->A	448	493	347	376	361	330	282	337	266	312	262	256	208	168	123	168	149	153	94	129	72	88	317	C->A
CCC->G	495	500	313	382	357	316	285	329	302	297	261	218	207	181	131	196	132	171	92	134	61	86	283	C->G
CCC->T	1372	1507	1038	1114	1043	1039	858	901	764	950	798	689	673	483	377	568	453	492	297	443	217	241	1005	C->T
CCG->A	136	128	103	102	74	96	93	93	58	84	72	57	74	49	35	55	55	36	40	48	30	32	84	C->A
CCG->G	117	127	79	93	105	80	84	83	84	95	83	46	50	51	41	64	39	44	50	34	17	38	78	C->G
CCG->T	2924	3129	2116	2280	2209	2210	2046	1941	1673	1937	1610	1599	1373	1034	827	1200	1096	1028	805	1011	500	617	1864	C->T
CGA->A	2156	2308	1583	1862	1681	1684	1484	1326	1182	1472	1269	1144	1063	738	575	865	697	747	481	673	354	372	1455	C->T
CGA->C	115	123	84	92	94	81	79	83	61	69	59	63	56	49	23	52	39	39	27	38	15	19	81	C->G
CGA->T	95	102	77	115	106	92	71	72	70	79	60	55	61	49	31	47	32	41	20	35	20	9	75	C->A
CGC->A	2441	2540	1779	1971	1842	1887	1631	1561	1350	1584	1371	1266	1110	920	639	993	870	838	697	796	421	503	1640	C->T
CGC->C	68	71	50	65	51	57	56	50	51	49	49	42	37	22	33	30	18	41	18	25	12	6	47	C->G
CGC->T	172	185	111	157	115	147	97	102	92	112	100	95	113	58	46	67	45	59	45	54	31	31	125	C->A
CTA->A	128	178	127	162	129	136	106	121	107	99	91	67	73	60	41	44	36	54	11	33	35	11	137	A->T
CTA->C	745	816	690	890	672	631	507	574	468	476	491	401	460	302	198	218	173	309	109	173	127	78	564	A->G
CTA->G	165	180	143	186	133	120	95	93	98	98	88	87	102	43	27	49	35	61	30	38	32	14	128	A->C
CTC->A	197	212	178	201	187	161	147	130	139	125	145	120	130	69	53	79	59	68	36	66	34	28	142	A->T
CTC->C	568	611	466	528	474	449	370	408	380	348	341	328	309	217	163	167	151	197	131	185	91	75	416	A->G
CTC->G	207	232	183	233	197	197	170	143	125	155	134	124	107	66	53	90	50	86	40	62	37	34	156	A->C
GAA->C	249	332	249	255	235	218	164	176	166	150	176	154	138	92	61	76	57	80	41	64	37	23	193	A->C
GAA->G	627	743	540	721	642	576	449	440	406	408	455	370	439	242	134	219	163	262	107	171	134	70	558	A->G
GAA->T	223	249	173	219	226	214	141	176	150	121	152	113	134	74	54	69	56	79	32	65	39	16	184	A->T
GAC->C	96	103	96	108	84	96	60	73	55	71	72	51	65	38	33	36	40	31	15	24	12	12	60	A->C
GAC->G	495	478	422	543	410	403	309	317	266	338	290	266	264	169	105	181	116	171	89	156	95	48	379	A->G
GAC->T	218	243	179	241	207	177	169	176	136	141	125	109	138	87	50	80	61	84	47	68	37	25	197	A->T
GCA->A	581	626	484	617	499	479	392	375	317	334	362	313	295	209	132	193	141	231	78	170	104	73	484	C->A
GCA->G	245	283	200	220	197	208	162	187	142	187	153	126	139	95	71	95	63	90	49	73	36	37	190	C->G
GCA->T	1179	1317	914	1077	989	968	781	779	646	759	738	609	646	421	284	386	311	436	208	369	179	170	898	C->T
GCC->A	543	592	417	481	417	405	322	357	308	354	333	286	278	184	148	185	122	187	125	153	94	73	365	C->A
GCC->G	313	289	217	248	214	205	195	197	167	165	166	146	131	96	85	124	88	119	81	82	35	43	167	C->G
GCC->T	1218	1284	1015	1145	1001	1065	803	900	716	841	786	681	645	432	329	471	400	431	288	405	202	210	963	C->T
GGA->A	1566	1658	1155	1337	1289	1259	969	1073	838	916	943	802	800	592	379	546	424	533	273	456	224	196	1157	C->T
GGA->C	400	468	340	369	347	305	302	320	309	262	227	209	190	145	121	216	112	139	80	130	50	73	255	C->G
GGA->T	453	532	388	469	381	361	312	330	304	280	316	247	251	181	127	164	125	176	66	146	73	62	326	C->A
GTA->A	147	167	126	180	148	144	98	99	94	95	100	90	108	70	20	50	22	55	15	34	27	19	133	A->T
GTA->C	771	869	743	951	757	736	520	573	528	491	499	443	553	248	204	258	195	341	106	193	138	66	634	A->G
GTA->G	96	164	107	134	106	92	78	80	81	71	77	68	69	67	36	34	26	43	8	36	27	12	118	A->C
TAA->C	267	324	280	322	281	259	205	216	187	169	184	145	201	116	87	93	51	114	32	68	59	23	253	A->C
TAA->G	935	1110	880	1171	938	883	680	648	637	575	581	479	622	375	222	272	218	410	109	248	181	87	710	A->G
TAA->T	381	446	320	431	360	354	255	227	215	211	244	204	239	144	103	111	95	147	41	77	74	36	296	A->T
TCA->A	389	510	383	544	426	403	317	321	271	267	262	238	282	159	118	152	89	167	65	116	73	47	370	C->A
TCA->G	401	465	366	441	388	353	292	352	314	242	281	227	252	182	109	197	108	171	70	135	74	46	325	C->G
TCA->T	1302	1446	1102	1297	1176	1131	865	932	792	842	887	748	785	494	343	462	333	514	215	344	212	165	970	C->T
