Context	Count	Count	Count	Count	Count	Count	Count	Count	Count	Count	Count	Count	Count	Count	Count	Count	Count	Count	Count	Count	Count	Count	Count	One_mer
AAA->C	723	894	701	890	690	660	504	542	449	464	420	414	496	285	176	220	182	298	100	170	120	63	614	A->C
AAA->G	1232	1456	1186	1414	1232	1151	932	938	825	798	723	690	826	508	330	409	313	507	188	361	227	118	999	A->G
AAA->T	406	529	384	480	427	418	316	312	289	282	275	230	286	160	110	142	118	171	72	117	83	39	394	A->T
AAC->C	228	265	193	263	193	202	169	151	150	142	158	141	138	95	51	66	42	89	37	63	34	18	184	A->C
AAC->G	939	1067	788	1099	870	899	620	650	556	630	585	512	625	375	239	287	213	427	131	287	174	98	821	A->G
AAC->T	249	311	241	316	260	257	199	200	156	175	163	142	184	96	54	80	67	108	40	58	47	20	302	A->T
AAG->C	344	438	308	338	300	295	222	230	209	201	209	184	231	120	83	107	101	144	36	92	54	25	252	A->C
AAG->G	932	990	836	964	840	830	631	652	547	570	571	511	553	357	242	321	227	349	142	233	163	98	680	A->G
AAG->T	228	240	215	250	236	195	159	149	140	125	146	115	155	84	55	66	41	99	33	57	40	25	188	A->T
AAT->C	359	411	309	428	356	333	286	266	266	230	200	180	226	118	81	100	90	149	53	86	66	31	277	A->C
AAT->G	2198	2735	2043	2632	2160	2152	1639	1668	1526	1492	1423	1291	1487	941	568	701	537	959	236	553	409	185	1815	A->G
AAT->T	481	531	463	568	499	431	312	372	302	272	296	236	343	162	105	136	111	205	74	100	84	34	477	A->T
ACA->A	648	810	611	810	620	622	445	519	410	435	441	371	413	268	160	202	148	248	84	157	138	70	649	C->A
ACA->G	505	671	448	551	501	497	369	457	396	322	354	259	337	226	140	212	141	189	96	135	85	64	457	C->G
ACA->T	2279	2471	2047	2422	2103	1984	1575	1596	1412	1432	1362	1270	1416	847	563	722	528	958	330	586	376	250	1835	C->T
ACC->A	862	995	771	843	753	718	632	650	513	564	536	510	516	326	187	335	231	296	161	255	141	90	702	C->A
ACC->G	313	359	276	301	262	255	245	263	234	208	191	160	180	120	96	134	89	113	78	100	65	40	269	C->G
ACC->T	1555	1704	1289	1440	1246	1294	1037	1061	897	995	958	835	833	560	368	534	441	512	300	459	250	213	1172	C->T
ACG->A	171	171	131	157	135	158	114	108	85	115	97	94	81	65	47	60	52	71	33	55	35	31	133	C->A
ACG->G	108	127	82	93	71	106	74	68	61	71	54	60	63	49	39	44	31	35	31	40	22	17	81	C->G
ACG->T	3505	4038	2907	3358	3044	2936	2523	2408	2045	2518	2175	1945	2002	1376	907	1388	1131	1551	710	1170	625	549	2620	C->T
ACT->A	376	480	373	513	375	357	300	307	250	276	283	239	288	169	101	155	93	148	54	98	75	39	392	C->A
ACT->G	502	622	508	569	518	452	429	447	423	322	329	255	297	199	160	227	134	249	75	129	79	50	419	C->G
ACT->T	1580	1770	1512	1711	1484	1468	1094	1188	953	993	1065	881	1023	566	432	501	389	624	270	428	287	184	1322	C->T
AGA->A	1532	1758	1385	1678	1394	1389	1077	1107	929	983	970	857	928	579	368	561	376	619	247	457	279	199	1344	C->T
AGA->C	777	1005	784	926	854	742	653	678	656	534	510	443	461	311	256	374	202	315	138	237	140	94	602	C->G
AGA->T	701	833	732	888	678	679	501	535	468	472	497	394	462	280	169	221	139	245	101	204	144	61	741	C->A
AGC->A	1502	1602	1269	1472	1266	1291	987	1065	803	925	916	826	828	531	381	500	392	606	243	450	270	173	1289	C->T
AGC->C	328	382	263	301	313	288	242	299	199	234	214	163	185	125	117	151	102	109	64	102	61	51	272	C->G
AGC->T	348	399	326	371	309	301	245	288	197	229	211	202	205	129	75	134	78	132	57	117	56	43	285	C->A
AGG->A	1867	1984	1573	1854	1598	1591	1289	1322	1049	1202	1125	1022	1026	670	472	627	528	743	388	594	327	226	1547	C->T
AGG->C	513	531	399	517	492	415	365	444	369	330	283	253	253	210	184	244	148	169	98	136	86	77	346	C->G
AGG->T	405	415	342	405	350	331	267	295	246	231	252	205	225	134	106	144	111	152	70	107	68	56	305	C->A
ATA->A	422	496	458	558	426	383	306	332	274	249	273	243	295	159	106	133	77	164	36	96	92	35	422	A->T
ATA->C	2667	3268	2639	3307	2725	2488	1964	1965	1722	1644	1667	1473	1900	1063	628	806	565	1150	269	652	530	199	2233	A->G
ATA->G	268	365	247	337	270	256	188	187	183	155	170	156	220	93	79	88	59	123	26	64	55	17	265	A->C
ATC->A	520	603	467	603	507	509	392	374	288	363	330	269	380	207	116	176	110	237	81	127	102	59	502	A->T
ATC->C	821	997	797	924	777	804	638	638	550	550	535	490	519	336	206	275	218	335	106	203	141	81	657	A->G
ATC->G	171	203	149	187	149	157	134	118	104	122	88	84	102	66	36	67	52	81	26	46	19	23	128	A->C
ATG->A	537	617	503	626	543	448	406	435	348	380	315	296	360	207	134	175	141	250	77	156	101	50	466	A->T
ATG->C	2374	2856	2257	2776	2362	2195	1762	1807	1574	1601	1504	1392	1670	962	654	809	608	1024	351	656	434	282	1847	A->G
ATG->G	382	482	392	454	412	384	298	329	297	270	261	234	272	160	92	139	127	197	57	119	75	46	328	A->C
CAA->C	409	433	403	472	411	395	301	305	323	245	265	211	213	156	126	127	116	176	57	116	88	40	326	A->C
CAA->G	921	1079	764	930	766	798	628	625	516	532	523	480	521	341	240	266	203	391	114	232	146	92	724	A->G
CAA->T	193	218	200	256	206	221	164	193	149	132	137	121	122	76	51	61	48	100	31	45	39	27	193	A->T
CAC->C	303	309	239	306	247	272	241	216	199	203	169	173	171	106	86	117	70	115	62	87	61	36	219	A->C
CAC->G	925	976	768	857	756	753	572	629	577	560	496	469	520	317	233	317	246	363	173	260	145	127	654	A->G
CAC->T	268	277	186	214	225	206	187	206	144	191	160	128	157	81	60	102	72	102	39	86	37	34	213	A->T
CAG->C	372	464	326	371	308	339	276	268	237	233	235	199	201	154	94	144	105	124	63	114	58	35	254	A->C
CAG->G	1291	1326	1029	1230	1152	1057	910	831	737	849	716	658	703	480	347	440	402	437	252	380	181	187	846	A->G
CAG->T	303	310	203	276	242	254	211	202	156	176	186	151	135	95	76	91	82	112	67	77	54	42	233	A->T
CCA->A	517	588	392	496	432	458	341	375	322	329	297	235	253	206	112	183	138	179	79	171	90	60	415	C->A
CCA->G	351	416	305	325	335	288	245	301	262	245	206	188	202	140	99	192	116	129	77	113	66	54	256	C->G
CCA->T	1504	1614	1319	1397	1311	1221	980	1068	882	1015	944	787	794	591	407	554	482	557	317	511	232	229	1096	C->T
CCC->A	509	500	373	412	393	378	329	330	286	321	282	257	232	168	119	189	144	173	107	154	81	79	395	C->A
CCC->G	518	518	332	401	393	352	307	325	335	324	275	242	216	191	144	218	154	184	95	144	66	95	306	C->G
CCC->T	1464	1565	1127	1236	1179	1199	955	972	823	1017	836	765	736	512	412	566	480	545	297	494	248	235	1101	C->T
CCG->A	143	138	96	116	104	85	111	94	67	100	81	54	77	43	31	64	48	32	38	49	22	31	94	C->A
CCG->G	138	137	98	104	87	97	81	90	75	92	78	68	58	59	48	62	52	56	45	39	20	37	96	C->G
CCG->T	3129	3366	2234	2496	2416	2423	2199	2004	1792	2113	1718	1687	1515	1138	907	1304	1175	1144	925	1120	536	644	2033	C->T
CGA->A	2211	2423	1784	2076	1799	1792	1596	1462	1319	1619	1291	1175	1174	814	574	890	716	832	511	763	362	395	1593	C->T
CGA->C	133	122	82	89	90	86	86	95	69	81	54	67	53	53	42	57	41	44	33	46	21	21	91	C->G
CGA->T	123	118	99	111	112	107	93	80	72	77	65	69	75	46	40	60	40	43	19	36	21	14	88	C->A
CGC->A	2642	2680	1961	2125	2029	2039	1864	1712	1438	1707	1472	1386	1210	987	682	1025	964	922	717	886	434	517	1808	C->T
CGC->C	78	83	64	75	59	53	67	53	39	50	44	34	37	25	32	31	26	34	20	25	16	9	44	C->G
CGC->T	182	224	114	167	133	166	121	112	99	126	101	100	124	74	47	66	61	76	54	70	41	39	133	C->A
CTA->A	140	180	154	185	159	135	125	123	105	107	98	78	97	58	42	41	29	73	17	31	41	14	141	A->T
CTA->C	794	876	746	953	735	720	534	622	500	502	512	466	528	298	220	281	192	317	102	176	143	77	603	A->G
CTA->G	173	190	160	189	146	131	106	107	96	116	97	90	104	54	34	51	40	53	41	37	28	19	135	A->C
CTC->A	208	237	176	223	183	177	157	148	137	147	141	134	142	78	60	83	58	87	40	79	31	31	164	A->T
CTC->C	634	714	518	591	548	484	412	399	370	401	344	355	337	210	174	187	174	230	135	179	101	76	458	A->G
CTC->G	241	246	185	257	220	212	189	159	135	162	144	136	142	75	69	98	52	98	46	72	40	35	183	A->C
GAA->C	289	323	287	321	277	247	179	173	201	177	182	164	159	90	68	89	64	111	48	86	41	27	206	A->C
GAA->G	667	804	623	781	663	630	499	509	425	446	475	383	474	265	160	226	185	302	110	190	146	63	581	A->G
GAA->T	239	255	187	268	243	219	147	199	143	144	150	122	153	78	72	75	56	92	25	69	47	15	196	A->T
GAC->C	113	129	98	120	86	97	57	79	52	69	73	57	65	47	34	35	31	33	11	34	16	19	71	A->C
GAC->G	519	513	449	552	442	476	334	368	305	381	307	277	281	192	125	184	140	183	97	183	107	51	406	A->G
GAC->T	242	267	199	246	221	203	178	187	135	163	139	118	161	85	59	88	69	95	46	81	38	41	214	A->T
GCA->A	579	659	567	673	562	550	422	451	349	387	372	322	358	238	145	213	157	261	98	172	124	78	540	C->A
GCA->G	276	319	233	226	231	212	191	210	174	203	183	127	165	94	73	108	69	97	48	59	46	36	176	C->G
GCA->T	1231	1437	972	1171	1106	1146	836	859	742	783	805	674	719	446	311	421	328	466	220	371	190	195	953	C->T
GCC->A	565	626	449	506	496	452	379	380	306	385	363	284	319	189	166	212	148	202	119	179	102	75	380	C->A
GCC->G	327	299	236	292	239	206	234	239	169	188	190	170	144	123	91	121	84	129	86	98	47	46	215	C->G
GCC->T	1352	1409	1113	1228	1139	1121	884	990	770	935	838	774	713	483	323	520	420	495	298	448	219	225	1079	C->T
GGA->A	1671	1826	1313	1515	1384	1429	1119	1114	969	1065	1052	876	859	667	443	590	473	673	296	510	231	216	1293	C->T
GGA->C	404	498	347	433	403	335	332	360	330	296	245	213	223	137	116	211	124	168	89	124	57	59	317	C->G
GGA->T	488	576	411	522	403	402	329	363	317	313	325	285	298	203	129	193	127	183	85	154	70	56	363	C->A
GTA->A	159	173	137	186	167	152	108	103	110	105	98	101	100	78	30	52	29	52	15	39	33	16	131	A->T
GTA->C	863	949	820	1023	831	857	593	600	554	536	510	466	584	307	228	280	210	375	126	194	156	72	722	A->G
GTA->G	105	158	121	179	113	109	87	100	81	86	88	67	75	51	38	47	29	47	11	39	33	13	110	A->C
TAA->C	244	379	299	363	304	301	236	232	220	193	185	171	219	111	94	95	61	108	29	67	68	34	246	A->C
TAA->G	1005	1168	992	1222	1050	991	751	725	685	655	630	534	749	376	238	303	215	448	115	254	206	101	827	A->G
TAA->T	393	496	359	435	369	360	327	290	241	253	244	210	283	150	108	114	89	169	57	87	74	39	338	A->T
TCA->A	424	584	443	609	487	427	356	335	320	285	255	259	307	188	127	190	111	194	74	117	87	49	409	C->A
TCA->G	452	525	431	474	450	397	311	400	364	295	286	271	254	195	130	190	107	173	74	144	78	46	358	C->G
TCA->T	1413	1633	1282	1405	1328	1261	962	1002	879	923	926	799	928	531	374	489	374	577	246	407	218	156	1095	C->T
