Context	X1mer	Count	Rate	context_in_genome	chr1	chr2	chr3	chr4	chr5	chr6	chr7	chr8	chr9	chr10	chr11	chr12	chr13	chr14	chr15	chr16	chr17	chr18	chr19	chr20	chr21	chr22
AAA->C	A->C	19495	1.6101666354573e-09	87271167	1473	1688	1349	1696	1499	1387	1086	1022	1059	943	875	845	1029	644	419	468	387	611	261	349	270	135
AAA->G	A->G	33976	2.80620782797113e-09	87271167	2571	3053	2361	2830	2572	2432	1950	1805	1638	1630	1588	1499	1742	1040	708	925	663	1101	442	719	452	255
AAA->T	A->T	11672	9.64035135627474e-10	87271167	823	1062	873	1032	905	820	681	664	546	563	568	496	614	336	238	291	186	370	153	213	161	77
AAC->C	A->C	6545	1.44261272820063e-09	32702297	499	630	469	544	470	458	314	377	343	325	284	272	339	186	148	192	121	191	105	144	83	51
AAC->G	A->G	25423	5.60359715646214e-09	32702297	1935	2265	1736	2154	1920	1813	1403	1502	1218	1220	1113	1142	1280	772	525	700	503	793	311	597	344	177
AAC->T	A->T	7608	1.67691331339197e-09	32702297	618	679	522	707	569	547	398	422	366	364	383	331	352	238	144	186	131	229	96	178	93	55
AAG->C	A->C	9000	1.4483562979944e-09	44790454	690	809	606	708	671	645	526	509	468	434	403	388	487	278	199	242	182	292	105	194	110	54
AAG->G	A->G	24269	3.90557322178067e-09	44790454	1857	2205	1617	2023	1800	1772	1374	1382	1194	1229	1147	1023	1166	743	513	633	500	769	283	528	319	192
AAG->T	A->T	5955	9.58329083839627e-10	44790454	431	522	427	547	439	452	333	353	290	284	287	262	262	198	103	151	101	215	74	114	66	44
AAT->C	A->C	9462	1.17949266780771e-09	57823725	720	851	644	882	700	701	507	482	487	431	437	366	536	311	203	227	180	337	87	168	137	68
AAT->G	A->G	61851	7.71008254032706e-09	57823725	4586	5714	4372	5412	4625	4375	3470	3446	3238	3007	2904	2650	3239	1818	1267	1575	1121	1943	610	1226	838	415
AAT->T	A->T	12734	1.58736626842775e-09	57823725	916	1142	904	1195	1007	930	695	705	627	637	561	539	697	400	219	306	212	405	145	243	180	69
ACA->A	C->A	18267	2.90114009572955e-09	45385476	1371	1606	1332	1587	1320	1310	1031	989	964	906	906	771	959	529	384	484	275	597	203	349	264	130
ACA->G	C->G	14020	2.22663733191702e-09	45385476	1024	1298	969	1176	988	1036	783	841	797	718	689	541	618	425	291	436	242	404	192	276	159	117
ACA->T	C->T	55425	8.80252311850934e-09	45385476	4410	5037	3774	4601	3982	3978	3089	3013	2747	2742	2633	2389	2712	1697	1099	1452	1105	1807	722	1234	690	512
ACC->A	C->A	23008	6.56462269130109e-09	25263148	1766	2048	1514	1845	1626	1621	1223	1342	1050	1179	1170	1019	1082	736	487	634	497	710	333	595	287	244
ACC->G	C->G	8458	2.41322925604245e-09	25263148	622	746	556	619	615	554	490	514	435	418	414	374	376	245	183	301	165	281	146	185	105	114
ACC->T	C->T	32997	9.41467554523914e-09	25263148	2784	2830	2159	2522	2356	2265	1797	1765	1630	1743	1630	1448	1432	1034	734	931	745	1045	568	802	403	374
ACG->A	C->A	4065	5.73415694761857e-09	5109864	297	350	266	306	251	281	257	246	186	220	172	190	172	120	87	144	86	140	85	102	63	44
ACG->G	C->G	2614	3.68735209374537e-09	5109864	199	238	163	174	156	172	144	155	132	137	119	104	133	89	58	101	64	81	56	67	31	41
ACG->T	C->T	90415	1.27540910312161e-07	5109864	7087	8236	5655	6652	6215	6046	5069	4903	4169	4835	4240	3912	4055	2750	2007	2850	2221	2914	1580	2486	1306	1227
ACT->A	C->A	11029	2.227601003232e-09	35687580	849	986	793	957	847	749	647	603	551	529	537	483	555	321	220	301	181	341	115	240	152	72
ACT->G	C->G	14097	2.84726551297139e-09	35687580	1030	1272	954	1153	975	948	850	888	832	661	645	563	653	421	341	457	271	442	173	273	185	110
ACT->T	C->T	38863	7.84942041786246e-09	35687580	3080	3386	2651	3230	2920	2861	2177	2136	1889	1907	1839	1718	1864	1184	783	965	771	1236	518	916	488	344
TCT->T	C->T	37044	5.34642626691223e-09	49942774	3081	3253	2422	3029	2620	2680	2041	2096	1783	1857	1740	1658	1743	1168	747	999	801	1172	495	869	489	301
TCT->G	C->G	22695	3.2754870998697e-09	49942774	1640	2067	1554	1808	1667	1505	1299	1454	1398	1038	1051	902	998	734	525	781	422	631	274	463	276	208
TCT->A	C->A	19343	2.7917050880273e-09	49942774	1474	1722	1359	1766	1471	1346	1093	1061	945	876	974	857	1038	547	354	485	320	659	219	372	271	134
GCT->T	C->T	37974	9.04458830717689e-09	30263274	3040	3387	2503	2986	2773	2608	2039	2120	1890	1897	1887	1684	1657	1099	798	1098	823	1267	567	935	511	405
GCT->G	C->G	8945	2.13050619918095e-09	30263274	650	854	543	654	595	589	508	596	504	478	414	367	360	261	216	329	188	253	152	230	105	99
GCT->A	C->A	8922	2.12502809492369e-09	30263274	671	801	616	740	666	620	467	546	453	465	417	399	399	236	186	235	197	287	136	195	107	83
CCT->T	C->T	47115	8.84858497117045e-09	38379891	3945	4146	2947	3723	3256	3258	2492	2588	2085	2436	2382	2122	2029	1423	1074	1452	1084	1530	784	1222	587	550
CCT->G	C->G	13802	2.59212925336081e-09	38379891	1002	1262	877	986	909	908	815	858	804	698	684	546	552	397	382	521	310	411	220	339	155	166
CCT->A	C->A	9950	1.86869193384582e-09	38379891	838	898	647	815	679	664	520	570	488	530	522	424	450	307	217	332	189	306	121	215	104	114
TAT->T	A->T	12403	1.85511719242281e-09	48191868	890	1160	962	1140	907	930	686	671	577	545	548	517	667	371	244	302	202	457	125	226	197	79
TAT->G	A->G	71440	1.06852835787056e-08	48191868	5313	6527	5136	6555	5496	5227	3946	3992	3679	3162	3296	3063	3817	2206	1387	1619	1226	2369	642	1344	991	447
TAT->C	A->C	7309	1.09320741428834e-09	48191868	535	678	500	710	581	519	421	398	341	320	343	290	389	223	131	176	122	267	72	145	103	45
GAT->T	A->T	14839	3.54332054341299e-09	30186486	1160	1270	999	1351	1154	1081	774	801	722	696	753	645	751	458	295	383	249	470	173	347	183	124
GAT->G	A->G	22465	5.36428977746295e-09	30186486	1781	2045	1482	1969	1655	1600	1228	1215	1162	1077	1100	988	1048	674	436	636	378	713	297	503	296	182
GAT->C	A->C	4456	1.06402293560538e-09	30186486	336	444	305	353	313	307	232	231	209	230	218	195	224	149	90	122	87	139	52	110	69	41
CAT->T	A->T	14894	2.56982431525284e-09	41775945	1184	1312	1034	1249	1125	1085	811	893	708	741	721	647	704	448	269	444	248	477	176	309	200	109
CAT->G	A->G	66514	1.14763860953892e-08	41775945	5231	6132	4440	5536	4833	4736	3579	3707	3283	3293	3177	2844	3371	2081	1393	1726	1258	2176	815	1524	802	577
CAT->C	A->C	11715	2.02131676199725e-09	41775945	863	1082	803	968	869	786	644	645	597	593	543	524	594	358	248	316	235	400	122	262	145	118
CAA->C	A->C	11569	1.93592379060372e-09	43075064	889	1056	790	980	859	844	601	638	626	576	576	482	576	318	205	320	254	361	155	240	139	84
CAA->G	A->G	23486	3.93008091849935e-09	43075064	1888	2082	1605	1911	1767	1741	1265	1243	1169	1202	1081	1052	1158	702	503	606	468	702	286	573	276	206
CAA->T	A->T	5777	9.66706866480914e-10	43075064	416	499	435	521	465	419	281	343	294	254	290	243	278	156	106	156	110	184	64	133	80	50
CAC->C	A->C	8810	1.93879530616351e-09	32753847	733	876	536	646	591	598	493	485	434	453	414	378	395	228	220	267	200	255	146	236	119	107
CAC->G	A->G	23551	5.18281137973403e-09	32753847	1909	2005	1483	1870	1572	1586	1355	1261	1142	1198	1128	1028	1084	761	569	702	539	766	395	629	296	273
CAC->T	A->T	7274	1.60077151612183e-09	32753847	583	646	436	600	473	462	400	449	373	383	373	325	305	249	179	202	152	220	119	160	106	79
CAG->C	A->C	10117	1.66862340288564e-09	43703054	826	925	664	741	629	693	568	548	528	537	493	435	462	330	220	322	218	294	167	291	111	115
CAG->G	A->G	32533	5.36575320411964e-09	43703054	2692	2975	2046	2333	2254	2209	1786	1698	1563	1597	1576	1477	1521	1006	737	965	786	1044	591	904	372	401
CAG->T	A->T	7165	1.18174228345118e-09	43703054	557	662	493	588	481	494	395	379	343	342	318	298	314	233	168	218	159	233	112	184	100	94
CCA->A	C->A	12712	2.27420593452508e-09	40290482	1044	1088	872	1018	918	866	696	697	586	642	594	581	588	392	276	375	273	389	189	342	156	130
CCA->G	C->G	9701	1.73553113363969e-09	40290482	777	882	636	696	624	611	512	526	565	509	475	377	405	321	251	337	239	279	165	250	129	135
CCA->T	C->T	37415	6.69362925112144e-09	40290482	2998	3414	2382	2839	2564	2558	2027	2028	1889	1926	1826	1646	1605	1171	852	1184	866	1113	626	990	444	467
CCC->A	C->A	11894	3.10460947375958e-09	27614636	944	1066	694	883	812	763	644	687	631	617	588	503	490	344	287	398	257	368	269	318	147	184
CCC->G	C->G	12138	3.16829912497846e-09	27614636	1036	1120	718	787	794	783	713	654	646	633	602	490	473	402	312	434	300	351	228	336	141	185
CCC->T	C->T	33148	8.65239573198106e-09	27614636	2804	2994	1944	2321	2224	2348	1782	1766	1616	1737	1702	1414	1273	1019	748	1105	851	1007	659	932	417	485
CCG->A	C->A	3215	4.50964682045798e-09	5138742	273	228	161	236	218	209	189	158	176	174	138	144	143	103	76	111	107	93	98	91	45	44
CCG->G	C->G	3219	4.51525757855497e-09	5138742	279	286	186	183	174	204	181	168	159	189	154	129	118	95	87	146	109	81	95	95	48	53
CCG->T	C->T	76783	1.0770270974035e-07	5138742	6587	6728	4494	5001	4730	4824	4435	3882	3718	4248	3632	3270	2958	2420	1791	2844	2368	2211	1870	2381	1039	1352
TCG->T	C->T	55422	8.99263381360752e-08	4442359	4630	4812	3402	3910	3629	3781	3128	3031	2537	3116	2578	2415	2381	1671	1250	1824	1538	1738	1117	1474	696	764
TCG->G	C->G	2914	4.72818283945948e-09	4442359	232	266	164	202	211	192	181	138	160	150	112	120	116	81	70	126	77	79	78	75	43	41
TCG->A	C->A	2898	4.70222164336087e-09	4442359	243	246	181	229	192	179	160	159	124	171	130	139	114	85	66	107	76	91	56	82	39	29
GCG->T	C->T	63410	1.04764153279914e-07	4362781	5386	5521	3747	4256	4004	4011	3623	3395	2973	3391	3036	2722	2427	2008	1522	2171	1983	1963	1505	1839	872	1055
GCG->G	C->G	1884	3.11268987193436e-09	4362781	154	147	98	116	113	134	108	95	96	105	84	71	86	61	46	70	69	62	51	52	33	33
GCG->A	C->A	4667	7.71068133350195e-09	4362781	365	413	261	364	307	297	248	227	245	265	208	196	186	151	110	166	123	142	109	141	76	67
TAG->T	A->T	4205	1.04307342702362e-09	29058252	328	417	305	370	327	302	250	235	197	186	188	183	218	112	85	99	58	134	38	88	52	33
TAG->G	A->G	20509	5.08737049104101e-09	29058252	1649	1845	1431	1759	1574	1477	1152	1075	983	989	976	864	1014	657	432	498	433	653	232	414	261	141
TAG->C	A->C	4465	1.10756786008572e-09	29058252	326	408	344	406	351	323	223	265	227	221	209	190	235	116	78	98	65	143	53	90	56	38
GAG->T	A->T	5876	1.15340736895584e-09	36721248	502	511	354	443	414	415	331	328	282	302	284	254	240	186	126	172	138	192	93	173	74	62
GAG->G	A->G	15823	3.105916405546e-09	36721248	1274	1439	1060	1163	1078	1033	878	920	770	798	748	680	756	477	358	472	345	474	272	420	222	186
GAG->C	A->C	6029	1.18343992978808e-09	36721248	508	518	373	440	390	425	368	327	311	319	288	259	253	201	148	171	132	202	101	141	92	62
GAA->C	A->C	7129	1.15091830066721e-09	44648049	550	642	484	558	529	544	402	386	377	342	335	306	354	204	173	183	134	212	78	169	103	64
GAA->G	A->G	19180	3.09645293965453e-09	44648049	1495	1714	1298	1599	1414	1459	1090	1062	935	928	971	858	908	570	388	474	342	657	219	416	251	132
GAA->T	A->T	6214	1.00319909108515e-09	44648049	474	578	415	560	450	446	372	371	322	284	291	295	295	178	110	162	99	217	75	117	77	26
GAC->C	A->C	2990	1.04117628219395e-09	20699759	236	264	196	246	203	194	127	157	164	160	140	136	155	80	76	93	69	96	53	70	41	34
GAC->G	A->G	13051	4.54461259495424e-09	20699759	1097	1193	870	1070	894	959	664	687	655	607	624	599	592	394	289	343	254	421	170	339	193	137
GAC->T	A->T	6654	2.31705250224699e-09	20699759	541	597	424	573	471	445	378	394	325	328	335	254	280	212	122	198	144	220	95	170	79	69
GCA->A	C->A	15608	3.56454425912017e-09	31561789	1225	1325	1032	1362	1151	1152	848	918	751	803	803	657	711	443	308	432	334	475	180	383	193	122
GCA->G	C->G	6916	1.57947130292639e-09	31561789	489	621	473	467	466	458	438	419	371	367	339	295	311	215	179	225	135	225	102	160	86	75
GCA->T	C->T	31067	7.09506000115879e-09	31561789	2480	2806	1989	2436	2206	2072	1707	1732	1569	1603	1468	1300	1456	910	723	953	682	957	502	803	383	330
GCC->A	C->A	14332	4.17454625216061e-09	24746620	1238	1271	846	1117	955	964	735	790	697	779	719	616	601	447	320	469	371	432	232	402	179	152
GCC->G	C->G	7674	2.23524057626853e-09	24746620	619	673	525	524	536	508	414	417	434	425	362	316	315	230	162	273	192	218	115	202	91	123
GCC->T	C->T	33247	9.68400357560591e-09	24746620	2612	2875	1979	2460	2199	2195	1849	1922	1615	1801	1663	1362	1400	974	766	1100	861	1040	663	977	462	472
TCC->T	C->T	34204	7.29432772819192e-09	33799478	2766	3001	2285	2652	2319	2286	1899	1968	1708	1749	1607	1469	1547	1028	742	1015	785	1046	577	930	418	407
TCC->G	C->G	11422	2.4358499389372e-09	33799478	863	1086	701	797	780	766	683	623	668	594	548	470	499	346	253	379	279	339	187	282	150	129
TCC->A	C->A	12767	2.72268395818694e-09	33799478	990	1097	838	984	907	880	699	739	642	650	626	549	586	386	281	425	242	390	186	367	164	139
TAC->T	A->T	4492	1.28032388268416e-09	25289385	345	371	319	438	321	327	258	247	218	227	207	192	220	130	92	85	90	152	69	82	73	29
TAC->G	A->G	23176	6.60569597174711e-09	25289385	1773	2095	1673	2121	1702	1689	1266	1235	1104	1143	1016	1053	1174	692	458	551	447	788	232	484	312	168
TAC->C	A->C	3842	1.095058850684e-09	25289385	269	384	284	312	254	263	210	200	234	198	204	175	189	116	83	99	51	134	48	58	47	30
TAA->C	A->C	8496	1.28672407839235e-09	47593478	619	761	571	775	673	616	479	485	407	404	400	357	456	282	181	233	115	309	74	141	107	51
TAA->G	A->G	27512	4.16670819735525e-09	47593478	2143	2437	1993	2410	2045	2055	1554	1483	1292	1314	1187	1148	1515	862	573	644	473	980	263	568	413	160
TAA->T	A->T	11040	1.6720143391539e-09	47593478	849	952	748	1043	806	866	643	560	509	521	510	442	611	352	228	284	226	354	125	189	164	58
TCA->A	C->A	12471	2.03969390045138e-09	44071177	969	1112	847	1136	891	906	654	716	632	607	613	496	622	379	255	315	251	418	131	248	187	86
TCA->G	C->G	12243	2.00240336967575e-09	44071177	897	1121	822	992	950	786	662	727	686	565	562	525	633	327	249	404	246	366	171	275	158	119
TCA->T	C->T	34425	5.6303794822419e-09	44071177	2743	3073	2285	2789	2533	2447	1968	1962	1658	1720	1640	1423	1638	1071	741	976	703	1080	479	767	422	307
