Context	X1mer	Count	Rate	context_in_genome	chr1	chr2	chr3	chr4	chr5	chr6	chr7	chr8	chr9	chr10	chr11	chr12	chr13	chr14	chr15	chr16	chr17	chr18	chr19	chr20	chr21	chr22
AAA->C	A->C	9809	1.52273370655026e-09	87271167	499	543	569	600	589	530	669	706	623	597	574	531	612	401	252	293	220	372	172	223	159	75
AAA->G	A->G	17302	2.68593522180982e-09	87271167	867	899	975	969	1020	925	1268	1214	1122	1033	1012	968	1092	644	455	588	435	674	282	439	264	157
AAA->T	A->T	5874	9.11870505890123e-10	87271167	255	294	318	374	327	343	413	443	400	346	350	324	396	224	139	187	131	224	105	140	89	52
AAC->C	A->C	3123	1.29378983859446e-09	32702297	134	173	204	153	167	185	228	230	219	169	172	170	197	116	71	107	88	120	54	83	49	34
AAC->G	A->G	12814	5.30855683373341e-09	32702297	652	674	697	773	755	784	884	917	762	816	768	659	759	468	308	447	273	532	191	365	215	115
AAC->T	A->T	3662	1.51708561925486e-09	32702297	159	195	211	238	219	218	239	284	226	220	193	224	241	117	94	99	93	164	59	92	51	26
AAG->C	A->C	4569	1.38199255564789e-09	44790454	254	220	264	258	284	240	309	332	287	281	288	230	299	179	108	145	89	201	59	119	70	53
AAG->G	A->G	12243	3.70315930374199e-09	44790454	636	680	674	612	636	709	851	851	789	768	712	650	794	431	335	431	300	486	197	361	205	135
AAG->T	A->T	2956	8.94105930071169e-10	44790454	140	151	181	169	175	167	184	195	203	185	183	160	178	121	78	90	51	131	46	80	55	33
AAT->C	A->C	5063	1.18623810898933e-09	57823725	271	250	306	304	302	294	349	379	303	295	283	259	341	206	137	152	112	204	67	122	82	45
AAT->G	A->G	31238	7.31892278266025e-09	57823725	1545	1693	1802	1777	1824	1741	2140	2335	1972	1924	1818	1650	2079	1236	801	986	685	1289	392	780	516	253
AAT->T	A->T	6308	1.47793600464245e-09	57823725	296	330	363	387	396	375	429	486	386	365	360	324	425	262	130	176	128	271	91	150	121	57
ACA->A	C->A	9472	2.82744916093455e-09	45385476	465	501	541	566	524	561	651	668	627	594	605	488	548	347	242	320	180	412	126	260	155	91
ACA->G	C->G	7482	2.23342215182774e-09	45385476	355	429	447	398	411	394	503	632	542	410	439	382	412	303	201	297	173	286	120	182	97	69
ACA->T	C->T	30129	8.99368832029108e-09	45385476	1485	1637	1652	1705	1716	1711	2021	2129	1867	1774	1859	1663	1824	1168	775	1007	744	1193	450	886	503	360
ACC->A	C->A	11112	5.95901908716002e-09	25263148	619	584	600	589	643	557	775	811	656	662	702	610	605	385	308	383	287	473	193	370	171	129
ACC->G	C->G	4330	2.32204397474828e-09	25263148	204	284	246	203	219	204	309	344	278	264	248	221	217	160	125	162	109	161	95	140	72	65
ACC->T	C->T	22830	1.22430170770215e-08	25263148	1302	1188	1182	1192	1218	1223	1572	1580	1413	1433	1416	1160	1238	881	577	847	650	899	454	718	371	316
ACG->A	C->A	2049	5.43253617614711e-09	5109864	135	102	81	105	93	96	150	145	109	149	128	109	129	74	46	88	58	92	42	54	33	31
ACG->G	C->G	1438	3.81258517388948e-09	5109864	64	92	75	74	71	73	113	86	106	93	65	78	69	56	42	65	35	54	33	40	28	26
ACG->T	C->T	46697	1.23808268334574e-07	5109864	2523	2554	2335	2289	2316	2259	3201	3203	2764	3180	2711	2597	2587	1741	1248	1836	1419	1892	1001	1537	755	749
ACT->A	C->A	5700	2.16385306337018e-09	35687580	306	312	330	331	304	327	361	454	383	345	371	310	315	218	125	210	124	229	71	128	94	52
ACT->G	C->G	7742	2.93904393273894e-09	35687580	374	465	410	424	448	390	529	648	548	447	424	397	421	285	208	319	185	300	127	209	112	72
ACT->T	C->T	22394	8.50128517563366e-09	35687580	1212	1188	1295	1267	1264	1209	1536	1601	1370	1407	1328	1245	1350	850	547	717	581	903	381	607	349	187
TCT->T	C->T	23400	6.34765342257619e-09	49942774	1261	1219	1325	1330	1316	1281	1551	1750	1375	1419	1460	1298	1401	919	580	750	614	915	368	648	386	234
TCT->G	C->G	12234	3.31868341759817e-09	49942774	610	721	663	671	637	612	820	954	948	722	701	703	581	451	364	489	266	424	217	347	188	145
TCT->A	C->A	9890	2.68283300637943e-09	49942774	515	540	555	650	598	578	653	743	607	570	579	557	655	338	231	295	205	423	117	236	175	70
GCT->T	C->T	19542	8.74828875017475e-09	30263274	1160	1001	1064	1101	1020	1113	1296	1397	1152	1208	1187	1117	1078	712	461	724	560	742	327	571	289	262
GCT->G	C->G	4661	2.08657117309203e-09	30263274	252	256	265	245	214	239	318	332	346	254	264	216	241	170	161	206	130	177	97	151	61	66
GCT->A	C->A	4755	2.12865177602502e-09	30263274	247	258	261	270	223	271	319	366	334	285	281	225	280	162	135	184	107	172	92	133	79	71
CCT->T	C->T	24387	8.60844385641518e-09	38379891	1413	1256	1315	1355	1235	1330	1549	1692	1463	1521	1496	1274	1305	919	691	893	733	914	510	798	393	332
CCT->G	C->G	6973	2.46142120846283e-09	38379891	352	406	347	322	307	387	485	551	476	458	399	363	332	271	209	311	207	244	151	211	84	100
CCT->A	C->A	5058	1.78543933348702e-09	38379891	291	263	260	281	270	264	317	383	318	331	311	270	264	182	128	200	137	192	90	160	85	61
TAT->T	A->T	5948	1.67211910625789e-09	48191868	297	314	338	376	352	357	413	465	391	327	354	324	431	200	143	163	121	227	64	139	113	39
TAT->G	A->G	37192	1.04555235036892e-08	48191868	1854	1951	2231	2281	2427	2040	2637	2746	2391	2138	2176	2078	2492	1363	879	1040	758	1568	391	885	601	265
TAT->C	A->C	3710	1.0429660195388e-09	48191868	186	189	237	225	244	212	247	278	243	213	195	206	226	138	98	90	71	173	43	88	81	27
GAT->T	A->T	6958	3.12278349022696e-09	30186486	372	365	394	387	432	404	455	561	414	403	384	354	443	261	160	227	156	301	110	191	112	72
GAT->G	A->G	11513	5.16708915248391e-09	30186486	623	620	613	662	633	605	802	850	719	703	703	674	712	427	277	355	255	483	188	306	176	127
GAT->C	A->C	2286	1.025967671552e-09	30186486	126	128	124	134	144	131	166	153	121	144	140	116	133	81	59	77	59	90	43	63	35	19
CAT->T	A->T	7374	2.39137046245993e-09	41775945	391	414	403	428	411	415	495	527	453	469	464	423	427	269	158	245	159	330	94	201	124	74
CAT->G	A->G	34451	1.11723764310018e-08	41775945	1823	1768	2040	1843	2024	1877	2445	2460	2202	2032	1991	1911	2106	1321	903	1088	858	1405	454	981	591	328
CAT->C	A->C	5792	1.87833166782857e-09	41775945	306	333	313	328	337	323	440	413	353	344	352	314	349	204	131	203	118	241	75	153	96	66
CAA->C	A->C	6019	1.89307762330383e-09	43075064	372	326	331	299	390	321	391	453	376	388	376	330	373	222	157	172	145	220	88	143	97	49
CAA->G	A->G	11942	3.75596161779272e-09	43075064	622	647	681	691	684	658	794	806	696	712	709	644	758	410	314	422	277	517	201	354	219	126
CAA->T	A->T	2852	8.97002389377393e-10	43075064	151	173	176	186	162	139	205	188	202	161	192	147	172	91	62	77	63	125	36	66	47	31
CAC->C	A->C	4466	1.84725313729311e-09	32753847	234	248	239	223	195	206	334	328	265	251	263	225	270	171	134	194	142	165	100	155	72	52
CAC->G	A->G	12224	5.05616264000694e-09	32753847	620	636	653	613	607	674	874	855	696	799	745	665	697	449	368	437	316	504	238	403	221	154
CAC->T	A->T	3398	1.40550070768518e-09	32753847	189	192	165	183	192	221	238	267	203	194	198	172	158	113	96	128	91	122	58	105	65	48
CAG->C	A->C	5316	1.64794683073828e-09	43703054	315	274	244	260	254	274	382	379	333	336	298	318	295	220	147	185	133	219	100	168	101	81
CAG->G	A->G	17190	5.32885741542346e-09	43703054	954	925	853	823	903	870	1186	1151	1024	1188	1016	907	956	640	464	606	550	725	386	563	267	233
CAG->T	A->T	3762	1.16621068044346e-09	43703054	211	188	193	184	216	197	245	283	244	240	215	245	236	105	90	135	113	119	78	112	63	50
CCA->A	C->A	6500	2.18565144212561e-09	40290482	343	359	361	360	362	357	431	475	406	433	349	353	361	230	174	228	178	230	107	198	114	91
CCA->G	C->G	5212	1.75255620251672e-09	40290482	288	313	246	248	277	282	327	357	352	339	349	253	284	202	143	194	148	194	103	158	76	79
CCA->T	C->T	19850	6.67464325018360e-09	40290482	1109	1084	1047	1042	968	1035	1285	1442	1213	1222	1195	1035	1032	765	551	784	605	770	402	672	321	271
CCC->A	C->A	6026	2.9563769969702e-09	27614636	337	331	303	293	304	284	364	446	388	375	408	319	291	247	167	257	170	239	137	175	108	83
CCC->G	C->G	6227	3.05498831067598e-09	27614636	377	359	311	283	272	288	396	451	461	397	316	301	300	252	156	269	197	242	162	235	99	103
CCC->T	C->T	19897	9.76153884977034e-09	27614636	1160	1056	1006	997	939	976	1258	1362	1166	1316	1262	1027	991	790	544	794	665	716	444	738	301	389
CCG->A	C->A	1655	4.36326102303984e-09	5138742	100	86	78	77	73	77	132	94	97	122	100	63	71	57	52	77	62	71	43	60	25	38
CCG->G	C->G	1676	4.4186256644198e-09	5138742	109	78	62	55	78	73	127	112	90	115	85	98	89	55	49	78	75	63	60	63	26	36
CCG->T	C->T	40241	1.06091834941478e-07	5138742	2554	2132	1799	1661	1788	1831	2790	2621	2378	2717	2405	2080	1827	1483	1141	1812	1526	1482	1197	1468	695	854
TCG->T	C->T	29317	8.94078980492986e-08	4442359	1631	1563	1507	1355	1428	1440	2047	1934	1700	1971	1744	1619	1592	1117	797	1136	943	1106	715	1016	470	486
TCG->G	C->G	1539	4.69348006610057e-09	4442359	79	66	83	77	74	69	105	97	97	115	95	77	73	62	34	71	42	68	52	56	22	25
TCG->A	C->A	1472	4.48915052456143e-09	4442359	81	85	62	80	74	75	87	92	88	93	86	88	93	53	42	61	46	58	38	46	16	28
GCG->T	C->T	33298	1.03401001686584e-07	4362781	1931	1746	1557	1436	1515	1619	2292	2258	1922	2189	1916	1832	1642	1175	942	1474	1273	1192	1001	1163	549	674
GCG->G	C->G	1003	3.11463765666538e-09	4362781	62	65	49	40	46	51	57	63	60	79	61	39	36	36	29	46	38	34	35	34	21	22
GCG->A	C->A	2546	7.90614902678969e-09	4362781	144	134	133	119	106	123	186	177	145	175	136	121	130	88	71	94	80	110	80	93	41	60
TAG->T	A->T	2157	1.00565882595028e-09	29058252	104	122	124	149	120	115	127	143	150	123	131	136	131	93	56	69	44	94	23	42	44	17
TAG->G	A->G	11057	5.15510878003349e-09	29058252	595	602	651	602	658	633	741	786	667	679	646	629	708	412	289	372	239	454	153	276	168	97
TAG->C	A->C	2251	1.04948447715071e-09	29058252	131	107	134	151	115	129	144	157	145	134	130	116	133	84	58	67	56	84	34	65	49	28
GAG->T	A->T	3133	1.15588059376543e-09	36721248	178	163	154	164	149	173	215	219	207	190	210	144	163	115	86	117	83	123	64	112	59	45
GAG->G	A->G	8453	3.11862708557268e-09	36721248	474	492	426	457	400	465	548	578	548	554	497	500	444	319	222	301	246	313	181	248	120	120
GAG->C	A->C	3249	1.19867732178228e-09	36721248	183	192	159	170	171	172	229	235	215	190	174	179	169	131	101	120	108	111	60	85	41	54
GAA->C	A->C	3728	1.13121050002988e-09	44648049	206	203	214	230	204	201	287	288	267	203	204	213	208	144	90	119	80	167	27	85	41	47
GAA->G	A->G	9561	2.90115439666998e-09	44648049	493	481	571	541	564	561	628	652	558	613	578	578	564	378	251	309	242	319	132	266	183	99
GAA->T	A->T	3021	9.16681040930865e-10	44648049	153	170	179	202	169	173	201	207	177	194	196	156	194	104	63	96	70	119	34	85	50	29
GAC->C	A->C	1527	9.99410155029484e-10	20699759	79	88	90	67	82	92	115	104	101	87	91	92	83	44	46	45	42	47	30	47	21	34
GAC->G	A->G	6583	4.30852459106686e-09	20699759	366	339	358	368	362	328	446	469	370	406	401	384	354	234	167	246	175	290	119	196	114	91
GAC->T	A->T	3054	1.99882031005897e-09	20699759	177	175	172	178	142	146	218	224	168	190	190	178	177	113	79	114	76	122	55	89	43	28
GCA->A	C->A	8055	3.45759357670751e-09	31561789	422	433	463	483	467	401	540	614	452	542	491	435	462	279	188	262	177	319	127	268	132	98
GCA->G	C->G	3607	1.54829795545425e-09	31561789	190	216	175	194	160	178	254	270	253	226	239	158	209	136	107	118	90	152	63	102	70	47
GCA->T	C->T	16800	7.2113683536544e-09	31561789	946	891	885	882	855	872	1160	1232	1030	1100	1035	886	925	654	433	591	459	651	296	508	266	243
GCC->A	C->A	7378	4.03917594678588e-09	24746620	428	420	353	380	359	385	521	483	438	480	456	407	369	270	181	302	208	291	168	236	115	128
GCC->G	C->G	4068	2.22707613872661e-09	24746620	234	235	206	201	171	206	300	301	258	247	237	201	194	163	131	182	122	141	84	134	66	54
GCC->T	C->T	18618	1.01926508237001e-08	24746620	1088	964	931	940	876	972	1231	1300	1115	1229	1163	1042	907	699	506	718	575	697	461	604	288	312
TCC->T	C->T	28184	1.12969874735419e-08	33799478	1528	1473	1457	1406	1470	1515	1922	1939	1633	1856	1751	1611	1566	1103	776	1036	815	1089	511	891	438	398
TCC->G	C->G	5948	2.38413573277843e-09	33799478	279	339	307	325	307	297	418	459	399	381	351	279	312	237	172	282	168	180	120	172	94	70
TCC->A	C->A	6538	2.62062532294979e-09	33799478	356	366	342	366	347	337	448	492	422	404	393	342	362	200	168	237	180	274	110	185	123	84
TAC->T	A->T	2160	1.1571388986293e-09	25289385	115	125	116	132	113	119	159	167	140	149	152	106	138	73	50	68	49	74	21	47	32	15
TAC->G	A->G	11584	6.20569305635267e-09	25289385	599	585	646	711	719	660	786	804	726	702	719	615	754	412	266	377	273	475	152	295	194	114
TAC->C	A->C	1680	8.9999692115612e-10	25289385	88	92	99	106	85	91	110	107	124	107	97	99	100	49	48	58	45	60	28	46	28	13
TAA->C	A->C	4238	1.2063783079034e-09	47593478	228	225	258	250	255	233	313	299	302	234	235	237	272	167	101	127	81	176	62	83	63	37
TAA->G	A->G	14412	4.10248328775456e-09	47593478	715	792	865	810	870	826	1054	1022	888	863	804	749	1006	552	361	450	318	589	174	327	271	106
TAA->T	A->T	5529	1.57387108645538e-09	47593478	291	282	311	322	338	321	393	369	362	343	312	318	346	187	137	177	136	221	90	154	88	31
TCA->A	C->A	6307	1.93882312835822e-09	44071177	323	325	382	406	382	360	412	435	365	377	418	348	383	244	129	201	139	267	74	163	112	62
TCA->G	C->G	6493	1.99600104208497e-09	44071177	307	397	357	347	326	333	496	497	457	387	379	327	383	231	184	256	157	239	108	163	95	67
TCA->T	C->T	19798	6.08606632237768e-09	44071177	1085	1093	1095	1148	1107	1043	1330	1435	1226	1215	1236	1130	1177	688	500	685	483	776	302	542	289	213
