Context	Count	Count	Count	Count	Count	Count	Count	Count	Count	Count	Count	Count	Count	Count	Count	Count	Count	Count	Count	Count	Count	Count	Count	One_mer
AAA->C	2529	2807	2359	3130	2408	2701	1953	1812	1735	1672	1736	1522	1721	1064	727	758	623	1132	517	686	514	327	1790	A->C
AAA->G	4305	4649	3975	4963	3878	4636	3352	3091	2753	2919	2716	2535	2800	1769	1159	1370	1175	1914	858	1284	832	562	2691	A->G
AAA->T	1649	1856	1521	2051	1579	1856	1380	1222	1108	1113	1091	943	1143	714	450	534	418	754	305	446	353	189	1112	A->T
AAC->C	1415	1374	1256	1585	1260	1432	1023	1004	817	903	865	728	841	546	366	454	361	541	315	406	246	190	830	A->C
AAC->G	3305	3467	2928	3925	3062	3596	2570	2342	2003	2238	2101	1883	2112	1403	860	993	914	1428	662	1013	628	442	2069	A->G
AAC->T	948	1091	884	1221	923	1046	759	698	613	664	633	514	662	420	257	301	214	420	151	268	199	113	715	A->T
AAG->C	875	1042	788	1058	786	966	715	671	602	592	563	512	593	410	256	312	225	427	158	256	178	127	499	A->C
AAG->G	3991	3839	3247	3971	3427	3966	2838	2595	2394	2611	2268	2108	2316	1535	1087	1279	1006	1563	802	1124	724	574	2280	A->G
AAG->T	1035	1135	1008	1270	952	1118	751	780	651	721	647	554	698	414	260	327	255	423	175	341	210	143	671	A->T
AAT->C	1177	1383	1169	1515	1118	1411	964	890	799	811	772	699	830	538	328	369	273	551	193	335	250	138	827	A->C
AAT->G	6294	7254	6052	7727	6137	6893	4950	4498	4320	4184	4175	3651	4368	2752	1682	1874	1454	2842	973	1744	1248	734	3796	A->G
AAT->T	1547	1784	1468	2046	1531	1634	1229	1193	922	1020	1047	927	1177	649	417	551	412	730	321	442	355	157	1069	A->T
ACA->A	2632	2744	2362	2963	2297	2855	1998	1793	1611	1728	1657	1393	1675	1108	662	778	707	1127	526	662	460	291	1951	C->A
ACA->G	2039	2381	1868	2284	1870	2245	1661	1632	1535	1379	1402	1189	1283	897	643	812	497	885	408	601	405	282	1509	C->G
ACA->T	7592	8073	7070	9225	7172	8614	5885	5306	4993	4987	4837	4379	5091	3183	1926	2318	1772	3309	1262	2044	1497	917	5125	C->T
ACC->A	1983	2045	1672	2083	1706	2058	1480	1405	1171	1275	1332	1153	1122	769	539	623	505	777	382	551	365	296	1091	C->A
ACC->G	974	1149	899	1033	811	1028	813	864	756	695	632	564	555	438	343	500	273	413	230	312	181	170	624	C->G
ACC->T	3736	3817	3075	3983	3102	3835	2706	2436	2284	2506	2268	2051	2176	1484	1014	1168	994	1519	753	1101	661	589	2113	C->T
ACG->A	757	812	663	859	604	759	549	527	450	521	483	416	438	312	206	258	214	334	165	199	169	105	447	C->A
ACG->G	709	757	621	784	578	693	569	565	543	530	495	439	412	328	250	362	236	310	216	279	166	171	465	C->G
ACG->T	10395	10955	8778	10762	8986	10657	7905	7000	6324	7379	6557	6093	6419	4288	2829	3447	2873	4672	2240	3305	1927	1742	5581	C->T
ACT->A	1251	1381	1187	1571	1196	1370	999	937	830	802	819	678	817	535	326	413	280	582	195	322	229	141	806	C->A
ACT->G	1613	1895	1566	1997	1521	1814	1366	1435	1336	1114	1146	973	1025	729	559	730	403	725	307	472	318	230	1125	C->G
ACT->T	5398	6068	5090	6586	5119	6187	4234	4025	3560	3576	3684	3156	3648	2293	1467	1677	1306	2509	953	1546	1105	676	3470	C->T
AGA->A	4766	4961	4014	5171	4183	4979	3637	3221	2839	3018	2911	2682	2961	1907	1200	1450	1230	2049	914	1322	894	584	3346	C->T
AGA->C	2354	2798	2231	2662	2105	2479	1991	1916	1809	1560	1620	1320	1502	1049	733	972	608	981	471	682	457	329	1574	C->G
AGA->T	1924	1994	1820	2399	1755	2123	1405	1326	1138	1186	1280	1140	1338	764	475	475	397	836	313	444	356	213	1376	C->A
AGC->A	3853	3944	3313	4376	3327	4252	2811	2533	2273	2571	2520	2229	2315	1579	974	1199	1011	1661	735	1143	724	562	2399	C->T
AGC->C	1040	1133	892	1029	859	1037	801	877	808	707	621	552	553	474	344	446	280	427	211	298	183	213	602	C->G
AGC->T	937	942	750	1009	796	890	676	655	599	620	567	476	551	383	256	335	234	415	186	241	170	131	538	C->A
AGG->A	4926	4987	4095	5237	3958	5045	3561	3299	2741	3376	3130	2678	2899	1922	1231	1583	1378	2004	971	1417	849	808	2791	C->T
AGG->C	1137	1266	953	1154	945	1133	914	904	832	802	737	646	603	489	381	548	328	476	240	373	203	222	650	C->G
AGG->T	1235	1345	1115	1468	1129	1248	922	865	857	818	804	710	744	537	372	429	313	502	253	397	232	186	760	C->A
ATA->A	1628	1885	1569	2007	1592	1666	1264	1191	1054	1076	1075	932	1125	681	395	531	448	716	346	388	280	166	1232	A->T
ATA->C	8034	9038	7727	9834	7970	8741	6164	5852	5233	5061	5280	4670	5682	3550	2146	2249	1876	3743	1239	2088	1607	851	5486	A->G
ATA->G	1473	1533	1393	1905	1442	1508	1063	1052	963	937	1004	898	1005	605	325	380	383	642	221	351	287	148	1207	A->C
ATC->A	1209	1338	1083	1479	1179	1293	910	824	708	794	863	658	856	522	271	368	289	549	187	323	227	120	804	A->T
ATC->C	2979	3225	2620	3337	2875	3377	2263	2098	1979	2083	2019	1736	1878	1280	825	1064	879	1360	606	900	593	421	1921	A->G
ATC->G	726	794	621	787	680	774	496	514	448	515	483	399	449	279	226	255	170	314	165	196	132	98	426	A->C
ATG->A	1422	1520	1302	1698	1306	1507	1056	1045	900	990	887	799	934	587	347	421	315	629	258	369	262	184	859	A->T
ATG->C	9111	9906	7916	9789	8168	9232	6826	6238	5668	6079	5658	5105	5605	3702	2445	2906	2466	3936	1838	2852	1715	1442	5080	A->G
ATG->G	1298	1403	1193	1421	1180	1427	1004	996	837	900	905	728	788	546	373	465	320	569	231	389	225	181	822	A->C
CAA->C	1402	1505	1317	1608	1260	1418	1111	981	944	927	893	845	873	585	407	473	368	600	291	407	279	181	892	A->C
CAA->G	4147	4362	3357	4153	3455	4177	3046	2722	2584	2751	2465	2348	2374	1606	1105	1284	1149	1662	1056	1283	725	700	2429	A->G
CAA->T	642	693	607	817	561	705	460	450	396	426	485	333	385	247	170	193	157	281	96	155	120	77	387	A->T
CAC->C	1316	1440	1001	1272	1022	1135	971	849	825	850	763	679	689	520	387	508	418	518	322	363	264	237	812	A->C
CAC->G	4803	4998	3756	4592	3940	4879	3662	3305	2946	3463	2857	2773	2678	1905	1420	1800	1562	1951	1533	1719	924	980	2742	A->G
CAC->T	855	903	683	859	694	840	603	569	479	560	540	477	479	328	211	321	227	356	189	241	132	149	573	A->T
CAG->C	934	1012	754	939	731	925	672	696	657	632	646	520	550	386	273	359	293	431	247	303	176	172	472	A->C
CAG->G	6111	6140	4795	5422	4713	5938	4568	3680	3475	4058	3478	3326	3144	2470	1674	2170	2052	2411	1903	2043	1055	1266	3353	A->G
CAG->T	943	981	715	1029	825	953	722	680	585	625	593	491	551	381	248	300	252	405	212	293	156	153	476	A->T
CCA->A	1533	1622	1331	1655	1328	1630	1128	1031	959	1039	1031	852	894	617	430	459	358	616	341	402	256	226	900	C->A
CCA->G	884	916	747	913	684	850	729	622	563	581	547	501	485	379	249	352	258	352	243	266	137	153	486	C->G
CCA->T	4006	4085	3313	4156	3361	4293	2963	2728	2467	2704	2466	2221	2396	1570	1016	1260	1068	1601	817	1280	729	607	2295	C->T
CCC->A	1225	1351	1042	1269	1025	1292	963	912	765	910	803	707	671	556	390	507	383	508	290	423	215	249	719	C->A
CCC->G	1054	1090	801	913	756	920	758	672	625	664	614	570	509	402	270	449	314	428	278	347	147	232	478	C->G
CCC->T	3632	3630	2862	3458	2879	3533	2539	2370	2108	2446	2144	1991	1884	1476	980	1250	1051	1458	885	1255	610	723	1883	C->T
CCG->A	692	692	541	631	516	687	500	486	449	509	429	438	399	278	211	275	222	310	202	234	134	118	383	C->A
CCG->G	485	525	319	417	341	466	340	282	289	330	255	248	258	185	134	202	205	191	184	182	89	145	238	C->G
CCG->T	8348	8053	6074	7129	6200	7717	6089	4895	4784	5655	4750	4604	4244	3281	2254	3014	2812	3202	2510	2813	1468	1822	4042	C->T
CGA->A	5600	5546	4548	5450	4559	5353	4194	3526	3268	3829	3364	3105	3130	2254	1519	1838	1643	2339	1363	1824	1045	1039	2926	C->T
CGA->C	647	685	499	609	462	582	487	418	400	413	361	348	305	240	199	274	199	228	189	191	111	142	385	C->G
CGA->T	401	450	360	480	335	421	310	278	271	316	289	255	269	188	132	150	101	203	99	130	91	82	254	C->A
CGC->A	6688	6731	5210	6251	5165	6385	5129	4190	4002	4687	4116	3874	3687	2745	1913	2402	2295	2804	2081	2386	1274	1454	3521	C->T
CGC->C	648	658	479	618	497	642	482	429	452	430	373	334	297	261	215	282	210	261	209	230	131	151	398	C->G
CGC->T	711	691	553	688	540	667	530	437	463	555	448	391	369	263	195	286	253	305	183	265	107	162	348	C->A
CTA->A	560	620	521	694	551	563	434	459	345	378	375	300	358	219	155	171	128	258	99	143	126	52	377	A->T
CTA->C	3142	3266	2675	3418	2752	3386	2341	2052	2018	1994	1975	1723	1835	1299	853	1042	804	1319	625	947	574	464	1920	A->G
CTA->G	505	511	435	569	455	524	384	338	310	318	307	327	299	202	140	162	117	230	86	146	102	74	296	A->C
CTC->A	750	851	642	797	642	794	600	524	484	506	469	418	477	340	218	275	242	325	186	214	159	122	520	A->T
CTC->C	2865	2901	2201	2557	2235	2753	1949	1760	1691	1856	1762	1530	1453	1158	740	1023	825	1088	675	884	493	556	1593	A->G
CTC->G	812	753	643	754	602	775	539	497	467	500	468	411	426	284	211	284	242	305	215	224	128	155	379	A->C
GAA->C	1144	1277	1069	1386	1067	1205	890	828	764	780	792	716	740	506	287	354	288	480	216	325	224	162	715	A->C
GAA->G	2983	3115	2494	3324	2652	3156	2241	2018	1793	2024	1880	1762	1809	1231	809	962	810	1227	597	923	564	431	1835	A->G
GAA->T	545	661	562	743	604	688	462	415	405	373	389	337	378	265	172	199	144	273	82	146	128	62	367	A->T
GAC->C	738	785	583	753	621	726	517	551	474	520	455	408	382	316	239	277	209	290	192	261	134	156	427	A->C
GAC->G	2363	2247	1952	2447	1993	2387	1705	1595	1363	1642	1416	1181	1308	945	634	828	673	1013	555	761	458	424	1447	A->G
GAC->T	645	672	562	698	532	688	483	427	407	429	443	370	382	270	180	232	172	272	114	160	104	89	386	A->T
GCA->A	1650	1687	1374	1826	1388	1666	1173	1107	933	1096	1016	934	990	626	399	488	397	618	280	387	306	207	928	C->A
GCA->G	931	1060	804	966	784	912	751	754	670	613	612	530	546	374	307	439	276	394	218	279	174	160	541	C->G
GCA->T	3278	3459	3033	3533	2961	3742	2449	2307	2094	2294	2214	1877	2087	1377	899	1122	894	1442	617	1025	648	471	2014	C->T
GCC->A	1157	1183	985	1151	998	1096	855	856	685	788	734	692	660	440	317	397	348	480	270	397	198	194	575	C->A
GCC->G	1021	1038	758	912	752	822	796	716	651	630	576	517	521	395	263	414	290	332	251	299	187	180	451	C->G
GCC->T	3311	3314	2533	3230	2631	3156	2428	2184	1926	2142	2058	1813	1825	1275	882	1128	975	1295	765	1037	633	591	1780	C->T
GGA->A	3622	3750	2977	3744	3023	3614	2608	2350	2119	2392	2291	2053	2115	1496	934	1155	955	1449	728	1098	627	513	2020	C->T
GGA->C	1018	1215	1002	1128	974	1131	914	894	800	792	719	589	665	518	382	525	322	451	222	323	220	218	596	C->G
GGA->T	1081	1138	928	1224	980	1135	811	771	668	708	640	596	638	444	310	368	250	482	209	355	165	150	630	C->A
GTA->A	577	614	517	602	525	593	417	400	342	347	356	297	399	225	123	172	127	232	80	148	123	50	358	A->T
GTA->C	2836	3092	2596	3428	2707	3094	2181	2107	1814	1836	1875	1688	1908	1274	777	930	724	1288	516	857	564	381	1884	A->G
GTA->G	731	732	654	821	663	782	582	545	499	471	470	409	449	290	215	241	172	296	150	219	142	102	481	A->C
TAA->C	1149	1318	1090	1495	1089	1301	883	878	807	740	814	728	800	458	277	309	231	504	173	313	236	105	735	A->C
TAA->G	3328	3502	3083	3997	3140	3612	2624	2410	2075	2102	2139	1855	2378	1404	921	972	781	1467	544	918	646	371	1960	A->G
TAA->T	1961	1969	1760	2357	1765	1972	1475	1341	1241	1289	1190	1141	1320	786	545	521	514	859	381	499	413	205	1146	A->T
TCA->A	1309	1453	1210	1731	1309	1506	1050	952	892	931	917	723	932	550	390	412	322	610	222	307	251	146	888	C->A
TCA->G	1341	1546	1272	1566	1245	1415	1186	1053	1101	900	904	811	821	643	471	520	362	606	311	388	271	186	879	C->G
TCA->T	3671	4000	3319	4532	3461	4231	2930	2624	2287	2525	2352	2245	2393	1561	982	1140	906	1662	678	1040	683	443	2127	C->T
