Context	Count	Count	Count	Count	Count	Count	Count	Count	Count	Count	Count	Count	Count	Count	Count	Count	Count	Count	Count	Count	Count	Count	Count	One_mer
AAA->C	4074	4460	3761	4917	3811	4297	3150	2938	2956	2768	2833	2499	2859	1743	1263	1348	1141	1757	934	1164	846	588	3376	A->C
AAA->G	7178	7441	6012	7588	6069	7176	5284	4920	4607	4789	4468	4177	4546	2969	2109	2421	2050	3000	1634	2116	1505	1004	5364	A->G
AAA->T	3302	3522	2781	3821	2929	3480	2424	2343	2182	2025	2108	1904	2246	1296	941	1049	861	1446	676	873	721	447	2726	A->T
AAC->C	2076	2113	1764	2316	1833	2054	1515	1450	1350	1361	1360	1127	1284	825	594	689	571	827	450	582	424	302	1591	A->C
AAC->G	4447	4651	3801	5151	4005	4589	3255	3052	2880	3017	2812	2474	2876	1835	1261	1368	1194	1843	809	1286	880	590	3336	A->G
AAC->T	1303	1572	1223	1693	1238	1378	1033	973	918	901	918	719	938	581	368	436	282	579	217	366	289	182	1203	A->T
AAG->C	1306	1486	1128	1526	1203	1326	1027	962	893	885	882	743	869	554	397	490	343	584	233	354	264	174	922	A->C
AAG->G	6005	6012	4708	6199	5014	5933	4383	3916	3788	3916	3558	3305	3581	2368	1756	2164	1652	2329	1303	1786	1160	952	4164	A->G
AAG->T	1476	1623	1355	1769	1353	1546	1062	1080	985	996	940	782	1025	616	399	468	337	624	250	472	322	231	1106	A->T
AAT->C	1711	1912	1581	2118	1575	1865	1324	1262	1218	1183	1124	984	1177	716	490	553	385	716	274	469	395	202	1467	A->C
AAT->G	8523	9730	7898	10280	8106	9122	6497	6026	6145	5732	5639	4910	5954	3637	2417	2672	1956	3674	1288	2255	1715	1035	6464	A->G
AAT->T	2933	3143	2576	3526	2716	2912	2170	2068	1852	1794	1832	1707	2032	1099	714	979	741	1286	561	707	646	343	2626	A->T
ACA->A	4797	5041	4089	5304	4174	4746	3645	3246	3267	3080	3026	2687	3050	1976	1365	1629	1377	1945	1084	1304	931	626	4119	C->A
ACA->G	3057	3488	2624	3387	2803	3214	2433	2414	2367	2119	2156	1746	1902	1377	1048	1231	733	1271	657	921	658	468	2597	C->G
ACA->T	11589	12522	10296	14051	10679	12472	8763	7838	7910	7552	7433	6739	7965	4922	3158	3736	2708	5111	1911	3078	2349	1459	9514	C->T
ACC->A	2901	2995	2380	3068	2488	2907	2070	2043	1884	1873	1865	1727	1716	1156	820	989	724	1109	583	864	592	425	2230	C->A
ACC->G	1373	1584	1173	1453	1146	1359	1072	1203	1058	964	894	793	777	599	521	680	405	556	309	411	325	243	1041	C->G
ACC->T	5300	5429	4225	5406	4318	5255	3728	3421	3412	3528	3199	2949	2972	2126	1516	1853	1429	2083	1054	1502	1100	958	3871	C->T
ACG->A	1068	1132	894	1191	947	1033	777	783	635	772	678	575	667	431	314	390	280	464	223	312	248	157	741	C->A
ACG->G	1028	1080	791	1096	886	898	796	809	782	748	687	589	611	454	342	495	310	441	297	350	211	241	749	C->G
ACG->T	13972	14753	11319	14418	12034	13489	10382	9380	8959	9821	8670	8110	8487	5706	4114	4910	3899	6097	2912	4358	2605	2380	9443	C->T
ACT->A	1769	1936	1599	2183	1658	1865	1343	1304	1286	1164	1162	942	1191	775	497	586	392	759	270	410	361	218	1430	C->A
ACT->G	2235	2549	2093	2670	2160	2382	1826	1960	1900	1513	1559	1294	1419	975	807	980	554	964	396	622	457	325	1890	C->G
ACT->T	7265	7996	6573	8631	6669	8034	5508	5163	4988	4742	4973	4180	4940	3051	2092	2328	1742	3251	1235	2012	1502	922	5503	C->T
AGA->A	9569	9388	7463	9515	7696	8929	6874	6053	5767	5955	5549	5265	5566	3681	2578	3216	2698	3690	2262	2615	1743	1327	7303	C->T
AGA->C	3552	4160	3159	3905	3160	3637	2855	2822	2821	2278	2465	2083	2187	1562	1170	1465	869	1388	728	1052	703	511	2811	C->G
AGA->T	2990	3044	2671	3598	2779	3064	2172	2019	1915	1849	1883	1703	2080	1214	749	835	608	1264	486	717	618	325	2774	C->A
AGC->A	5347	5466	4402	5968	4475	5477	3798	3520	3412	3464	3410	3058	3204	2199	1422	1750	1375	2193	974	1582	1110	821	4138	C->T
AGC->C	1422	1583	1158	1417	1175	1357	1064	1200	1170	969	873	742	794	654	502	646	407	570	292	414	281	281	1011	C->G
AGC->T	1317	1314	1034	1408	1130	1245	942	928	933	892	825	689	788	507	393	480	315	548	260	347	269	194	975	C->A
AGG->A	7425	7475	5862	7526	5849	7202	5287	4873	4453	4928	4493	4030	4269	2941	2046	2619	2092	2876	1599	2217	1443	1244	5395	C->T
AGG->C	1663	1891	1372	1682	1474	1568	1309	1289	1321	1207	1020	955	917	714	556	774	458	674	365	523	309	331	1252	C->G
AGG->T	1783	1855	1484	2026	1540	1752	1278	1282	1284	1190	1176	1019	1081	756	545	633	450	701	369	552	350	277	1313	C->A
ATA->A	3705	4041	3271	4236	3357	3623	2797	2576	2386	2367	2306	2208	2586	1479	1024	1218	955	1584	829	843	688	440	3449	A->T
ATA->C	12553	14218	11870	15459	12171	13142	9446	8874	8540	7817	8381	7444	9058	5564	3524	3828	2893	5793	1951	3186	2641	1392	10957	A->G
ATA->G	2305	2488	2050	2902	2246	2274	1658	1586	1544	1468	1550	1333	1628	895	592	673	586	1011	374	565	477	261	2212	A->C
ATC->A	1759	1916	1491	2124	1645	1796	1288	1162	1110	1122	1209	954	1206	735	431	539	382	752	259	461	360	204	1548	A->T
ATC->C	4204	4438	3426	4555	3761	4394	3035	2835	2861	2826	2785	2485	2635	1765	1194	1545	1211	1841	830	1252	961	718	3153	A->G
ATC->G	1012	1066	827	1071	882	982	712	673	665	653	664	549	632	387	314	341	236	419	198	290	213	167	702	A->C
ATG->A	2082	2153	1771	2391	1874	2053	1485	1437	1433	1401	1296	1132	1327	833	513	633	452	905	356	551	450	306	1596	A->T
ATG->C	12070	12961	10226	12890	10614	11753	8860	8247	7884	8090	7662	6830	7646	4917	3394	3978	3248	5169	2252	3672	2308	1798	8073	A->G
ATG->G	1841	2020	1584	1993	1684	1955	1440	1443	1357	1278	1300	1062	1135	782	533	679	483	778	334	542	366	284	1356	A->C
CAA->C	2288	2470	2020	2553	2004	2311	1749	1551	1664	1529	1476	1378	1413	941	697	786	645	915	463	644	490	317	1809	A->C
CAA->G	5497	5749	4217	5397	4448	5294	3933	3516	3577	3604	3276	3037	3199	2127	1559	1772	1506	2154	1253	1599	946	883	3771	A->G
CAA->T	894	1021	822	1195	783	1000	650	635	636	586	668	494	582	370	250	274	226	378	141	228	201	125	694	A->T
CAC->C	2616	2865	1885	2562	2044	2225	1940	1677	1849	1826	1540	1502	1375	1112	835	1181	883	1043	720	877	550	555	2017	A->C
CAC->G	6564	6800	4850	6242	5156	6263	4873	4348	4239	4564	3929	3678	3742	2671	2034	2543	2111	2655	1864	2252	1318	1304	4237	A->G
CAC->T	1377	1469	1143	1423	1147	1306	1010	985	851	961	887	779	848	599	425	576	397	585	270	406	286	291	1072	A->T
CAG->C	1379	1515	1035	1345	1127	1317	1016	1021	975	992	905	731	782	560	424	553	430	572	322	434	271	252	859	A->C
CAG->G	8030	8128	6075	7145	6148	7483	5879	4844	4856	5342	4600	4360	4323	3243	2396	3080	2733	3128	2347	2599	1422	1659	4968	A->G
CAG->T	1335	1376	988	1438	1134	1295	999	955	919	878	823	728	809	587	391	436	356	543	306	408	259	242	889	A->T
CCA->A	2338	2477	1858	2398	1903	2342	1687	1610	1570	1524	1626	1255	1378	973	731	765	558	909	499	664	458	382	1784	C->A
CCA->G	1276	1372	1046	1326	1082	1180	1012	918	915	865	763	709	660	546	411	522	388	479	319	390	212	234	872	C->G
CCA->T	5523	5743	4449	5735	4598	5691	3992	3806	3709	3726	3401	3059	3265	2236	1528	1934	1508	2154	1162	1697	1054	930	3993	C->T
CCC->A	1883	2017	1441	1902	1548	1878	1450	1369	1336	1420	1220	1073	1011	875	640	823	563	775	454	635	381	401	1347	C->A
CCC->G	1613	1650	1140	1357	1218	1367	1167	1014	1065	1035	924	846	783	645	499	717	495	613	411	540	238	324	969	C->G
CCC->T	5454	5321	3902	4965	4160	5086	3813	3407	3449	3642	3122	2930	2751	2176	1606	2016	1610	2085	1340	1858	972	1086	3674	C->T
CCG->A	955	1002	728	917	788	927	708	655	655	674	619	584	571	404	303	407	318	427	274	319	209	190	615	C->A
CCG->G	731	762	483	635	552	653	561	435	485	494	408	373	367	302	246	327	311	280	263	265	151	225	433	C->G
CCG->T	11349	11057	7953	9697	8454	10019	8199	6744	6904	7736	6431	6294	5737	4539	3423	4358	3948	4279	3323	3795	2133	2507	6945	C->T
CGA->A	7584	7565	5873	7282	6137	6987	5678	4746	4678	5231	4553	4241	4246	3111	2190	2656	2286	3036	1779	2422	1409	1428	5152	C->T
CGA->C	901	954	679	829	684	772	662	597	580	588	503	498	466	327	301	373	273	323	244	272	169	199	595	C->G
CGA->T	564	610	508	673	525	558	428	387	431	438	386	337	380	257	193	210	146	278	134	176	138	121	432	C->A
CGC->A	9332	9351	6858	8470	7209	8381	6973	5884	5951	6467	5607	5274	5049	3899	2849	3535	3247	3720	2807	3181	1883	2023	6199	C->T
CGC->C	1020	1020	685	908	801	931	719	656	732	746	578	528	509	426	375	447	337	372	324	362	208	242	628	C->G
CGC->T	1002	1044	759	976	834	913	753	655	684	825	646	544	559	404	282	426	347	419	273	372	186	257	620	C->A
CTA->A	808	928	707	999	792	812	602	616	554	523	550	433	539	332	230	248	175	380	135	206	206	86	658	A->T
CTA->C	4235	4465	3513	4566	3588	4393	3020	2823	2840	2742	2690	2307	2525	1758	1227	1399	1082	1724	781	1231	799	655	3022	A->G
CTA->G	693	737	599	804	618	706	516	471	504	439	428	411	451	272	194	229	164	310	124	189	140	107	512	A->C
CTC->A	1246	1363	1005	1298	1047	1261	941	842	884	843	783	692	740	568	378	490	396	519	284	355	248	232	953	A->T
CTC->C	4317	4298	3100	3919	3244	4036	2993	2640	2640	2814	2635	2343	2261	1749	1203	1643	1280	1727	1077	1351	832	843	2794	A->G
CTC->G	1129	1121	857	1052	940	1099	782	673	716	790	689	600	598	435	326	463	336	409	309	337	214	224	672	A->C
GAA->C	1590	1763	1376	1847	1436	1642	1188	1136	1105	1117	1108	924	1028	695	426	536	400	651	305	425	315	227	1123	A->C
GAA->G	4833	5102	3890	5144	4125	4956	3675	3196	2993	3258	2965	2853	2948	1926	1323	1727	1318	1935	1052	1448	970	751	3753	A->G
GAA->T	852	964	781	1067	851	948	661	614	647	568	606	500	594	372	257	304	204	390	132	217	191	103	707	A->T
GAC->C	976	1082	760	997	811	968	682	707	674	689	620	548	538	431	339	388	269	405	240	356	184	201	651	A->C
GAC->G	3175	3005	2458	3233	2554	3017	2210	2082	1906	2107	1875	1641	1768	1285	914	1146	900	1264	701	984	618	594	2251	A->G
GAC->T	954	946	776	960	766	901	673	614	603	657	579	522	540	388	249	347	216	369	178	236	163	122	754	A->T
GCA->A	2337	2418	1939	2638	1955	2313	1697	1595	1530	1552	1483	1317	1401	919	596	751	568	833	396	540	489	291	1777	C->A
GCA->G	1371	1455	1079	1306	1092	1267	1073	1066	980	848	857	734	769	562	459	631	384	535	290	414	261	240	903	C->G
GCA->T	4644	4787	3972	4903	3940	4870	3277	3161	3131	3143	3029	2628	2853	1848	1325	1591	1241	1891	833	1368	943	682	3427	C->T
GCC->A	1704	1769	1362	1666	1401	1545	1207	1191	1073	1155	1049	928	950	671	494	628	500	654	354	520	336	289	1080	C->A
GCC->G	1474	1456	1033	1309	1118	1176	1127	1006	940	899	803	748	747	627	455	681	428	496	358	447	275	259	789	C->G
GCC->T	4595	4654	3370	4497	3549	4276	3267	3014	3001	3012	2897	2453	2471	1843	1352	1671	1364	1776	1067	1395	1015	884	3273	C->T
GGA->A	5891	6134	4488	5754	4821	5490	4257	3707	3484	3856	3597	3268	3241	2474	1598	2035	1552	2241	1327	1738	1046	935	4415	C->T
GGA->C	1545	1725	1345	1632	1422	1610	1302	1276	1224	1129	1047	860	957	785	533	785	466	648	331	507	344	310	1114	C->G
GGA->T	1586	1667	1298	1774	1421	1548	1132	1076	1099	1067	951	886	942	650	480	575	379	631	299	503	307	243	1171	C->A
GTA->A	803	856	709	888	772	836	613	583	567	503	509	411	578	341	199	255	171	315	114	197	187	88	622	A->T
GTA->C	3862	4189	3398	4599	3546	4016	2819	2760	2544	2442	2546	2302	2602	1646	1155	1293	955	1731	653	1106	797	503	3024	A->G
GTA->G	1000	997	868	1106	887	1017	760	721	737	641	621	554	611	399	308	363	244	404	196	312	202	147	743	A->C
TAA->C	1560	1823	1494	2042	1547	1715	1210	1149	1158	1039	1093	994	1130	650	431	497	325	695	222	418	342	171	1227	A->C
TAA->G	4669	4888	4086	5492	4259	4813	3492	3274	3070	2839	2928	2555	3280	1896	1352	1365	1074	1960	732	1198	911	540	3264	A->G
TAA->T	3294	3362	2788	3814	3023	3387	2385	2212	2165	2171	1987	1901	2338	1384	908	963	861	1458	677	814	748	377	2721	A->T
TCA->A	2197	2286	1832	2603	2046	2260	1674	1493	1478	1450	1442	1243	1452	876	621	728	561	899	433	534	432	275	1833	C->A
TCA->G	1861	2172	1657	2115	1770	1889	1601	1501	1560	1313	1271	1110	1146	883	667	791	473	811	399	521	400	280	1498	C->G
TCA->T	5167	5497	4453	6058	4671	5712	3889	3606	3419	3515	3301	3012	3359	2147	1411	1675	1292	2189	890	1391	986	663	3776	C->T
