Context	GW_total	X1	X2	X3	X4	X5	X6	X7	X8	X9	X10	X11	X12	X13	X14	X15	X16	X17	X18	X19	X20	X21	X22	X
AAA	94898647	6884405	7877851	6142107	7646188	6510604	6425889	4894174	4711628	4172369	4197070	4067924	3913367	4560565	2699571	1771027	2006263	1709922	2870988	1039418	1803927	1165704	636892	7190794
AAC	35563702	2624245	2960935	2261940	2747168	2405555	2377546	1811619	1779461	1573051	1608691	1553660	1470532	1631639	1020458	685718	794883	663118	1063656	400346	732101	427930	270944	2698506
AAG	48600794	3652163	4081691	3088129	3701653	3276733	3232818	2461791	2446908	2157638	2226672	2146531	2015860	2188735	1396625	953370	1102707	923566	1447703	537026	1027269	572672	376860	3585674
AAT	62895909	4524402	5245864	4112591	5231232	4384301	4282170	3200082	3137133	2744150	2751098	2688691	2574111	3118887	1793605	1136809	1280588	1045719	1940415	590982	1157661	784513	387920	4782985
ACA	49313750	3640562	4119077	3091858	3759872	3311164	3253297	2509101	2472786	2182763	2256897	2154613	2023322	2257215	1422213	960551	1136910	933020	1482744	587742	1046798	600410	409634	3701201
ACC	27368809	2127235	2261376	1654639	1886373	1749467	1741940	1408093	1353652	1228466	1305053	1212081	1136664	1123016	795231	576906	720814	623077	778913	433831	658209	318962	295051	1979760
ACG	5494058	411815	451702	308390	364410	338662	344459	289869	270454	247897	277089	237057	224483	229699	159890	119913	163376	140168	165032	103752	140696	73482	73131	358632
ACT	38714420	2918605	3219666	2454014	2947748	2593531	2561090	1978634	1932872	1718486	1763499	1698518	1608645	1750938	1113777	760292	888677	754998	1147053	469983	814506	457900	312616	2848372
TCT	54171885	4093644	4524543	3406124	4064437	3622164	3575482	2759998	2718119	2408469	2490684	2405147	2250364	2402862	1558918	1069346	1263195	1062470	1602309	660532	1163859	638452	451828	3978939
GCT	32667459	2560120	2728578	1976025	2242384	2088979	2075217	1681987	1622942	1467056	1580686	1452904	1353239	1346905	951320	697625	864739	751359	936739	500705	798885	378117	357613	2253335
CCT	41416222	3289907	3445519	2478706	2779230	2617520	2617352	2135563	2051585	1867531	2006198	1861395	1720176	1661337	1210339	894866	1119237	982508	1171842	675501	1033404	473852	477659	2844995
TAT	52592205	3727217	4380776	3470795	4492029	3704651	3597687	2656791	2612119	2281222	2226278	2261216	2151053	2676297	1495105	919699	1013377	823921	1629922	445457	907933	664875	294146	4159639
GAT	32802916	2444180	2717769	2064477	2490256	2198589	2163344	1674855	1643169	1454531	1495394	1446152	1362834	1478958	939451	639014	768811	633042	973001	398686	693859	388880	268553	2465111
CAT	45421354	3343505	3802322	2863373	3499237	3077502	3000954	2295658	2282171	2011802	2081608	1985890	1868784	2093060	1299301	875908	1042278	833593	1371859	498289	957133	546717	355353	3435057
CAA	46885209	3484416	3900522	2975941	3583863	3155807	3107147	2388619	2340325	2072636	2129058	2044484	1939206	2124475	1340152	908323	1065404	892094	1388920	547952	982378	555695	362981	3594811
CAC	35399113	2724874	2935977	2109678	2438433	2257850	2243484	1833236	1760595	1586599	1704320	1567549	1465873	1480493	1030417	744051	949154	804537	1029935	567929	862006	425062	395097	2481964
CAG	47154815	3706270	3930989	2822996	3187407	2992357	2976178	2437863	2340624	2120873	2292605	2108130	1945291	1917412	1379804	1016142	1269420	1100156	1345749	761240	1175210	548190	546618	3233291
CCA	43613186	3409245	3613585	2620683	2953257	2775417	2749745	2245149	2152933	1963124	2109159	1938762	1806437	1763770	1269750	929296	1172423	1010685	1233244	698295	1081218	506003	489788	3121218
CCC	29743850	2409696	2464220	1713480	1846382	1816918	1818184	1529484	1453726	1362483	1481935	1349461	1220827	1114013	885962	670327	880992	776574	816207	558492	816335	348693	418012	1991447
CCG	5484230	439916	436699	288717	318379	311483	327314	298063	256689	255702	283241	239280	223378	201072	163147	130535	187224	178570	150940	146883	155819	72838	98714	319627
TCG	4779315	369428	382941	267736	307934	287743	297793	254820	229928	216638	242006	205041	196659	191760	138876	106306	146679	132011	137217	103229	123541	59765	66464	314800
GCG	4653143	372063	368436	243757	271955	264108	281065	254007	216712	217531	239963	200872	192299	172357	137803	112022	156774	153853	127701	128472	130959	60260	81845	268329
TAG	31610218	2361518	2633181	2039743	2474432	2152135	2117520	1601182	1578237	1400826	1407899	1389443	1315198	1455223	906087	605358	686486	579128	939020	338869	625012	371995	224754	2406972
GAG	39604036	3142516	3272367	2363964	2670315	2501021	2502814	2055326	1959675	1782068	1913865	1773741	1656071	1600666	1151952	847232	1077153	948376	1125331	669609	983248	455489	451435	2699802
GAA	48480958	3587962	4068975	3077782	3736121	3290989	3244632	2457686	2441173	2149404	2217213	2142139	2003931	2215900	1390444	937601	1084474	892112	1460932	515469	1006359	579306	370821	3609533
GAC	22395137	1727111	1869386	1362760	1581012	1450558	1437185	1142827	1118667	1002206	1071221	988544	920831	944480	651506	465744	574617	485323	652488	328533	530916	265528	232050	1591644
GCA	34136712	2624202	2855120	2062946	2392978	2203999	2181738	1757734	1702389	1525746	1642611	1509812	1408901	1444800	987228	713247	886016	751514	995801	497295	818028	401062	356550	2416995
GCC	26609459	2158202	2195613	1534970	1662120	1616665	1620784	1398107	1288883	1214898	1327046	1189935	1097003	1007356	782889	605233	793965	719276	729833	530256	715546	310982	370559	1739338
TCC	36534317	2853616	3039004	2198526	2502505	2338302	2331629	1872584	1818790	1642796	1766318	1637326	1516135	1495608	1064968	772455	964276	829249	1047217	556575	896492	422759	400545	2566642
TAC	27532258	2022089	2285451	1774477	2191578	1878740	1842414	1398071	1371055	1215656	1218053	1192492	1135891	1304099	788653	522249	591179	498265	827716	298475	535253	332289	192302	2115811
TAA	51694145	3728253	4318978	3409080	4360337	3619438	3540783	2627012	2582001	2253065	2240235	2202247	2117410	2598818	1480008	930009	1028288	848138	1602031	464967	928322	650024	301858	3862843
TCA	47797505	3585122	3981866	2996619	3602975	3192986	3143156	2443209	2395749	2120458	2198663	2102972	1980545	2149754	1370565	941375	1130955	935218	1424738	592034	1030411	568198	404089	3505848
