Context	GW_total	1	2	3	4	5	6	7	8	9	10	11	12	13	14	15	16	17	18	19	20	21	22	X
AAAAA	16034992	1195883	1297208	1012595	1224671	1057663	1059171	852983	777074	711121	721251	676340	672623	733192	452988	315472	378355	352380	462063	256244	318960	192606	131711	1182438
AAAAC	5188115	371604	432319	335968	416540	356964	352762	267431	258210	228488	228778	226105	212546	247314	146702	96166	107934	89687	156568	52564	98271	63608	33731	407855
AAAAG	6257996	454756	521532	406087	498823	430253	426973	321060	313107	277277	276864	272089	260092	294793	177371	116950	129949	109384	187708	63705	118768	75165	39901	485389
AAAAT	10163213	721488	844280	669138	860537	710806	696238	526412	501217	441898	440295	422472	412645	519302	288844	181851	200358	171683	316278	103170	179880	130331	61141	762949
AAACA	5867803	422352	490651	378214	469702	402978	398112	299489	293344	257712	260233	253834	239505	282800	168122	108740	124586	102455	179450	59170	113507	72602	40371	449874
AAACC	2971882	221372	246089	186407	219676	197287	196533	152054	148227	131592	136968	130342	123540	129556	85010	59413	69562	59846	86236	38710	64376	34747	25047	229292
AAACG	506780	36158	42052	30096	37147	32853	33178	26290	25521	22496	24797	21854	20585	23397	14466	10753	13486	10588	15703	6777	11528	6840	4884	35331
AAACT	4345188	313738	359508	283075	351657	299914	294753	225710	217748	191820	189684	194376	182530	205956	123535	79839	89228	74026	130642	41642	81955	52343	27399	334110
AAAGA	6592307	482159	547563	425053	522757	451665	446953	336331	332827	290481	293389	289127	274483	304931	187424	122907	139909	116256	197606	67826	127714	78412	43031	513503
AAAGC	3066410	226499	260418	196176	235285	208871	205346	155004	155938	135831	140641	136614	126583	139891	88072	59954	67643	54754	92752	29885	63330	35758	22223	228942
AAAGG	3736487	280310	315381	237128	280148	251676	249514	188696	188026	167095	171256	168334	157349	164345	107764	74017	84062	70345	109473	38518	79169	42859	28580	282442
AAAGT	4379001	321177	364823	284966	352135	301118	297541	225462	217954	193823	193491	187952	180911	210108	124677	82118	92298	79216	132691	46872	83795	53740	29133	323000
AAATA	8524018	602225	708121	562411	734649	598566	585329	439718	420415	367425	363666	358601	348639	444192	241246	148902	164282	138300	267087	80357	146674	110504	48362	644347
AAATC	3686753	265671	310713	239878	301124	256942	251826	186417	185894	161536	163319	157446	150274	178551	105364	68201	74895	60505	114260	32137	69900	45391	22555	283954
AAATG	5998651	431179	506300	390098	489306	418218	407231	300611	300694	265065	268518	257274	243240	292425	170770	112282	126079	98848	186440	51666	115339	73081	36978	457009
AAATT	7106742	503309	591798	474419	613893	502394	492335	366157	351791	307871	302851	295118	288367	367249	203739	124479	133705	113250	221806	65102	121718	92033	38782	534576
AACAA	4928136	359630	409750	320157	395324	338995	334618	248598	245145	216569	216438	210497	200926	234588	139992	90958	102546	85925	148182	50333	95362	60088	32010	391505
AACAC	2586550	188409	217186	162132	196870	173565	171487	131562	130539	114118	118687	114257	105604	119418	76179	50438	59372	47984	79031	28621	54368	31629	22968	192126
AACAG	3329955	247059	278411	209553	251785	225158	222579	168904	167903	147392	152930	147616	137732	149125	95703	65007	75776	61823	98682	37114	71267	39260	26327	252849
AACAT	4139173	297615	345752	267673	337376	286252	279871	211370	206918	181861	181808	175356	168824	202723	118377	76113	86042	71039	127323	42510	78142	51469	27053	317706
AACCA	2849242	210308	238885	181355	215197	193246	190294	142303	142858	126306	130446	124662	117794	126244	81381	55856	63835	51891	84172	29818	60774	33580	21400	226637
AACCC	2033209	160701	165887	122101	134392	127195	128813	105133	98958	91746	97776	89312	84686	79523	59381	44179	56170	50533	56344	36870	50932	23099	24314	145164
AACCG	244644	18510	20100	14127	16330	15151	15595	12743	12142	10863	12264	10793	9825	10180	7012	5455	7007	5999	7252	4232	6131	3180	3038	16715
AACCT	2569245	196050	211894	159336	186217	167784	167782	131973	128046	114211	118764	113789	108404	110210	73514	52233	63243	55596	74286	37225	57055	29590	23181	188862
AACGA	356903	25390	29656	21316	26303	23346	23597	18368	18045	15963	17445	15423	14692	15977	10353	7434	9080	7116	11003	4571	8015	4470	3314	26026
AACGC	231658	17288	19346	12861	15462	14565	14807	12099	11518	10465	11994	9887	9510	9831	6829	5173	6795	5566	7208	3874	5815	3143	2903	14719
AACGG	278800	20842	23234	16130	18577	17517	17672	14135	13814	12619	14122	12412	11259	11965	7919	6194	8142	6542	8327	4463	7081	3763	3425	18646
AACGT	462876	32741	38378	27789	35063	30360	30199	24138	23712	20657	22283	19901	18670	21619	13223	9181	11924	9334	14770	5752	10298	6180	4088	32616
AACTA	2649658	188404	219911	176374	224029	187047	183420	133613	132889	116290	111925	116778	110453	129405	75617	46762	48895	40389	79545	20459	45236	32208	13623	216386
AACTC	2543030	194541	209279	158498	185948	166189	165587	133188	127153	113005	118326	112585	107855	109784	72985	50878	62249	53635	74001	35131	56171	29255	21625	185162
AACTG	2821060	210287	236772	180244	216996	191933	188713	143936	142400	124656	128229	126832	117829	128321	80592	55094	62896	50818	84826	28455	59274	33403	20756	207798
AACTT	3363641	243333	281800	221161	277694	235238	230840	170573	168617	148607	147243	145903	139312	164606	96434	61358	66985	55599	103455	29016	62643	41441	19611	252172
TTCTT	6585104	481261	550740	426508	525567	452973	447658	334846	332022	290272	293047	287003	273829	308114	187486	122007	137944	115457	198412	65624	126751	79143	42963	505477
GTCTT	2769272	208547	230906	174010	207889	185101	182542	141253	138948	122478	128092	121062	114635	121545	79657	54702	63992	53674	81908	33652	59091	32539	22235	210814
CTCTT	3793053	289275	318788	239168	284694	254414	251749	191660	192172	169240	174923	168969	157561	166914	108823	75071	87997	73425	112189	43353	82258	43720	29895	276795
ATCTT	3571825	261214	299909	232342	287706	246824	242250	180935	179584	157926	157972	155724	147778	171147	102001	67088	74917	61669	108748	33958	68623	43547	23091	266872
TGCTT	3537632	264760	298683	224073	269529	239661	234765	178649	178573	156246	163116	156623	146350	161338	101306	69618	79958	66524	106661	36799	75345	41772	27309	259974
GGCTT	2143644	166770	182739	131533	148297	139808	137005	107273	108672	95929	104495	95689	87798	88538	62074	46078	55723	46058	61499	27826	52821	24619	21915	150485
CGCTT	368401	29196	29343	20098	22581	21642	22627	20204	17872	16978	18815	16026	15328	14288	10749	8701	11755	10913	10218	8819	9840	4468	5200	22740
AGCTT	2673740	201274	226528	170284	200916	180304	177300	135366	136033	119363	123586	119907	111610	118380	76978	52656	61430	51091	80287	28464	57497	31071	20767	192648
TCCTT	4014742	303625	339362	253194	298614	268337	267277	202120	203513	178520	186303	180939	167394	173864	116185	79680	92168	76340	117917	43649	88462	45746	32491	299042
GCCTT	2204271	173016	186686	134529	152719	143193	141364	110471	110210	99166	106503	98934	91032	91135	64617	46833	55904	47996	63931	29555	52699	25262	22294	156222
CCCTT	2460183	193994	207564	151463	169096	159967	159328	123142	123058	110887	117308	112441	102661	99366	71599	52217	62930	52657	69690	30677	59639	27525	24388	178586
ACCTT	2318375	176155	195577	146117	172852	154052	152294	117571	117133	102760	106908	103738	96047	102908	66995	46677	54279	45747	69081	26746	50542	27075	19256	167865
TACTT	2984953	217753	249297	198411	250914	208280	204633	151441	149128	130670	128191	128264	122788	149578	85660	54462	58434	50082	92002	26796	53148	37042	17139	220840
GACTT	2272913	170590	191755	145956	174246	155488	151685	113062	114821	100732	104773	99985	93454	102128	64928	44246	50453	41155	67450	22306	48449	26849	16789	171613
CACTT	3296838	253330	271616	204013	239696	215019	213476	170989	164374	147245	154248	144600	138155	143936	94119	67272	82430	70483	97190	47110	74420	37935	29692	235490
TTATT	6957662	497240	576655	461513	599395	489165	476394	351456	345232	300383	295277	295201	284073	357061	197526	120699	135775	111159	216520	63092	120639	88385	38574	536248
GTATT	2996844	215521	248218	195774	247442	206677	203938	153153	148338	131675	130282	126979	122689	148169	85329	54960	60922	52109	91254	31211	54837	37267	19247	230853
CTATT	3145326	227264	263090	207992	263154	220726	215875	157314	157607	136931	135601	135203	129470	154892	89074	56356	61171	49744	95569	26145	56059	38118	17548	250423
ATATT	5864538	405797	489046	392290	527039	422370	407604	300706	292540	252336	242076	248639	239000	319255	166584	97709	105348	84269	187251	42941	92415	77840	28512	442971
TGATT	3691477	265715	309146	239958	299395	255936	249491	186913	185572	161125	163986	159244	151634	178120	104807	67728	78195	61326	112661	34381	71115	45137	23530	286362
GGATT	2607961	200800	212301	159517	185693	168167	168600	135979	128885	116199	122439	113500	110287	109627	76142	53406	66837	58489	74582	41576	59063	29440	25893	190539
CGATT	348676	26187	27735	20155	24161	21660	22477	18550	16870	15614	17163	14593	14228	14964	10047	7408	10164	8803	10256	6634	8211	4298	4060	24438
AGATT	3403627	249603	284727	221831	275749	235167	231073	173637	170846	149547	149991	148321	141300	162261	97635	62660	71024	59025	103809	33112	64718	41169	22149	254273
TCATT	4489992	325977	377185	291321	365649	312231	304360	224805	225891	198084	200160	195995	183358	217533	127172	83304	95692	73790	138926	38802	86186	54282	28415	340874
GCATT	2615634	190243	220462	165956	203530	179088	174075	132545	131982	115892	119239	116726	107938	122250	74404	50448	58639	45875	79965	25413	53883	31051	18516	197514
CCATT	3302920	244496	273534	208054	249003	223039	217244	165715	164067	146019	157868	146309	136011	145932	93951	63605	77236	60671	96443	35193	71518	37792	25823	263397
ACATT	4214900	299319	355481	275692	352914	295441	287636	212635	211948	185062	184494	179352	170297	212394	120904	76421	83996	67110	132334	35577	78129	53439	24870	319455
TAATT	5151277	367579	429125	341590	447078	363618	353576	265380	254995	221604	220220	215130	209099	267347	147426	90266	100457	84377	162286	48451	88461	67363	29301	376548
GAATT	3432876	249606	288379	223242	280279	239217	234942	174590	172118	151364	152686	146741	140526	165839	97840	63429	70061	58074	106058	31769	65054	42900	21720	256442
CAATT	3252923	233268	272885	212661	271092	227660	221118	164591	162817	141033	143107	138226	132928	160773	92030	58267	65017	52439	100877	28650	59878	40141	19054	254411
ACAAA	5914994	431027	487708	380086	467783	402957	397272	303289	293757	260649	260140	256672	244231	277727	169048	110260	126381	106660	176315	66547	114385	71392	42570	468138
ACAAC	2051988	151639	171915	130892	157235	138882	136754	102920	102692	90684	92750	88980	83803	93681	58717	39737	45260	37227	61607	21970	42711	24506	15074	162352
ACAAG	2566846	192132	214758	163072	194387	172326	169985	128796	129266	113190	117824	112772	104285	114453	74024	50778	57910	49185	75739	28916	55980	30451	20742	195875
ACAAT	3343846	239854	278801	218140	277619	233409	227357	168996	168325	146121	144966	142787	135314	166034	95016	59663	66821	53464	103553	30162	61058	41340	19751	265295
ACACA	4615288	336669	391186	279878	343102	307030	299129	232129	231623	204960	217749	202590	188642	211103	135016	91419	112931	88921	141774	56248	103221	58788	42517	338663
ACACC	1947175	150243	160931	115028	131200	122452	123408	101234	97159	87364	93934	86022	80749	79167	56571	41516	53239	44302	55626	33443	47883	23346	22626	139732
ACACG	483005	35787	40228	26404	31557	29759	30032	25187	23833	21939	24863	20591	19596	20223	14169	10555	14926	12114	15054	8815	12905	6771	6922	30775
ACACT	2535337	187028	212504	158696	192308	170376	167872	128100	128171	112265	115674	112957	102843	115552	75368	49567	58070	47147	77090	27604	54276	30672	22888	188309
ACAGA	4236190	318896	351163	261325	309597	280008	276316	217294	212864	189827	197822	189544	177376	184381	121700	84689	103240	85499	124064	57094	94076	49882	38280	311253
ACAGC	2253406	173529	192075	136175	156104	146758	144720	113426	114353	100332	110822	99559	91382	94933	65691	48211	57965	47581	66478	30112	56084	26833	24457	155826
ACAGG	3073701	244877	252042	180122	199609	190004	191288	162736	151265	138206	151434	135276	128026	121048	89459	67753	87768	78623	86481	60404	78861	35580	38404	204435
ACAGT	2733110	203691	229329	172714	207682	183783	179925	140176	137366	120865	126137	120885	112267	124649	79131	54112	63476	51320	81936	32415	58567	32532	22339	197813
ACATA	3623445	256108	301811	236499	306064	253106	245525	181986	180388	157888	154351	156608	148271	182562	103708	64020	70359	56340	112535	31807	64155	45799	21763	291792
ACATC	2132380	155941	179540	133985	161165	143947	140429	108176	109250	95198	98248	95023	87894	96631	60703	41801	49992	38778	64681	23389	46587	25649	17064	158309
ACATG	3342435	245622	279022	207869	252737	224460	219352	169541	168210	147421	154404	144173	138257	151325	96065	65372	78754	64133	100029	40340	72900	40509	27255	254685
ACCAA	2672227	197481	222771	171327	205621	181630	179839	133830	133635	117537	120692	117112	109834	118761	76415	52079	57307	47782	77639	28041	54508	30697	19420	218269
ACCAC	2343185	183449	191850	140695	157443	147568	147560	122658	114897	104938	111918	102701	98280	93633	67641	49773	63671	55537	66231	41131	57028	27689	25970	170924
ACCAG	2365488	186327	197241	142094	159569	150374	149984	121449	116977	106916	114893	104593	97267	94407	69546	50843	62731	54562	67192	37039	59440	27014	26349	168681
ACCAT	2816957	211875	231332	174892	206812	185319	183194	145587	139513	125883	130620	122843	118878	123220	80372	55617	68714	58437	81864	38327	61086	33014	24542	215016
ACCCA	2682370	209342	221372	160424	178391	170323	167845	136656	132543	121026	129485	119644	111407	105691	78632	56906	73946	61589	75093	45119	67702	30722	31739	196773
ACCCC	1675947	136280	138320	95760	101848	100609	101138	86337	81480	77400	82887	75969	68659	61222	49871	38078	50910	45224	45184	33470	46904	19728	23941	114728
ACCCG	389784	31168	30442	20294	22251	22003	22910	21381	17869	17942	19940	16906	16154	13884	11361	9331	13325	13372	10646	11560	11185	5032	7098	23730
ACCCT	1979794	156394	165931	119116	131665	125734	124358	100123	99329	88736	96369	89114	81802	77781	58573	42795	54881	45989	56010	30867	50896	22656	23424	137251
ACCGA	235142	17926	19381	13379	15663	14436	14913	12076	11795	10675	11876	10396	9395	9653	6865	5124	6879	5824	7131	3950	5939	3015	3114	15737
ACCGC	281907	22435	22103	14927	16833	16296	17242	15421	13150	13154	14165	12278	11747	10531	8237	6678	9269	9035	7654	7576	7743	3607	4749	17077
ACCGG	209315	16500	17076	11279	12734	12186	12923	11026	10324	9529	10936	9375	8314	7810	6270	4848	6767	5783	5914	4546	5807	2852	3556	12960
ACCGT	330086	25251	26787	18440	21108	20153	20635	17450	16215	15161	16584	14284	13702	13856	9501	7529	9924	8808	9616	6691	8692	4521	4716	20462
ACCTA	1794785	133585	150041	116148	140201	122951	120113	89537	89878	79019	79056	79425	74682	80933	51525	34271	38347	31220	52548	18466	35532	20649	12385	144273
ACCTC	2517483	204149	204036	147659	162547	154747	156132	132819	122343	113318	122322	111442	106377	98494	73292	55628	72291	66201	68989	49907	64215	28696	30853	171026
ACCTG	2619942	208348	215804	153846	171498	162356	162171	137195	129686	118342	129988	116375	108505	104698	76193	57858	73941	64952	74275	48234	67764	30452	32458	175003
TTCGT	369367	26488	30703	22232	27532	24277	24379	18929	18412	16520	17642	15928	15117	16793	10702	7640	9216	7554	11456	4625	8156	4790	3390	26886
GTCGT	182188	13229	15285	10338	12263	11369	11693	9540	9301	8002	9132	7796	7386	7737	5318	4013	5345	4281	5649	3021	4781	2364	2159	12186
CTCGT	368270	28084	30115	20805	23688	22627	22908	19330	17915	17128	18511	15950	15480	14806	11029	8077	10773	9572	10977	7259	9413	4694	5049	24080
ATCGT	329523	24082	26971	19293	23592	21213	21254	17106	16370	14532	16192	13901	13339	14796	9497	6942	9008	7338	10231	5266	7697	4149	3541	23213
TGCGT	332878	24506	28326	18150	22105	20531	20791	17476	16685	15133	17308	14341	13437	13731	9580	7142	10399	7915	10240	5633	8926	4653	4742	21128
GGCGT	483375	39927	36947	25106	26918	26480	28190	27220	21517	22366	24194	20207	20814	17288	13856	11812	16559	17871	12843	16246	13388	6185	8734	28707
CGCGT	61716	4823	4932	2940	3425	3367	3769	3422	2722	2909	3504	2494	2498	2138	1776	1493	2258	2269	1803	1939	1752	960	1442	3081
AGCGT	301034	22859	24928	16659	19311	18463	18933	15778	15150	13606	15933	13265	11813	12488	9000	6883	9240	7609	9335	5266	8087	4047	4296	18085
TCCGT	377806	29001	30934	21401	24209	22899	23369	19563	18255	17044	19451	16513	15543	15316	10905	8433	11414	10231	10999	7599	9943	5073	5363	24348
GCCGT	239439	18383	20096	12586	14418	14040	14526	12660	11780	10939	12960	10612	9343	9390	7197	5623	8146	6582	7304	4804	6949	3426	4203	13472
CCCGT	384434	30733	30949	19816	22075	21951	22824	20894	18236	18009	19812	16813	15695	14129	11296	8942	13251	12017	10576	10275	11162	5126	6814	23039
TACGT	384985	26912	32283	23934	30414	26146	25428	19745	19526	16840	17695	16560	15563	18687	11076	7436	8946	7135	11936	4074	7675	5160	3008	28806
GACGT	280434	20437	23373	15470	18376	17354	17540	15101	14261	12193	14620	12311	11482	11718	8193	5878	8502	6740	8617	5007	7458	3862	3697	18244
CACGT	578352	42182	48404	31926	38106	35815	36354	30180	29102	25580	29932	24978	23466	24028	16960	12276	17690	14180	17861	9770	15616	7923	7514	38509
TTAGT	2579447	188758	213418	168164	211576	177699	176008	131986	128517	112831	112136	109793	106325	125969	73993	47184	52591	46112	77920	27466	47096	31638	16651	195616
GTAGT	1551124	115283	127144	99285	121604	104873	102954	79324	76206	68869	68182	67808	65196	70610	44585	29796	34157	29160	45333	18367	30108	18100	11141	123039
CTAGT	1483705	111122	124107	97192	116584	101882	100603	74348	74211	66322	65283	67773	62382	67231	42510	28221	30721	25801	43328	13645	28170	17125	9600	115544
ATAGT	2426331	175246	201186	162108	204374	171133	166121	121001	120908	106559	101884	104220	100969	120958	68972	43237	45877	37813	73154	19474	41893	29677	12824	196743
TGAGT	2740284	206904	229575	170519	203129	182508	178140	137932	137924	121924	128029	121157	113625	121108	80014	53993	66758	53926	81343	34335	61844	32700	24985	197912
GGAGT	2408535	195660	194510	141473	156015	146780	150358	128566	116640	108361	117335	105531	102242	93967	69506	52457	69089	64431	65736	49700	60920	26891	29025	163342
CGAGT	333073	26434	26433	18461	20791	19303	20376	17807	15862	15106	17552	14068	14031	13022	9532	7473	10231	9632	9410	7795	8875	4258	4824	21797
AGAGT	2741825	210853	228267	172342	202988	181252	179439	141169	138210	122268	126200	122686	115247	119799	78656	55096	65805	56033	80951	35685	60291	31705	23253	193630
TCAGT	2802967	211973	237819	178526	214893	190245	187268	140417	142352	124234	127979	122736	114571	127991	80784	55891	63113	51061	85156	28681	59154	32714	21987	203422
GCAGT	2448574	191511	199814	145937	164794	152309	153821	131240	120410	109631	117861	109447	103687	99475	71198	52723	66381	60398	69730	44702	59035	28108	28497	167865
CCAGT	2354444	181781	197634	145641	166032	154743	152536	118613	117866	105745	111527	105209	96450	97181	68238	49014	57761	48210	67215	30225	55880	26866	22689	177388
TAAGT	2502284	182109	208928	164589	209808	175155	170978	125185	126418	109592	108734	108920	103200	124513	71853	45182	49587	40115	76966	20299	45473	30921	14095	189664
GAAGT	2539119	190816	212888	162242	195194	172210	169689	127707	128343	112844	115854	112871	105660	114754	72924	49762	56373	46908	76255	26257	53659	29427	19188	187294
CAAGT	2497711	190869	207817	157733	185391	165532	162422	127709	124208	110986	116368	108988	103929	110865	71668	50270	60048	51074	74188	31792	55720	29182	20800	180152
AGAAA	7993727	579455	671128	517262	641074	551054	543491	408968	401678	350830	355766	349800	329577	378384	227549	149016	167162	137602	242890	78755	152967	97102	51925	610292
AGAAC	2672037	196908	224643	169439	203766	182659	179921	133174	135442	118210	122169	117295	109744	119655	79312	51899	58603	47725	79669	26289	56184	31825	22437	205069
AGAAG	4176069	317779	353968	263898	310626	280686	276617	209818	212788	186788	193530	188824	174141	182364	119888	82803	95991	79551	124481	45005	90965	48834	33621	303103
AGAAT	4563858	334330	380821	295980	365192	314618	309032	232549	228978	202129	202008	200821	189877	215535	130199	84414	96138	80973	137887	46284	87569	55021	30647	342856
AGACA	3748924	283514	311691	231755	276334	247439	244752	189749	188760	166223	174464	165291	154935	163357	108174	74555	90375	74366	110823	50248	83267	44049	33060	281743
AGACC	1990788	159750	162433	118092	130273	122834	123938	104256	97199	89708	97565	88279	83275	76805	57945	43598	56019	49550	54758	37308	50656	22498	23824	140225
AGACG	516778	40762	40793	28344	31601	30476	31468	28414	24460	23181	26006	22291	21461	19949	14955	11556	16476	15588	14711	13185	13996	6766	7811	32528
AGACT	2708077	207361	225629	170953	199795	180026	177411	137653	134730	120803	124906	119588	113477	117114	78229	54502	63610	55322	78148	35594	58546	31204	23130	200346
AGAGA	5182366	400163	430684	320255	376678	340943	337244	264496	259667	229917	241227	231071	217817	221317	149226	104016	127124	107045	151148	73210	116624	59719	46362	376413
AGAGC	2322083	184648	196834	138746	156626	149472	148173	117411	116416	105585	114780	105586	95173	93917	67610	50669	61124	52536	66962	32011	58208	26260	26152	157184
AGAGG	3210455	259158	269958	191897	213204	204306	203743	161818	160958	145703	156313	146991	132516	127712	94017	70450	86742	75198	91275	48306	81957	36054	36906	215273
AGATA	3223213	233304	268487	212679	266755	224630	218705	163582	162161	141383	137782	144208	132689	157896	91128	57515	64564	51908	98288	27339	57785	39529	18326	252570
AGATC	2114224	161959	172443	130362	153369	138106	137444	109165	104519	94832	98298	93183	89159	90289	61235	43375	51712	46050	60436	31188	46845	24553	19108	156594
AGATG	3333675	253683	279424	205184	240072	220161	215385	170466	167746	149236	157366	148814	139022	144506	95386	67986	84436	68638	98216	43676	77510	38911	30799	237052
AGCAA	3546860	264869	298095	225739	270073	239686	235683	179560	177711	156756	162791	153971	146133	159812	101285	68945	80044	66837	105529	39489	75639	41544	27046	269623
AGCAC	2180148	172444	181937	130061	148474	138906	138278	111407	108940	98010	106513	97104	90238	89900	63523	47182	58008	49683	62900	33255	53847	24952	24248	150338
AGCAG	3071813	240557	262809	186394	210188	198231	195721	155002	155336	137417	149323	140276	126072	127401	91208	65296	78575	65741	89819	38436	76816	35529	35765	209901
AGCAT	2761574	204923	234308	175755	212858	189593	183034	137585	139555	122591	125422	122038	113650	127209	79032	53526	61501	49474	84078	27001	58150	32379	20667	207245
AGCCA	3450341	272272	289190	207322	228521	217999	214933	177884	168579	154956	167382	151878	142913	136949	99970	76339	95349	83660	95881	58500	87814	39577	40874	241599
AGCCC	1888414	155914	160120	107798	112850	113951	113490	95694	93575	86505	97419	87655	75734	68720	57536	44069	57933	49747	50902	34411	54997	21864	28585	118945
AGCCG	479811	39447	38018	25381	26949	26722	28313	26542	21880	22265	24958	20574	19782	16926	14221	11348	16655	16819	12699	14020	13822	6184	8749	27537
AGCCT	3367694	277076	272256	194852	210659	202548	204676	181260	163909	152842	168681	148222	141993	127961	97903	76265	101098	94523	91614	72895	88658	37646	44022	216135
AGCGA	430593	34734	33881	23345	26192	24772	26048	23704	20166	19511	21919	18213	17982	16393	12396	10205	14054	13579	11669	11614	11653	5134	6466	26963
AGCGC	223718	17470	18296	11472	12855	12779	13873	11917	10893	10597	12030	10475	9224	8378	6898	5587	7458	6764	6391	5026	6619	2998	4063	11655
AGCGG	287577	22964	23921	14941	17005	16871	17424	15139	14039	13566	15444	12842	11520	10723	8631	6893	9685	8781	7913	6176	8470	3768	5162	15699
AGCTA	2375670	183821	193734	150003	175170	154791	154727	124044	117318	105851	109673	103125	100750	103492	67416	47980	58140	51581	68122	35215	50654	27109	20145	172809
AGCTC	2205869	175424	185047	131674	146566	139472	139585	113405	111255	99035	109573	101401	90866	87685	65062	48321	60031	50511	62941	32379	56708	25010	25292	148626
AGCTG	3260646	261657	271941	194549	212688	203460	203063	169209	160601	146947	162132	144638	136086	127875	95538	72651	91294	81218	91974	56205	85464	37362	39651	214443
TTCCT	4749286	359533	402817	298927	353002	317718	316530	239738	240492	211643	221573	212689	198306	207380	136988	95100	109666	91112	141299	52378	104648	54641	39005	344101
GTCCT	1817264	142008	155483	109568	123831	117737	116576	91010	91893	81802	88518	82695	72798	74235	54062	39035	46432	38796	53159	23714	45240	21267	20363	127042
CTCCT	3905593	318590	322527	228346	249755	239871	243815	205574	192630	175511	193260	174517	163644	150583	113759	86121	111865	101418	108730	74976	102009	43271	49075	255746
ATCCT	2689746	205518	224207	166804	195646	176975	176344	137004	135098	119926	125388	119899	112557	115671	78285	54529	65236	54736	78515	34569	60370	30204	24886	197379
TGCCT	3693144	297326	303989	219119	244168	230029	229595	193408	181619	166841	180066	164596	155318	146408	106817	80620	103587	92399	102821	66527	92663	41526	43294	250408
GGCCT	2113418	173525	175843	121777	127820	127166	127267	111594	102346	97395	105387	99393	86527	76324	62690	48638	63114	56663	57106	40320	58295	24791	31335	138102
CGCCT	705944	59097	53237	36602	38323	38171	41260	39765	31153	33328	35145	29760	30232	24859	20152	17485	24984	27005	18107	24792	20024	8709	12982	40772
TCCCT	3160713	251802	265103	190504	212943	202358	202351	159333	157739	142695	153015	144939	130857	125182	93305	67897	83227	70477	89531	44515	80461	35592	36492	220395
GCCCT	1751683	143526	151223	100733	107337	108591	107011	86763	86605	80572	89369	81615	69909	64835	52977	40977	51346	43901	48895	27739	49624	20787	25879	111469
CCCCT	2025808	166880	170347	116362	123197	123672	123994	102198	99688	93524	101141	93753	82070	74745	60895	46469	59435	52440	55302	35407	57298	23582	29614	133795
TACCT	2073043	155562	173070	133441	161364	141324	137849	103972	104139	91879	92293	92182	86282	95851	59982	40011	44978	37015	61657	20806	41525	24092	14330	159439
GACCT	1758367	140889	145805	105127	117727	111211	110095	90537	86573	79210	85338	78257	72635	69589	51306	38532	47889	42201	49143	29524	44167	20222	20698	121692
CACCT	2849975	229738	234695	165877	181788	173789	174986	150642	140283	128138	141877	126754	118292	111381	83200	63662	82744	73304	79807	55799	75309	32972	36755	188183
TTACT	2889339	210603	241820	191662	245310	203998	197850	145520	146106	126979	124190	123752	118249	146005	82840	51808	56336	46539	89768	24209	51630	35967	16399	211799
GTACT	1319538	98220	110476	86118	105194	89843	88748	66021	65599	58542	57886	57141	53995	62286	38210	25035	27834	23252	39134	13100	25147	15556	8593	103608
CTACT	2373250	183543	193567	149244	174625	154688	154075	123819	115846	106072	107674	102891	100538	104123	67873	48401	57599	53001	68053	37233	50318	27322	20940	171805
ATACT	2454052	174909	205255	163130	209346	173656	170015	123665	122287	106969	103087	106091	100680	124035	69917	43486	45393	37651	74866	18887	41664	30317	13046	195700
TGACT	2552111	193563	216821	162521	194419	172868	168931	127261	129628	113434	118404	111120	104668	115711	73096	50330	58321	47316	76535	27409	55455	30136	20214	183950
GGACT	1722342	136610	143786	104661	116884	109897	109401	87504	85748	77472	84698	76509	70763	69769	50076	37570	45811	39060	49573	25391	42841	19986	18776	119556
CGACT	202951	15720	17046	11665	13376	12427	12754	10647	9960	9118	10446	8937	8142	8433	5774	4545	5871	5011	6137	3618	5387	2484	2556	12897
TCACT	3497722	270635	287116	214609	250840	225896	225713	183063	174032	155942	164786	151678	146815	150833	99865	71464	90423	77402	102271	56192	80560	40489	33745	243353
GCACT	2139539	171848	174600	125989	141858	132199	133668	112802	104207	95901	104671	94239	90062	86352	61907	46978	60060	54719	60461	40287	53307	24201	25159	144064
CCACT	2749937	217613	227318	166358	184386	174231	173182	141256	136023	123917	132401	123045	114999	109876	79462	58744	73897	64359	77450	45144	68045	30956	29986	197289
TAACT	2444708	177409	203888	161878	205473	170813	168323	123960	122929	106580	105783	106445	101180	121887	70140	44273	48112	39429	75433	20181	44136	30229	13694	182533
GAACT	2431384	184244	202037	153218	182199	164075	161930	123333	121677	107783	111851	106062	101684	106826	70254	47861	55687	47428	70911	29374	51611	28383	19164	183792
CAACT	2155923	161157	182307	138093	165333	145590	143538	108291	108693	96367	98399	95197	90046	97450	61693	42118	47994	39557	64837	21857	45619	25351	15352	161084
ATAAA	7247812	512305	602717	479898	623660	510540	498208	368919	360506	313879	307583	309049	295610	371662	206387	125613	138776	113796	225867	63562	124888	92393	39464	562530
ATAAC	2168611	155013	181867	143746	183834	152662	148722	108861	108397	94384	93211	93206	88701	109056	61688	38579	42057	33717	67478	17411	38726	27215	12040	168040
ATAAG	2681006	195360	224502	176930	225022	187970	183192	133821	135161	117296	115210	116689	110125	132781	76986	48051	52347	42734	82534	22081	48120	33187	14878	206029
ATAAT	4924072	348749	409795	329576	436448	351063	338832	248232	242868	212372	206015	208287	200080	261202	139186	82936	93311	75045	155152	39251	81056	63908	25614	375094
ATACA	3851007	274848	319283	248276	317131	265069	259279	195734	189350	168562	166858	164633	157561	190242	109118	70615	78400	66303	118847	40319	70909	48172	25315	306183
ATACC	1661700	120309	138696	108547	131266	114811	111440	82602	82995	73808	72857	73002	68509	76160	47738	31038	34245	28068	48937	15626	32001	19197	10584	139264
ATACG	332679	23102	28111	20569	26213	22267	22106	16774	16687	14780	15227	14402	13208	16200	9450	6651	7734	6186	10443	3609	6633	4442	2639	25246
ATAGA	3106088	223837	259753	203074	257780	216959	210952	156166	155686	135947	134598	134568	125788	152162	87821	55523	61570	49481	95632	26903	56008	38115	18446	249319
ATAGC	1754743	130474	146443	114492	139415	119818	116739	88304	88260	77387	77349	77154	72573	82046	50245	33023	37571	30041	52432	16927	34239	20732	11353	137726
ATAGG	1823292	136405	152049	116877	141749	123952	121980	92169	91991	80404	80977	81452	77004	82365	52849	34688	39911	32747	53873	18784	36104	20847	13346	140769
ATATA	6045756	413503	502399	398237	537242	429874	413783	305184	291271	254000	247304	256812	244777	322070	170939	99415	111241	91591	190763	50124	95336	80456	32422	507013
ATATC	2520367	175429	207433	167141	213056	178945	173445	128540	127288	110661	104651	112923	104742	126675	71303	43465	48818	37514	76521	19641	43141	31138	13343	204554
ATATG	3468814	243504	290914	228634	296123	244976	237099	172986	172665	150697	146429	149057	140967	176061	98369	60988	65855	52918	108241	27657	60264	43845	18830	281735
ATCAA	3143921	223244	263538	205168	258856	219404	214512	157332	158149	137331	136585	136256	129068	151920	88947	56663	62318	49525	95831	26115	58158	38100	18257	258644
ATCAC	2552285	192390	207990	156778	186078	165960	164634	134653	127318	113188	118580	111892	108214	111897	72653	51130	66140	54367	74617	39800	56959	30179	23605	183263
ATCAG	2538730	189536	214533	162404	193902	171826	168596	127677	128372	112520	116160	111925	103731	114636	72797	50005	56511	46197	76215	26176	53780	29902	19409	191920
ATCAT	3284660	236854	271906	211774	267518	228149	221456	165431	165308	143609	145908	141642	135399	159475	93034	60058	72173	55220	100819	30827	62304	40367	21960	253469
ATCCA	2746935	204464	226725	169982	201484	183011	177495	138073	139136	122692	126427	123266	113701	118629	79913	53571	67153	52827	80223	34642	61647	32424	25291	214159
ATCCC	2200215	174719	177371	130964	144157	137346	137692	115063	107779	99362	105833	99390	93201	85828	63378	47461	61635	54497	60384	40686	55641	24216	25485	158127
ATCCG	261324	20471	20988	14420	16430	15544	16141	13857	12387	11922	13213	11264	10821	10280	7508	6026	8238	7793	7289	6156	6902	3263	3862	16549
ATCGA	282604	20678	22791	16929	20473	18187	18549	14549	13853	12617	13869	11949	11491	12416	7905	5827	8157	6468	8323	4252	6275	3554	3214	20278
ATCGC	343116	27199	26392	18706	21065	19976	21245	19028	16218	15750	16870	14409	14562	12910	9867	7713	11021	10748	9126	9723	8854	4026	4958	22750
ATCGG	191696	14373	15856	10898	12728	11872	12156	9912	9692	8740	9632	8514	7865	7994	5582	4296	5600	4635	5822	3116	4892	2380	2414	12727
ATCTA	2511551	180584	209398	165183	209382	176574	171492	126193	126254	109911	107855	109147	101978	122895	71309	44778	49373	39815	76660	20715	44901	30935	14321	201898
ATCTC	3110586	239660	253925	191308	224453	202505	199937	162980	153825	138896	144188	138954	132002	133320	88988	62804	78849	68416	89547	47633	69187	35865	28751	224593
ATCTG	2880953	217099	241874	181220	214420	192167	188941	146752	145623	128270	133419	130711	120431	127596	83087	56868	68600	55719	85796	33018	64153	33821	24223	207145
TTCAT	4499220	323767	377947	290558	366886	313740	305418	226555	226692	198791	200117	196979	184443	218224	127197	83294	94505	73612	139935	38647	86167	54868	28051	342827
GTCAT	2024528	149453	170713	128598	157488	138101	134348	101904	103173	89785	93621	87594	82702	93877	57959	39427	45816	35884	62273	20650	42373	24513	15319	148957
CTCAT	3086436	233131	259536	192137	230517	206834	201643	155681	155821	137611	142783	137467	127590	137968	88675	61464	74264	59593	92349	36260	68133	36865	25979	224135
TGCAT	3015604	217219	255594	187668	231609	204337	199033	153103	152279	132979	140443	131812	122889	141530	85658	58128	69875	53955	92959	31672	64818	36374	23155	228515
GGCAT	2193008	171427	181761	133059	151098	139918	139375	113428	108838	98280	106071	96062	91581	90743	63095	46586	58904	50284	62733	34154	53153	24866	22552	155040
CGCAT	268173	19997	22420	15057	17790	16845	16784	13966	13282	12213	13606	11695	10928	11132	7808	5907	8029	6422	7957	4597	6886	3428	3426	17998
TCCAT	3271580	242836	271809	201602	242133	217656	211851	164128	163724	145046	158628	144881	134044	143865	93887	63769	80137	61298	96411	38139	74359	38562	29556	253259
GCCAT	2189091	166667	184218	134768	154791	143519	140335	110966	109136	97633	104472	96460	90067	92502	63369	44836	55251	45872	63821	29368	52009	25463	21292	162276
CCCAT	2470656	191765	205794	149353	169487	161190	156444	123563	123650	111804	117886	111338	102564	99877	71359	51382	64832	52929	70271	35045	61021	27891	26086	185125
TACAT	3371850	237260	282048	221605	287986	237183	230102	168651	168225	145638	144933	143550	137250	172578	95874	59936	64938	52317	106375	27488	59951	43233	18718	266011
GACAT	2288239	166506	192868	145337	177787	155347	151625	115373	116617	101378	104350	100289	93135	106435	65426	44109	51785	40356	69434	24089	48138	27936	16789	173130
CACAT	3514030	255627	295202	219434	269738	238181	231357	176941	178036	156693	160421	155974	145515	161180	101711	67458	80337	62654	106443	37032	75546	42757	28395	267398
TTAAT	4593019	324845	384804	307537	405342	327481	318536	233096	229704	197885	195831	193531	185559	241723	131942	79707	86074	68475	145575	34885	76444	59663	23518	340862
GTAAT	2638584	194927	215054	169139	211334	179387	174999	138027	130108	115711	116947	110408	109514	127531	75696	49528	59549	52229	79544	35600	50669	32660	19518	190505
CTAAT	2723622	201284	226581	176457	220385	187132	184208	139337	135456	119735	119750	116423	113128	130494	78610	50553	58810	49959	82328	30395	51055	33223	18312	200007
TGAAT	4007119	289211	333911	258136	326722	279805	270792	202391	202274	175676	175157	178332	165472	193343	114308	73114	83969	65268	122865	34989	76960	49283	26063	309078
GGAAT	2686267	199427	225110	169218	203378	180476	177608	134442	134662	119035	129507	118295	110737	119691	77617	52209	62283	49491	79543	28420	58829	31431	22580	202278
CGAAT	289181	20671	23574	17325	20996	18598	18757	14834	14137	12226	15339	12736	11641	12810	8201	5832	8385	5782	8776	3752	6765	3637	3117	21290
TCAAT	3034287	216020	253534	199026	253142	211664	207194	151859	152896	131984	131358	132242	124390	149558	86139	53921	60128	47226	92977	24809	55452	37232	17477	244059
GCAAT	2312206	171645	192067	145885	178812	155625	152670	119260	115598	101417	105401	98884	95424	105915	65359	44392	53119	44339	69039	28442	48587	27263	17746	175317
CCAAT	2150934	158556	178741	138709	167113	147182	144027	108186	107702	94515	96792	94069	89545	97398	61217	41008	46686	37357	63768	21809	43808	24982	14977	172787
TAAAT	5866029	416650	490076	390744	513432	416283	406784	297341	292540	252476	248952	246561	238328	308107	167853	101709	110132	90179	185181	48142	99471	75446	30373	439269
GAAAT	4790273	341817	404492	312524	395090	334371	327363	242227	240534	210906	212135	205503	195980	234908	136347	88482	97107	76696	149063	40331	89625	59458	28188	367126
CAAAT	4496663	322443	378084	294420	369910	314662	306344	226932	224497	196608	196971	193888	183563	220098	128071	81821	91365	72343	139063	37616	84658	55780	26982	350544
CAAAA	6616437	481145	543809	424911	520888	448772	444454	343550	326655	291353	292053	284945	274088	308278	186889	123867	142063	123594	194959	80149	128147	79842	46670	525356
CAAAC	2854799	210270	236270	180519	215989	191638	189629	144957	142502	125880	130072	125854	118983	127764	82676	55094	65135	53689	84346	32929	60128	33795	23170	223510
CAAAG	4002206	300074	333382	251398	297271	267997	262948	204234	201072	178999	183815	180247	168208	174742	114765	79446	93644	78607	116310	47329	86454	46059	32717	302488
CAACA	3322633	249971	274235	207772	245583	219830	217552	169990	165137	146977	152099	142618	137127	146759	94867	65942	78493	67201	96674	44698	71945	38681	27633	260849
CAACC	1772774	138194	145752	107667	120270	113132	113602	90430	87714	79816	84051	77920	74342	70806	50901	37111	47119	41111	49962	28654	43270	20164	18282	132504
CAACG	289956	21289	23987	16642	20016	18591	18460	14951	14551	13041	14422	12518	11888	12422	8318	6094	8246	6647	8827	4599	7182	3678	3295	20292
CAAGA	3348881	255089	278887	209823	245879	221365	219010	171263	167385	148840	155844	145600	139103	145687	96403	67183	80979	69524	97510	44677	74406	39067	28651	246706
CAAGC	1941541	153032	162040	117418	131471	123525	122625	99750	96008	86702	94390	85232	80241	78801	56035	42235	52495	46354	54684	31138	48148	22291	21205	135721
CAAGG	2511188	197514	211364	152899	171265	161685	159827	126432	125682	112745	121478	113313	103189	101254	73436	53739	65833	55572	71389	34567	62912	28249	26484	180360
CAATA	3042495	217747	253333	201990	257770	214396	208535	151735	153155	132689	128506	130212	124160	150948	86480	53449	58130	46835	92815	25193	53861	37001	16497	247058
CAATC	1855322	138782	152333	117017	140036	123708	122809	95246	92488	81646	84837	80783	77864	83321	53028	36121	42865	35533	54544	23120	39289	21807	14619	143526
CAATG	2690430	196266	224586	170092	207783	182116	178779	136713	136051	118663	122060	118755	109716	123864	76192	51151	60742	47573	81103	28255	55874	31863	19778	212455
CACAA	3145565	229832	262350	199353	241274	213002	208513	159670	159070	138731	142124	139262	128882	143889	90129	60378	70446	56367	94371	34633	65648	37695	24355	245591
CACAC	3416908	258722	288430	197227	232787	217550	213759	175776	169667	153214	167946	151368	140236	145799	100982	72358	94898	77054	102657	53577	85677	43950	40123	233151
CACAG	3425659	263647	290791	204532	231799	220216	216572	175356	174564	153673	168801	155417	139800	141991	100521	73124	92159	73521	100682	49758	86896	40968	39577	231294
CACCA	3306954	260130	269462	194228	218914	204971	206792	175359	161658	148095	160671	145309	139541	130648	95590	70962	92489	81286	92428	60755	81916	38823	39122	237805
CACCC	2137263	172376	176418	119233	128887	129141	127843	110620	105401	97784	106931	96249	88267	78234	63836	48436	67083	58447	58486	44848	60767	25530	32454	139992
CACCG	455150	36187	36012	23950	26689	25978	27819	24582	21589	21201	23263	19724	18933	17057	13315	10654	15208	14488	12649	11984	12697	6190	8161	26820
CACGA	424018	32307	34688	23764	27184	26007	26146	22349	20582	19288	21279	18050	17582	17362	12211	9371	12726	11582	12635	8897	10991	5539	5792	27686
CACGC	593023	48057	45887	30651	33356	32968	34744	33272	27117	27437	30607	24853	24943	21504	16927	14251	20533	20826	16384	18342	16988	7864	10831	34681
CACGG	454027	35403	37441	23423	26484	26494	27059	24117	22339	20823	24482	19909	18332	17456	13411	10691	15576	13295	13086	10454	13520	6492	8252	25488
CACTA	1797158	134407	150008	115453	139797	122474	119905	90396	89845	79560	80047	78424	74494	83233	51588	34503	39010	32654	53971	18770	35727	21352	12441	139099
CACTC	2348990	186572	192419	138886	157078	146893	148047	121776	115168	105244	113672	104757	98421	94528	68960	50037	65531	57153	66428	42114	59525	26969	28427	160385
CACTG	3479617	272815	287497	207306	232832	218320	219013	182066	173054	155976	169569	154143	143650	140909	101936	74949	95482	83331	99688	61230	86512	40060	41225	238054
TTCTG	4555153	336260	384261	288474	345587	308857	303601	229785	229519	201811	208833	203001	187596	204820	133166	89018	102280	82843	136315	47483	96347	54535	37854	342907
GTCTG	2069693	161603	174384	125227	142492	133514	131967	104020	103051	92899	100043	92850	84691	84851	60726	43950	53699	44236	59688	29713	50891	24127	22197	148874
CTCTG	3949350	317502	329913	233823	259775	249749	247560	201612	197528	179712	194121	181355	163726	155704	115497	86475	108404	93838	111460	63547	101566	44527	47523	264433
TGCTG	3557614	274941	299675	214658	243152	229437	226786	180679	178436	158799	172141	158536	144755	146263	104367	75554	91920	77765	102814	51156	87972	41229	40356	256223
GGCTG	3398805	281421	279284	189311	198393	198069	200292	183631	162636	154427	174591	150349	140891	122267	100986	80406	109457	101355	90264	80468	97511	39283	53533	209980
CGCTG	381206	29625	31675	19640	22247	22053	23040	20137	18854	17662	21079	16804	14966	14537	11773	9127	12945	11351	11062	8244	11385	5205	7097	20698
TCCTG	3924601	313910	324014	229256	253241	242244	244282	207544	193402	176309	195230	175029	162284	154015	114660	86856	111406	100403	110583	73834	101947	44892	49601	259659
GCCTG	3267588	273585	263837	182501	191908	189587	192887	177044	156366	150121	165986	144101	135970	117437	95834	76940	105207	99316	86125	79984	91779	37584	50749	202740
CCCTG	2715566	222767	230193	153465	162705	164937	163332	137548	135526	124608	140032	125568	108920	98565	81841	63612	83180	70721	74731	49562	79831	32239	43089	168594
TACTG	2170307	159815	181828	140824	172452	149856	145731	109513	108969	95876	96220	94124	88850	102028	62553	41692	45318	37186	64703	21218	42034	25424	14704	169389
GACTG	1868116	146048	158491	114445	131128	120974	120092	94923	93569	83969	89494	83174	76640	78033	54262	40004	47031	39658	54822	25120	44820	21335	18837	131247
TTATG	3026909	215695	253271	199279	256705	212911	206691	152212	151846	132825	131231	129865	124089	152730	86139	53678	58796	47208	94504	24951	53675	38083	16732	233793
GTATG	1686152	121704	142186	108165	133548	115735	112797	84555	84145	74711	74522	73191	69588	80629	48363	31706	35424	29038	51441	16436	32580	20529	11708	133451
CTATG	2059656	152802	170923	131462	160780	139823	135838	103981	104000	91310	92031	91753	85879	94696	59181	39008	45376	35827	61586	21064	41903	24123	14947	161363
TGATG	2944149	216551	246025	183337	221880	197930	193849	148158	149442	130857	135879	130883	122927	130969	83408	57212	70986	53839	88182	32017	64075	34806	24094	226843
GGATG	2114268	164238	176548	124594	141143	135169	131603	105796	106371	96137	102957	96158	86871	85551	62024	44750	58425	46789	61024	32670	55166	24516	25968	149800
CGATG	283699	21065	23884	15774	18781	17801	17850	14675	14356	12613	14741	12364	11272	11781	8165	6191	9001	6645	8693	4513	7484	3480	3921	18649
TCATG	3064101	227241	255806	190932	231901	206959	200946	156310	155016	135454	142780	132557	126079	138903	87795	60384	72253	58438	93171	35977	66731	37468	25070	225930
GCATG	2352000	181973	196546	139387	160080	150150	148709	121692	117643	105109	115463	101895	97319	98154	67349	50005	64532	54469	68570	37901	58106	27225	25117	164606
CCATG	2894671	222716	241915	173599	196978	186262	182380	148101	145407	130348	141485	126849	119557	119110	84104	60536	77698	63932	83711	43598	72107	33912	31442	208924
TAATG	2943584	210776	247271	193892	248430	207914	200807	147050	147763	128523	128732	125633	119827	148319	83870	52811	58733	46281	92010	23399	52670	36576	16290	226007
GAATG	2990605	221776	248489	186929	225569	201542	196481	151319	149371	132803	142442	136712	124806	133494	85588	57541	70005	54738	88117	31662	65833	35044	24586	225758
CCAAA	4008892	298835	332636	253681	299934	267586	264791	206969	198840	177584	183048	178099	167817	175498	114754	78974	92503	78750	116514	48631	85043	47122	31559	309724
CCAAC	1885610	147752	155829	115124	129409	121051	120657	96265	93604	85140	89072	82892	78660	76590	54268	39520	49287	42916	52983	29418	45607	21377	18918	139271
CCAAG	2693811	214089	225661	162516	179035	171539	168778	137373	133850	121368	131796	120816	111664	107102	78596	58974	73773	64081	76083	41703	68504	30425	30021	186064
CCACA	3061597	233752	258317	185177	211620	198907	195793	155331	153840	137467	147427	136247	123595	127199	89174	64087	78245	64514	88859	42762	75901	36807	33206	223370
CCACC	2913881	239488	235643	163808	173804	172096	173679	155016	139753	133112	146076	129477	122250	106001	86555	66957	91511	85143	77897	65870	81096	34348	44017	190284
CCACG	564625	44251	45868	29316	32655	32635	33737	30455	27621	25682	29945	24588	22892	21133	16591	13198	19184	17355	16362	13698	16837	7803	9899	32920
CCAGA	2955551	232784	249916	180064	199718	190128	188248	147472	147667	133469	142832	133647	120550	118554	87756	64084	77317	65142	84444	40680	75159	33997	33385	208538
CCAGC	3536206	294064	286604	197809	205247	205454	208418	190956	167841	161045	180339	155707	147653	125789	105589	84115	113645	107259	92899	85775	100725	40238	56134	222901
CCAGG	3772062	316184	308282	208759	216418	218543	220365	201937	181489	173765	195826	169943	155752	133174	112171	90362	123864	112066	100264	88169	110684	43664	61123	229258
CCATA	2028038	148273	170489	130255	159358	138444	135162	101405	101607	89903	90435	89585	84246	93748	58010	38253	43319	35094	60830	19374	40274	24165	13522	162287
CCATC	2522257	197626	207191	148687	167863	159922	157014	128995	124916	114083	121798	112774	105723	100660	72888	53206	70677	58820	71376	42703	64563	29059	30671	181042
CCCAA	2847497	225549	233709	172557	189541	179964	179011	147738	139257	128427	136938	126928	119804	113415	82714	60906	77349	68523	79522	47750	70848	32234	30713	204100
CCCAC	2441879	195864	203635	141003	153248	150824	149396	124161	120323	110700	122433	111283	99598	91413	72724	53995	70389	60864	67303	43534	66983	28755	33822	169629
CCCAG	4277182	358282	346052	238924	244836	247436	251326	229980	204335	196737	219395	191672	177630	150660	127833	100739	139550	128022	112218	102610	124060	48848	68112	267925
CCCCA	2819781	230585	236547	162046	170766	171664	169531	142140	138217	129931	141632	129327	114572	103594	85030	64165	84364	72653	77222	50140	80671	33378	40488	191118
CCCCC	1457287	119138	119742	80029	83939	85362	86926	74739	70577	68261	73628	66233	58941	51673	44748	34146	46451	41783	38610	31094	43077	18167	24115	95908
CCCCG	487529	40009	38826	23745	25744	26141	27560	26676	22544	23458	25699	21983	19375	16272	15034	12067	18758	17137	12670	14611	15285	6935	10745	26255
CCCGA	375417	30393	29758	19973	21405	21192	21834	20354	17584	17460	19506	16320	15489	13521	11086	8860	12597	12279	10210	10090	10933	4804	6779	22990
CCCGC	446694	36486	34999	22351	24361	24127	25774	24480	20318	21346	23341	19827	17996	15478	13685	11279	16355	16380	11698	13966	13501	5976	9508	23462
CCCGG	644143	53530	48970	32204	33589	34057	36699	36707	28460	30372	33264	27832	26279	21137	19369	16013	24338	24940	16830	22517	19151	8691	13782	35412
CCCTA	1479272	115644	124525	92647	104936	97648	96542	73572	73737	66680	69350	67145	61188	61371	42739	30724	35940	30394	42543	18021	34041	16373	13506	110006
CCCTC	2262933	186192	190321	129145	138395	137811	138503	114153	111028	103355	113203	104267	91872	83239	69574	51579	66833	59029	62777	40272	64771	26483	34421	145710
TTCGG	269402	20413	22113	15782	18089	16875	17182	13822	13389	12085	13525	11761	10906	11150	7819	5916	7758	6538	7993	4386	6709	3441	3364	18386
GTCGG	184356	14649	14980	9772	10846	10862	10992	9810	8796	8553	9633	8262	7392	6871	5527	4264	6137	5455	5146	4203	5294	2423	3217	11272
CTCGG	613751	51373	47302	32151	34009	33510	35971	34175	27787	28750	31217	26320	25411	21566	17921	14580	21390	22131	16214	19215	17492	7737	11369	36160
TGCGG	326361	25415	26848	17095	19868	19161	19684	17420	15864	15074	16958	14495	12908	12097	9986	7817	10679	9538	9248	7313	9355	4392	5634	19512
GGCGG	593564	49726	45279	30328	31797	31615	34205	33306	26164	28479	29909	25418	24975	20115	17720	14752	21759	22690	15226	20641	17220	7745	12078	32417
CGCGG	120316	9427	9186	5568	6458	6346	7092	6889	5127	5975	6538	5111	4824	4222	3801	3144	4635	5033	3225	4355	3409	1612	2883	5456
TCCGG	261741	20855	21307	13662	15498	15119	15932	13796	12551	12133	13830	11492	10303	9659	7928	6330	8874	8369	7235	6513	7778	3504	4701	14372
GCCGG	422762	35081	32926	21251	22457	22398	24192	24059	18681	19959	22148	18484	17291	14042	12841	10477	15926	16161	10894	13772	12692	5757	8960	22313
TACGG	207227	15422	17680	12229	14511	13112	13232	10496	10395	9528	10386	9066	8322	9219	5984	4462	5539	4592	6310	2947	4930	2711	2291	13863
GACGG	391688	31701	30413	20458	22236	21923	23390	21820	17939	18179	19815	16828	16371	14049	11585	9177	13475	13205	10771	11503	11217	5179	7127	23327
TTAGG	2039977	153157	172430	131513	157926	139137	137645	102765	103002	90660	91752	89805	85156	92460	58973	39374	44211	36525	61176	20420	41423	23706	14452	152309
GTAGG	1317319	101962	111172	82992	95422	87412	86437	65525	65859	58712	60807	59539	54968	56234	37841	27311	31269	26393	38141	15471	29636	14631	11372	98213
CTAGG	1684243	132511	140638	105402	118681	110643	109353	84298	83149	75998	78885	76721	70184	69090	48923	35236	40887	35462	47476	21912	38402	18374	15573	126445
TGAGG	3351237	269830	275289	198703	219260	207648	208700	175474	164222	151364	162660	151534	140082	130840	98368	73056	93713	82929	93688	60397	86400	37699	41978	227403
GGAGG	3745350	313200	303090	207850	217912	217953	223473	201974	179640	170701	189860	166358	158071	133900	110114	87250	120181	113011	99983	90203	106749	42984	57822	233071
CGAGG	513500	41863	40760	26863	28658	28966	30214	28231	23805	23998	26679	22652	20848	18398	15418	12310	17800	17182	14040	14328	14913	6479	9523	29572
TCAGG	3058652	243915	253444	182359	204411	193201	193064	157468	151316	137841	148286	136766	126141	122431	88739	66223	82222	73637	86079	52381	77069	34708	35984	210967
GCAGG	2623321	213646	220078	147828	158917	157376	157954	137192	130914	119566	135690	119102	105763	98063	78152	60932	79883	71070	72886	50660	74701	31216	40391	161341
TAAGG	1908392	144933	160758	123010	148407	129879	128310	94988	96310	84807	86324	84281	78867	86642	55169	36934	41495	34434	57224	18834	38855	22155	13445	142331
GAAGG	2841412	224029	241690	172255	193454	182302	182614	143184	143889	126696	137956	130116	117724	115031	83022	60713	73890	62387	82531	38700	70387	32352	29918	196572
CGAAA	375666	27967	30715	22449	26735	24232	24551	19576	18371	16982	18295	15820	15228	16765	10694	7996	9756	8541	11250	5938	8558	4710	3614	26923
CGAAC	238342	18641	18625	13253	15060	14048	14802	13143	11308	10548	12112	9894	9921	9192	6868	5295	7518	6898	6644	5835	6259	2920	3364	16194
CGAAG	304063	22943	25132	17308	20697	19076	19528	15595	15036	13924	15289	13593	12442	12718	8955	6648	8721	7508	9199	4609	7590	3863	3855	19834
CGACA	285670	21787	23057	15911	18665	17243	17776	15175	13789	12950	14219	12206	11631	11587	8413	6350	8685	7881	8313	6208	7318	3713	3848	18945
CGACC	178376	14102	14258	9451	10463	10296	10672	9523	8600	8133	9241	7685	7330	6597	5391	4203	5942	5386	4882	4447	5236	2281	2992	11265
CGACG	43248	3079	3371	1944	2398	2430	2678	2305	2216	2042	2415	1801	1717	1649	1331	1024	1667	1426	1308	1144	1350	605	874	2474
CGAGA	616106	49896	47348	33831	37118	35107	37097	34258	28603	28357	30568	26056	26095	23112	17780	13986	19849	20133	16541	17597	16311	7458	9512	39493
CGAGC	228502	18116	18720	12175	13589	13336	13873	11864	10992	10484	12129	9879	9435	8343	6977	5349	7733	6791	6537	5098	6654	2930	3919	13579
CGATA	215242	15127	17517	13241	16485	14647	14577	10749	11176	9677	9873	9261	8821	10111	6191	4257	5136	4033	6558	2574	4418	2744	1786	16283
CGATC	299305	23954	22871	16658	18425	17137	18301	16622	13729	13738	14787	12556	12937	11260	8445	6922	9479	9708	7995	8634	7608	3586	4362	19591
CGCAA	256087	19219	20987	14823	17656	15959	16499	13302	12480	11669	12667	11097	10496	10422	7354	5562	7142	6352	7474	4509	6191	3188	3040	17999
CGCAC	286019	22461	23195	14652	16707	16147	17212	15733	13647	13045	15072	12238	11954	10607	8277	6751	9906	9119	8058	7443	8386	3893	4823	16693
CGCAG	363525	28513	30184	18660	21264	20887	22034	19594	18158	17167	19527	16459	14344	13630	11158	8661	12204	10683	10459	8320	10950	4989	6879	18801
CGCCA	494232	40054	38856	26408	28844	27961	29586	27052	22826	23010	24750	21177	20705	18200	14447	11766	16387	16689	13284	14180	13705	6235	8427	29683
CGCCC	524816	43803	39736	26672	28003	28099	30521	29374	23089	24892	26441	22541	21912	17837	16000	12927	18637	20070	13498	18463	15365	6908	10894	29134
CGCCG	88250	6934	6900	3947	4717	4582	5291	4976	3748	4441	4896	3649	3592	2956	2719	2356	3657	3670	2470	2949	2523	1263	2128	3886
CGCGA	70789	5714	5152	3636	4103	3826	4415	4016	3091	3315	3710	2937	2998	2477	2115	1794	2468	2683	1795	2477	1962	948	1372	3785
CGCGC	147018	12125	10755	7106	7956	7718	8959	8167	6043	7170	7575	5955	6346	5014	4588	4018	5239	6330	3623	5720	4269	1863	3124	7355
CGCTA	178179	13558	14852	10297	12443	11358	11435	9188	8768	7950	8869	7830	7168	7616	5191	4010	5009	4146	5305	2917	4259	2246	2006	11758
CGCTC	315142	25651	25153	16381	18093	17833	19179	17005	14752	14690	16564	14138	13077	11544	9210	7731	10730	10324	8722	8104	9346	4029	5682	17204
TTCCG	302563	23034	25104	17201	20127	19033	19360	15327	15082	13647	15780	13034	12069	12709	8883	6827	8792	7498	9275	5032	7750	4042	3888	19069
GTCCG	171822	13245	14089	9229	10654	10037	10393	9021	8427	7889	8921	7606	6931	6572	5191	3957	5634	4876	4851	3719	4932	2439	2946	10263
CTCCG	477164	39104	37789	25237	27215	26918	28501	25774	21873	22438	24534	20792	19765	17404	14256	11514	16363	16152	12903	13353	13658	6262	8604	26755
TGCCG	303483	23654	25267	16111	18569	17984	18310	16011	14927	13848	16287	13722	11774	11633	9377	7226	10066	8502	8932	6072	8568	4082	5259	17302
GGCCG	465207	38529	36351	23288	24459	24691	26653	26716	20953	22211	23765	20360	18915	15479	13828	11332	17506	17319	12107	15213	13934	6329	9758	25511
TCCCG	518161	42187	40224	26992	28951	28645	30399	28852	23867	24142	26873	22213	21338	18725	15228	12346	18047	18087	14223	15643	14899	6648	9561	30071
GCCCG	455229	37779	35181	23307	24485	24539	26259	25522	20317	21645	23417	19689	18593	15387	13812	11348	16416	17025	11776	15039	13380	5984	9480	24849
TACCG	177508	13023	14718	10502	12530	11426	11492	9019	9118	8023	8641	7729	7301	7861	5118	3889	4750	3881	5326	2547	4166	2242	1797	12409
GACCG	179167	14394	14515	9446	10792	10515	10807	9635	8635	8439	9391	8087	7098	6754	5427	4182	5877	5080	5087	3999	5186	2384	3144	10293
TTACG	282638	20311	23981	17493	22029	18905	18520	14593	14305	12450	13389	11943	11528	13585	8162	5751	6904	5472	8938	3210	5934	3741	2459	19035
GTACG	150108	10899	12557	8927	10753	9625	9804	7689	7530	6768	7412	6351	6034	6665	4307	3150	3977	3223	4556	2161	3496	2029	1592	10603
CTACG	223014	16493	18676	13245	15599	14290	14302	11695	11081	10175	10910	9812	9113	9671	6779	4658	5998	4910	6772	3136	5189	2769	2548	15193
TGACG	287678	21488	24129	15964	19115	17740	18191	14918	14280	12802	14716	12687	11953	11886	8447	6132	8729	6836	8884	4867	7410	3718	3818	18968
GGACG	250878	19293	20758	12531	14352	14242	15141	13486	12374	11585	13528	11140	9873	9168	7843	5804	8635	7341	7328	5791	7664	3670	4895	14436
TCACG	604058	46779	47899	33368	38046	36070	36858	32768	28662	27683	30237	25420	25500	24073	17249	13669	18692	17978	17130	14975	15637	7769	8869	38727
GCACG	397731	31135	32430	20676	22874	22820	23672	21503	19021	17826	21259	17192	16333	14920	11500	9166	13718	12431	11418	9978	11737	5477	6700	23945
TAACG	259332	18660	21770	15903	19895	17296	17027	13447	13415	11629	12317	11197	10455	12020	7415	5240	6287	4877	8224	2948	5489	3364	2129	18328
GAACG	274149	20150	22801	15454	18347	17043	17610	14053	13599	12541	14306	12058	11199	11552	8120	5895	7924	6444	8553	4336	7009	3673	3424	18058
CTAAA	3436731	251494	286226	224691	280598	237465	234555	177303	171164	150273	151762	145487	141885	166810	98616	63523	70458	61074	104598	35959	63758	42092	21884	255056
CTAAC	1435529	107756	120546	92286	112218	98398	97151	72198	72258	64064	64073	62877	59592	65959	40970	27860	30963	25998	42748	14735	28640	16931	10172	107136
CTAAG	1874336	141647	158739	120704	144034	127106	125214	93845	94658	83685	85827	83424	78120	84825	54194	36761	41674	34511	56472	18865	39290	21822	13863	135056
CTACA	2328227	172774	191813	147904	178683	156219	154308	119475	116237	103046	104936	102478	97524	105280	65954	45486	52418	44567	68613	28025	47814	27552	17685	179436
CTACC	1393304	108014	116485	87885	101343	92584	90822	69748	69197	62272	63574	63234	58210	59140	40299	28345	33306	27746	40178	16321	30876	15340	11719	106666
CTAGA	2142803	160335	179718	138750	165388	146579	144613	107504	108382	95441	96410	97828	89604	95484	61386	41346	45995	38222	63410	20266	43253	24846	14989	163054
CTAGC	1244121	97032	103691	79314	90774	82456	81941	61914	61999	56566	57010	56220	51981	52373	35585	25530	29377	24908	35205	14614	26903	13291	10370	95067
CTATA	2324107	167763	193847	155506	196188	163300	158888	116998	114860	102083	97837	99791	95456	115528	66636	41527	44120	36878	70633	19203	39896	28332	12848	185989
CTATC	1581298	118128	131565	101585	123195	108012	105195	79341	80376	69968	69339	70636	65528	72411	44997	29582	34259	27627	47303	15672	30384	18795	10626	126774
CTCAA	3290984	253076	268892	204874	237144	213225	212454	172054	162942	146072	152548	145193	140745	140258	93818	66097	83332	72108	94147	49910	74515	37534	29421	240625
CTCAC	2853988	226406	233336	166604	187732	176530	177216	151575	140684	128043	138785	126925	120343	113451	84159	61271	81068	71370	81351	54361	72361	33189	35843	191385
CTCAG	3798303	307392	313552	224074	245613	235514	235809	198354	187265	171395	187340	173269	158618	147079	111808	83960	107903	95839	105534	70061	99377	42683	48737	247127
CTCCA	3473211	277632	287141	206363	228973	217273	216549	179718	171260	157217	170092	155917	144276	138064	100943	76213	96251	85317	97457	59256	89671	40096	41145	236387
CTCCC	3374302	280480	274378	190134	200480	199635	204260	179295	163036	153383	169597	151866	141882	122255	99603	77053	104461	97322	90430	74094	94789	38471	49921	217477
CTCGA	388731	31229	30031	21403	23769	22461	23482	21240	18281	17316	20455	16225	16374	14565	11264	8715	12695	11831	10588	10040	10579	4667	5812	25709
CTCGC	320414	25619	25815	16969	18685	18111	19195	17411	15285	14748	16743	14165	13143	11936	9491	7744	10754	10208	8751	8304	9268	4026	5549	18494
CTCTA	2475617	191176	205180	155802	184053	163648	162423	127147	122601	110588	113614	109054	104174	108870	70565	49679	59027	51749	72765	33581	52591	28589	20522	178219
CTCTC	3238778	256878	271867	194438	220970	208166	206887	164473	162954	143942	155871	146954	135292	131262	94628	69018	85370	71797	93923	48725	80661	36907	34734	223061
TTCAG	3609525	268721	304851	229577	277057	244792	241745	181837	182894	159171	164555	160795	148137	165420	104423	70491	80093	65700	109731	36811	75214	42496	27440	267574
GTCAG	2048865	163020	172780	123992	140215	131690	130437	104855	101645	92157	98225	90781	84166	84008	59162	44066	53770	47111	58879	31928	50347	23464	22732	139435
TGCAG	3569929	276628	294700	209723	238423	223292	223786	188451	178389	159548	177473	157898	148176	144093	103405	76749	98691	85649	102617	62065	90148	41816	42187	246022
GGCAG	3005014	247554	251013	171354	184446	181856	181552	157224	146462	137752	151771	136439	123093	111942	89333	69500	90280	82106	82087	58803	82581	35012	43886	188968
TCCAG	3398494	268501	283260	202962	226060	215358	213319	173486	169364	153091	166248	151868	139909	134896	100453	74220	91724	80211	95769	55274	87151	39459	40934	234977
GCCAG	2577168	211724	215895	148296	156964	155699	154944	134071	124190	117282	129993	116373	105604	94731	75909	61771	78580	69885	69646	49933	71801	29442	37934	166501
TACAG	2991137	228143	243646	186167	220484	195568	193888	157010	146578	133713	138813	129163	125014	132001	85426	61265	73342	66033	86476	46995	64610	35014	26981	214807
GACAG	2549702	202148	211763	150083	168924	159613	159205	132363	126807	114457	125676	113064	106516	101894	74339	55376	71171	61641	73116	46165	64816	29589	30594	170382
TTAAG	2858033	208149	240623	187894	238821	200074	196934	143948	143890	125397	125520	121908	118110	140342	82071	52527	57508	46846	87562	23812	52990	35071	16568	211468
GTAAG	1635440	122879	138303	105672	130269	112188	108818	81891	83177	72678	74003	71465	67837	78003	47181	31419	35142	28793	49742	15358	32788	19658	11116	117060
TGAAG	3400656	254270	287370	216771	259725	231006	227714	170616	172437	150636	155130	152906	140363	154505	96849	66208	75113	61637	102660	33770	71495	39614	25806	254055
GGAAG	3354936	264335	284331	202457	229456	216716	215526	169358	169526	150090	164133	151799	138786	136360	97981	71815	87514	74191	97701	45567	83763	38157	35206	230168
TCAAG	2971143	229222	245508	184491	215166	193985	193018	154362	146720	131835	138915	127695	124805	128386	85492	60228	74996	64958	86364	44109	67116	34217	26228	213327
GCAAG	2067539	161057	174182	127795	145420	134258	132109	104626	103449	92885	99544	91850	85707	86665	59427	43446	52678	44302	59581	27452	49589	23700	20149	147668
TAAAG	3587187	259459	301732	238050	298179	251280	246790	180551	180871	157243	155936	154263	147129	174431	103320	64990	70307	58088	110314	29702	64989	43762	20316	275485
GAAAG	3926785	295859	331545	247782	296048	263798	262649	199651	199687	173700	182161	175419	163903	175310	112480	77612	90009	74483	118191	42360	83798	45784	30033	284523
GAAAA	6752953	482103	568268	439739	551881	471045	463794	344316	338272	298280	298353	291105	275479	329221	191339	124593	136132	112060	208703	61193	124698	83097	41177	518105
GAAAC	2949769	218217	244066	183880	219674	195483	194320	153844	148173	131811	135262	132604	123749	131847	84182	58743	70613	59946	87376	38030	63503	35113	25179	214154
GAACA	2787718	203807	234452	176023	214483	190480	187128	138574	141586	123581	127553	122821	113633	126327	81597	53319	61113	48942	84037	28549	58983	33356	22599	214775
GAACC	1544381	120937	126644	92492	103203	97465	98153	79764	75677	69566	74497	68536	64879	61653	45278	33415	42382	37301	43640	26365	38164	17672	18338	108360
GAAGA	3761683	283315	318462	237977	285565	255774	251939	188799	190573	167718	172558	168734	156056	167928	107220	73063	83934	69234	113371	38613	79018	44029	28658	279145
GAAGC	2093534	161174	177764	127954	146301	137201	135147	105699	106985	94193	101716	95396	86284	88233	60508	43929	53150	44361	61884	25377	50748	24658	20716	144156
GAATA	3137036	224595	262217	207202	264761	221138	215146	156499	157947	136729	134063	136920	128965	156597	89058	55693	60501	48669	96982	24873	54977	38752	17362	247390
GAATC	1985907	147652	164333	123288	145678	131595	129620	101811	100607	88188	92821	89814	83431	85454	57829	38909	50206	40029	57917	25139	44260	22676	18736	145914
GACAA	2398986	177901	201380	152214	185081	163084	159839	120264	120924	105776	108697	105425	96949	109417	69928	46372	52626	43069	72239	24876	49936	28260	19437	185292
GACAC	1731942	130579	145128	103836	122593	112569	111778	86652	87786	77037	83231	76768	70418	72666	51026	35201	44237	35464	51344	24480	41508	21311	18412	127918
GACCA	1865251	148823	153517	111113	123123	116891	117294	97127	91645	84127	91095	81850	77325	74465	54190	40489	51166	45911	52454	33423	46923	21357	21556	129387
GACCC	1227857	99199	102812	70276	75113	74002	73335	62935	60704	56425	63065	55760	50210	44845	36860	27760	37782	31331	33764	23439	35026	14601	18123	80490
GACGA	236894	17853	19431	13310	15741	14724	15105	12237	11819	10544	11943	10448	9742	9759	7079	5099	6848	5621	7243	4013	6093	2957	2879	16406
GACGC	189586	14632	15837	9545	11116	10887	11446	9965	9313	8695	10287	8331	7407	7126	5723	4362	6681	5627	5598	4465	5653	2762	3697	10431
GACTA	1453789	109917	120169	94523	112777	98472	97590	73763	72012	64479	64752	62941	60990	66668	41801	28425	31882	27423	42409	17050	28468	17031	10496	109751
GACTC	1590745	126706	132865	94883	106327	100285	99137	81320	79663	71656	79445	70069	65972	64204	46180	34273	44253	38476	45715	27536	40493	18589	18554	104144
TTCTC	4500417	339252	376937	282993	337176	302412	299592	229138	227194	200428	207297	201613	187506	198292	128673	88748	103692	87569	133498	53345	96378	52702	36133	329849
GTCTC	2661043	213835	212917	155406	172545	161917	164087	141708	128978	119824	129304	115900	112868	103753	77037	57733	77501	71677	73039	58656	67364	30733	33386	180875
TGCTC	2248381	177797	192358	135209	153250	144943	142611	113292	113145	101244	110106	101384	93135	93125	65471	47809	58766	49336	65674	29862	57012	25433	25008	152411
GGCTC	2083356	174518	170052	116811	122083	122522	124101	110107	100660	95582	106868	93619	86617	74939	61541	48787	66648	61698	55996	46861	59731	23785	31864	127966
TCCTC	2975070	237736	251828	178254	199288	189410	190460	150801	148972	134235	144681	134026	123473	119064	86535	64095	79907	67611	86179	44946	75352	33054	33673	201490
GCCTC	3065090	255978	242917	170258	178807	176908	181037	169726	146285	140859	155311	137805	129788	110059	88516	71766	99413	95477	81043	78100	85678	34981	47291	187087
TACTC	1740964	132040	144227	110525	133577	116471	115542	89193	86653	77761	77667	76031	72894	79381	49581	33826	39848	34762	51296	22738	35744	20744	13479	126984
TTATC	2585059	186298	215448	171256	215511	180798	176443	130115	130124	112902	111655	114811	105632	127516	73941	46527	51801	41270	79454	21205	47355	31672	14690	198635
GTATC	1314696	95021	110029	85274	104634	90415	88787	65885	65906	58068	58064	57564	53713	61433	37286	25077	27539	22232	39824	12412	25258	15874	8654	105747
TGATC	2130705	165023	173696	130395	152697	137122	136876	111361	105473	94456	100094	92733	89614	90383	60693	43915	54159	47972	61229	34419	47596	24241	20254	156304
GGATC	1366227	108399	111071	81163	90101	84995	85865	71325	67444	61230	66675	60548	57260	53663	39232	29545	38085	34041	37968	24889	34804	15313	15821	96790
TCATC	2528054	189121	211623	155699	187809	169176	165268	127263	128061	112856	118139	114192	105925	112101	71941	50009	63542	47899	75449	28439	55862	29872	21994	185814
GCATC	1493111	112851	127535	90520	105045	98016	95976	74662	75686	66700	72763	66236	60556	63412	43446	31121	38630	30411	44612	18348	37224	17137	15057	107167
TAATC	2523664	190191	206515	161272	198152	168687	167378	131596	123178	111109	112594	107615	105880	117648	72399	47977	58250	51573	74594	35310	49658	30166	19714	182208
GCAAA	3313174	240953	278631	211278	256558	226918	222343	167501	166198	146032	150468	144884	136037	152533	94644	63415	72645	58743	99678	32986	68751	39732	23484	258762
GCAAC	1619128	126016	132492	97792	111087	102540	103063	84470	79243	72060	77667	69046	68179	67356	46616	34281	43872	39138	46513	28241	38871	18453	16576	115556
GCACA	2375124	182094	200048	141169	163565	153839	150907	121365	119818	106468	115949	106934	97901	99533	68635	49848	62907	50782	69962	33132	58912	28062	25311	167983
GCACC	1493869	119581	123578	84304	93031	89896	91239	79314	74045	67771	75844	66525	61454	56605	43500	33802	44661	38981	41541	29256	40705	17727	21097	99412
GCAGA	2909667	228154	244620	174539	200127	187633	185329	148998	146006	130508	141412	131456	120550	120147	84828	61443	76131	64231	84389	41271	71415	33756	31972	200752
GCAGC	2028659	159939	174188	117838	130475	126937	125981	102832	101016	92194	103119	91063	81687	79380	60913	45099	57352	48473	57976	30996	55344	24260	27854	133743
GCATA	1777508	128489	149528	115677	144693	123437	119467	89172	88639	78348	78081	76734	73235	86799	50389	32567	36506	29377	54580	15762	33794	21632	11102	139500
GCCAA	2296760	179068	191574	140691	158641	147996	146523	119118	112955	102828	108839	100767	95513	94281	66049	48524	60302	52418	65254	35441	55292	26376	23427	164883
GCCAC	2214215	178830	180838	126646	135724	133421	133349	117565	106958	101174	110808	96257	91852	83925	64813	50979	67791	63126	60621	48269	60726	25987	31700	142856
GCCCA	2351658	195042	193466	134300	140911	140271	140622	124020	113246	107330	120229	105789	96380	85278	69835	54236	72928	65330	62590	49349	66354	26638	34786	152728
GCCCC	1424385	119255	120245	77419	79348	82904	82600	72840	68539	67206	74129	66902	55535	48891	44531	34300	46708	41162	37727	29617	44276	18181	26729	85341
GCCGA	423809	34980	32679	22669	23951	23640	25207	23694	19186	19727	21176	18253	17586	15070	12169	9996	14517	15109	11085	13049	11624	5201	7465	25776
GCCGC	250746	20121	20835	12218	13865	13905	14641	13833	11863	12137	13624	10957	9845	8493	7939	6164	9290	8457	6925	6630	7585	3474	5272	12673
GCCTA	1343263	104443	111890	85053	97538	88228	87502	68789	66164	60253	61475	61136	57282	56925	38598	27462	32267	27801	38551	16903	29487	14846	11294	99376
TTCGC	223657	17011	18056	12526	14558	13892	14278	12000	10775	10059	11326	9991	9245	9216	6343	5121	6586	5921	6575	4224	5752	2679	2855	14668
GTCGC	186208	15039	14695	9807	11013	10416	11157	10004	8722	8670	9601	7790	7659	7005	5406	4420	6272	6272	5128	5393	5360	2394	3054	10931
TGCGC	260653	21124	20773	13677	14973	14583	15954	14122	12279	12304	13899	11260	10881	9530	7698	6324	8682	8610	7043	7013	7535	3259	4495	14635
GGCGC	418206	34962	31413	21439	22612	22483	24962	23494	18128	20012	20927	17683	17518	14684	12474	10572	14753	16501	10595	14862	11989	5331	8342	22470
TCCGC	348463	28483	27293	18436	20069	19667	20747	19025	15863	16453	17720	14802	14634	12651	10275	8488	11847	12172	9333	10315	9628	4464	6228	19870
TACGC	164721	12140	14062	9797	11823	10423	10685	8559	8130	7416	8049	7234	6696	7183	4732	3544	4442	3642	5030	2404	3699	2078	1785	11168
TTAGC	1983621	151959	163095	125347	148898	131252	130109	103132	97332	88508	91748	85019	83327	88530	56900	39786	47519	42388	58007	28272	41906	23299	16731	140557
GTAGC	1348660	105215	109307	82852	94379	85829	85947	71186	65871	60460	63615	58096	57014	56570	38817	28365	35374	32122	38295	23360	31216	15589	13676	95505
TGAGC	2621808	213839	213717	152328	165586	159221	160532	138923	128716	117849	130454	116429	111283	101309	76318	58873	78550	70213	73053	53477	69756	29456	33809	168117
GGAGC	1680368	136790	143330	96833	104182	102744	102901	85612	83689	76637	85745	78649	67805	63724	50379	37759	48768	42339	46781	26614	48178	19614	23968	107327
TCAGC	2779970	220125	229711	166335	184650	173865	174072	146434	137318	124265	135668	123995	115972	110833	80472	60317	76649	68371	78755	49186	70177	31747	32185	188868
TAAGC	1621802	121271	137061	104428	128266	111806	108577	81036	82215	71786	73260	70995	67968	75610	46487	30940	35568	29119	49348	15504	33276	19223	11041	117017
GGAAA	4424685	328267	374014	279751	336698	300348	298237	223991	223792	197928	204440	197398	184604	199588	126567	87305	99411	81084	134099	43751	93816	52234	33127	324235
GGAAC	1668095	127183	140334	103265	118752	110497	108550	82666	83960	74721	78586	74581	68847	70342	48363	34297	40461	33653	48394	20874	39272	19697	15900	124900
GGACA	2076284	159327	176056	123867	141420	133745	131622	104614	104832	93380	101171	94691	83971	85266	62408	43427	53814	44558	60463	28586	52267	24969	24692	147138
GGACC	1041394	83944	88481	59587	64954	64316	63185	52920	51670	47950	53236	47917	41196	39261	31255	23672	30322	25857	28960	17627	28964	12363	15141	68616
GGAGA	3395976	270156	280889	203920	228320	216217	216406	174207	168831	152840	164542	152543	141449	136710	98556	73429	90900	80433	97017	55166	84275	38611	37930	232629
GGATA	1809709	131724	149364	116901	140774	124543	121603	90898	91694	80336	78784	83612	75862	81568	51681	33878	38913	30538	52838	16915	35523	20839	11844	149077
GGCAA	2294091	178001	191497	142747	162994	150513	147922	116518	113985	101740	108567	101213	95770	96286	65835	47691	57562	49162	66280	30951	53783	25867	21151	168056
GGCAC	1676352	136624	139328	95820	104738	102369	102224	86812	82330	75989	84214	75588	69210	63496	49391	37839	50281	44234	46397	31518	45696	19520	23144	109590
GGCCA	2416477	196757	198920	138095	146387	145372	144183	128916	116333	110747	122067	107884	98983	88855	71335	56177	74444	66187	65858	50159	67281	27717	35075	158745
GGCCC	1314132	110459	111485	72119	73062	76911	75775	67384	62476	62488	68949	61731	50640	44849	40550	31934	43194	37488	35158	26212	40317	16899	25195	78857
GGCGA	318097	25275	25090	16753	18561	18232	19303	17145	15002	14817	16203	13818	13137	11762	9265	7400	10590	10376	8696	8639	9023	3852	5279	19879
GGCTA	1560474	122005	127517	97694	110198	100821	100015	80368	75983	70633	72492	68677	65118	64812	45028	32748	39210	35634	43336	24666	35223	17588	14919	115789
TTCCC	3022090	236126	254341	184745	209501	198403	195387	151369	151231	137092	145384	136473	125346	125169	87633	64023	76457	64432	87946	39000	73818	34381	29997	213836
GTCCC	1498356	121081	124170	85683	93310	90743	90923	76917	73543	68685	75837	68074	60821	55954	45614	33752	44531	38924	41685	27775	41371	18153	22539	98271
TGCCC	2255631	185428	188786	129168	138161	137344	136715	116693	109568	102868	114336	102060	92133	82989	67073	51939	67633	60117	61429	42657	62962	25918	32203	147451
TCCCC	2232772	181915	187159	128967	138519	137972	137346	111838	110429	102296	111460	102188	91824	84499	66565	50329	64938	55844	62282	37074	62070	25986	30175	151097
TACCC	1329593	100902	110949	83988	95763	88334	86257	65806	66158	59157	60913	60314	54865	55977	38362	26733	32031	25867	38340	15856	29971	14907	11311	106832
TTACC	1725230	127899	144751	111672	136255	118122	115380	86712	86886	76350	76959	76071	70937	81544	49988	33101	36968	30207	52517	16949	34740	20337	11523	129362
GTACC	976326	73120	80133	62145	73001	65351	64163	48468	49202	43377	44371	43350	40383	41502	28247	19169	22175	17973	27568	10845	20487	11023	7820	82453
TGACC	1820037	145501	151477	108835	121064	115170	113732	93538	90087	82414	88839	80064	75463	72992	53189	39491	50425	43729	51845	31002	46443	21424	21558	121755
TCACC	2394418	189117	196426	140157	158248	149434	149110	125639	117974	106976	116882	106005	100577	95548	69311	51436	68111	59097	68312	44828	61006	28091	28758	163375
TAACC	1407217	105049	118266	90347	108985	95489	94183	69900	70383	62151	63741	61748	57943	64139	40102	27785	31197	25747	42212	14425	29078	16870	10256	107221
GTAAA	3042892	219109	254335	200756	257273	213860	208436	152833	153338	133751	131862	130750	123597	153462	87502	54830	59116	48975	94515	25765	54853	38097	17348	228529
GTAAC	1285148	94075	106983	82977	102677	88015	86431	65396	64699	56452	57438	55720	52841	61379	36920	24752	27851	22600	39681	12955	25476	15829	8887	95114
GTACA	1729228	124901	144277	111153	135968	117465	115284	87243	86885	76659	77007	74811	70553	81985	49615	33027	37416	30253	52065	18006	34276	20644	12002	137733
GTAGA	2100669	158365	172924	133141	158848	139671	138164	108713	104420	93521	94491	92974	88201	94797	59658	41417	48515	42550	61847	27504	43240	24663	16703	156342
GTATA	2301737	160930	190907	151309	198328	162977	157320	115184	112934	99656	95163	100391	93968	116407	65237	40047	41885	34826	70571	18383	38527	28461	11976	196350
GTCAA	1855397	136301	156326	119651	146095	126851	124561	92609	94129	81759	84327	79798	75953	86571	53138	35641	40543	32868	55846	18524	37730	22429	12972	140775
GTCAC	1589008	124281	132952	95019	108763	101322	99797	81463	79800	71037	77894	69056	65740	66336	46182	33551	44295	35735	46800	26738	40403	19242	18203	104399
GTCCA	1603446	122843	135340	96166	109821	103670	101455	81574	80762	72011	79356	71880	65252	66704	46715	33733	41985	34221	46627	22185	40192	19131	17655	114168
GTCGA	157484	11772	12772	9051	10781	9744	10039	8296	7746	7016	7954	6783	6384	6654	4657	3423	4413	3697	4715	2798	3855	1902	1840	11192
GTCTA	1464556	107404	122327	94502	115088	100245	98970	73096	74177	64710	65506	65633	60950	67080	41882	27828	31287	25234	43807	14302	29120	17120	10006	114282
TTCAC	2951095	218781	244407	184064	221868	196765	194411	152712	148920	131737	134808	131470	122897	133793	83939	58582	69475	58396	88506	37951	63213	35445	25131	213824
TGCAC	2263776	173121	186195	131607	151410	141330	141779	121034	112176	100924	111925	99959	94356	93411	64350	48020	63149	53885	66020	40446	56737	27104	26052	158786
TCCAC	2290821	176981	190828	136316	156049	146055	146082	117678	115057	103370	110696	103126	94007	95233	66600	48239	60989	51845	66413	34554	57142	27486	25619	160456
TACAC	1845385	132009	154107	116810	145918	125938	123424	92654	92790	82159	82355	79760	75575	88157	52943	35057	40655	31984	56509	19428	36729	22687	13456	144281
TTAAC	2227519	160850	186293	146619	187198	155190	152987	113224	111800	97112	97098	96041	91270	111614	63735	40629	44265	35907	69010	18607	40565	28291	12741	166473
TGAAC	2459139	186398	202330	151230	180654	161857	161542	126744	121828	109994	115343	107707	102883	107169	70707	48995	60524	51837	72437	35627	54046	28643	21827	178817
TCAAC	1984586	145202	166045	126375	153474	134674	132680	100009	100558	88318	89482	87336	82761	89812	56170	37724	43438	35234	59201	20178	40825	23538	13999	157553
TAAAC	2698947	193529	225641	177415	225985	188947	185866	137301	135961	117445	117568	115847	110878	134783	77564	48741	53174	43591	83745	22776	49467	34016	15619	203088
TAAAA	8239789	584588	686038	546517	703130	578209	567722	427034	407594	358025	355525	344614	335694	423907	234687	146514	160047	135098	256879	78093	144069	106169	46924	612712
TAACA	3005554	216574	251762	197495	251574	210667	205759	152368	150431	131654	129979	128454	122830	149963	85657	54523	59539	48174	93046	26157	54705	37801	17757	228685
TAAGA	3016297	219724	255414	199172	251656	210496	206288	152295	151943	132874	132242	129294	124158	149182	86915	55705	60022	49219	92765	25475	55585	37437	17841	220595
TAATA	4260743	301252	353328	285952	379848	304840	294799	214667	212195	184472	176994	180270	173475	227640	121731	71676	80307	63480	133706	32969	68437	55349	21658	321698
TACAA	3404967	247296	279708	220461	275349	232488	228400	175458	168904	149571	148410	146022	140881	164010	96758	62732	70750	61172	102417	37751	63185	41638	22335	269271
TACCA	2176463	159869	181336	142315	172212	149784	146205	108737	108861	96748	95918	95433	89595	98661	62810	41017	44935	37235	63876	20537	42446	24656	14209	179068
TACGA	231532	16334	19299	14275	17846	15407	15387	11952	11553	10389	10812	9650	9305	11034	6907	4768	5687	4423	7433	2691	4949	3031	2155	16245
TACTA	2140009	157677	175770	140399	177536	147594	144773	108883	105093	94255	90762	91455	88933	105464	61053	38750	43562	38419	63813	22674	37839	25951	13657	165697
TTCTA	3765012	271694	318625	248599	312326	264767	258207	190740	190137	165443	164298	165123	154405	184721	107629	68354	73975	59981	116702	29880	68212	46408	21690	283096
TGCTA	2216767	165294	186424	144006	175655	152385	148553	110932	111390	98484	98684	96848	91856	103598	63909	41964	47486	38105	67177	20368	44126	25969	15055	168499
TCCTA	2247469	170365	189836	142937	171089	152312	151258	112852	114219	99824	102536	99807	94157	100921	65722	44151	49721	41711	67020	23205	46503	25695	17558	164070
TTATA	4451853	312195	373506	298108	397355	319354	309416	226050	219721	191835	183862	187348	180719	237394	126638	74284	80119	65658	140551	33052	71121	58559	21999	343009
TGATA	2753253	194724	229113	182428	232379	194354	188985	138651	138660	120200	117271	118862	112239	138457	78526	48998	53803	42166	85414	22100	48416	34363	15358	217786
TCATA	2812561	200835	235474	185112	237048	198453	192280	141174	142019	123402	121342	120942	114765	141006	79948	50540	55267	44174	87827	23165	50199	34989	15832	216768
TCAAA	4733099	343115	392576	306205	379786	325618	318971	241916	235931	208571	209266	205285	196765	225126	133945	87582	100682	84081	142172	49873	91211	57227	31924	365271
TCACA	3450154	255319	287237	214332	257314	229170	224371	178929	176055	153409	158163	156250	144307	155025	100505	67958	83748	65388	103555	42854	75732	41708	31411	247414
TCAGA	3353746	252636	284736	212818	252829	226514	222185	168407	169182	148892	154350	153274	137966	149885	98192	66089	76292	61765	100363	34719	72311	39374	28160	242807
TCCAA	2922751	217132	244834	185453	221688	197768	192885	148108	148154	129806	134239	131061	122519	130127	83644	56966	67293	54388	86937	30329	62317	34594	21913	220596
TCCCA	4183397	336498	337793	245068	267036	257154	258175	222620	203562	189393	205308	186464	177237	160804	121134	91718	120879	110765	114408	84329	108185	46994	51716	286157
TCCGA	224841	17511	18433	12587	14651	13850	14349	11595	11098	10267	11447	9885	9107	9337	6730	5073	6894	5548	6748	3831	5891	2960	3007	14042
TTCGA	344827	26313	27173	19796	23309	20910	21797	18399	16276	15015	18540	14363	13962	14326	9853	7096	10819	8713	9848	6899	8554	4222	4340	24304
TGCGA	253926	19148	20836	14273	16467	15563	16107	13580	12739	11586	12707	11393	10494	10434	7329	5601	7522	6514	7418	4915	6594	3192	3299	16215
TTAGA	2867130	208310	243139	189119	238836	202023	197359	144784	144681	125750	125775	123590	117906	141124	82519	52353	57583	46524	89044	23797	52318	35424	16398	208774
TGAGA	4316366	329419	356726	266139	313030	282731	279749	225340	215851	191968	200323	193747	182303	185493	123762	86872	107542	91846	125301	62381	96382	50412	39204	309845
TGAAA	5625688	402304	472519	364458	458187	389077	381847	287500	282830	248957	249416	241607	229714	276547	159529	105109	117526	95961	175097	53451	106285	69409	35907	422451
TGACA	2857964	212503	240341	179939	217966	192182	188298	145107	144754	126088	132105	123360	116478	130205	81708	56729	66941	53716	86531	34567	61545	34365	23635	208901
TGCAA	3215018	237574	266798	199444	241158	213180	210080	166481	160312	142228	149057	138384	132950	145951	91570	63335	77562	64173	95528	42174	70186	38545	26721	241627
TGCCA	2916180	227198	245557	178581	202372	189304	186450	147873	145499	130202	139919	128923	120426	121438	84381	61829	75741	64770	84319	40169	71026	33738	29976	206489
TTCCA	4060056	300515	341531	253821	305661	272887	268641	204023	205141	179391	193937	179876	167254	180726	117021	79678	94754	75374	121217	42204	89459	48449	33928	304568
TTACA	3704846	272176	304123	237711	297955	252429	246941	191320	184026	162813	165717	156575	153078	179241	106306	69863	81452	70379	112250	45307	71478	46200	26490	271016
TTAAA	6664514	471308	560212	447381	579192	472851	465963	343173	331967	287287	286777	275996	270924	349302	190927	117988	125308	103111	211142	53430	114496	86812	34535	484432
TTCAA	4432754	320921	368911	286396	359472	306453	300327	226147	220875	195549	195568	191310	182955	214128	125841	81055	93055	77001	134887	44424	84192	54145	28975	340167
